Ciclo   TrainMSE   TrainMAE   ValidMSE   ValidMAE   TestMSE     TestMAE
----------------------------------------------------------------------- 
0       0.02434    0.10831     0.02310    0.10631
1       0.02376    0.10680     0.02251    0.10493
2       0.02332    0.10580     0.02205    0.10408
3       0.02298    0.10512     0.02171    0.10349
4       0.02273    0.10465     0.02146    0.10309
5       0.02254    0.10433     0.02127    0.10282
6       0.02241    0.10412     0.02114    0.10265
7       0.02230    0.10398     0.02104    0.10253
8       0.02222    0.10389     0.02097    0.10246
9       0.02216    0.10382     0.02092    0.10242
10       0.02211    0.10379     0.02088    0.10239
11       0.02207    0.10377     0.02085    0.10238
12       0.02204    0.10376     0.02083    0.10238
13       0.02202    0.10376     0.02081    0.10238
14       0.02200    0.10376     0.02080    0.10239
15       0.02198    0.10376     0.02079    0.10240
16       0.02197    0.10377     0.02078    0.10241
17       0.02196    0.10377     0.02077    0.10242
18       0.02195    0.10377     0.02077    0.10242
19       0.02194    0.10378     0.02076    0.10243
20       0.02194    0.10378     0.02076    0.10244
21       0.02193    0.10379     0.02076    0.10245
22       0.02193    0.10379     0.02075    0.10245
23       0.02192    0.10380     0.02075    0.10246
24       0.02192    0.10380     0.02075    0.10246
25       0.02191    0.10380     0.02075    0.10247
26       0.02191    0.10381     0.02075    0.10247
27       0.02191    0.10381     0.02075    0.10247
28       0.02191    0.10381     0.02074    0.10248
29       0.02191    0.10382     0.02074    0.10248
30       0.02190    0.10382     0.02074    0.10248
31       0.02190    0.10382     0.02074    0.10249
32       0.02190    0.10382     0.02074    0.10249
33       0.02190    0.10382     0.02074    0.10249
34       0.02190    0.10382     0.02074    0.10249
35       0.02190    0.10383     0.02074    0.10250
36       0.02190    0.10383     0.02074    0.10250
37       0.02189    0.10383     0.02074    0.10250
38       0.02189    0.10383     0.02074    0.10250
39       0.02189    0.10383     0.02074    0.10250
40       0.02189    0.10383     0.02074    0.10250
41       0.02189    0.10383     0.02074    0.10250
42       0.02189    0.10383     0.02074    0.10250
43       0.02189    0.10383     0.02074    0.10250
44       0.02189    0.10383     0.02074    0.10251
45       0.02189    0.10384     0.02074    0.10251
46       0.02189    0.10384     0.02074    0.10251
47       0.02189    0.10384     0.02074    0.10251
48       0.02189    0.10384     0.02074    0.10251
49       0.02189    0.10384     0.02074    0.10251
50       0.02189    0.10384     0.02074    0.10251
51       0.02189    0.10384     0.02074    0.10251
52       0.02189    0.10384     0.02073    0.10251
53       0.02189    0.10384     0.02073    0.10251
54       0.02189    0.10384     0.02073    0.10251
55       0.02189    0.10384     0.02073    0.10251
56       0.02189    0.10384     0.02073    0.10251
57       0.02189    0.10384     0.02073    0.10251
58       0.02189    0.10384     0.02073    0.10251
59       0.02189    0.10384     0.02073    0.10251
60       0.02189    0.10384     0.02073    0.10251
61       0.02188    0.10384     0.02073    0.10251
62       0.02188    0.10384     0.02073    0.10251
63       0.02188    0.10384     0.02073    0.10251
64       0.02188    0.10384     0.02073    0.10251
65       0.02188    0.10384     0.02073    0.10251
66       0.02188    0.10384     0.02073    0.10251
67       0.02188    0.10384     0.02073    0.10251
68       0.02188    0.10384     0.02073    0.10251
69       0.02188    0.10384     0.02073    0.10251
70       0.02188    0.10384     0.02073    0.10252
71       0.02188    0.10384     0.02073    0.10252
72       0.02188    0.10384     0.02073    0.10252
73       0.02188    0.10384     0.02073    0.10252
74       0.02188    0.10384     0.02073    0.10252
75       0.02188    0.10384     0.02073    0.10252
76       0.02188    0.10384     0.02073    0.10252
77       0.02188    0.10384     0.02073    0.10252
78       0.02188    0.10384     0.02073    0.10252
79       0.02188    0.10384     0.02073    0.10252
80       0.02188    0.10384     0.02073    0.10252
81       0.02188    0.10384     0.02073    0.10252
82       0.02188    0.10384     0.02073    0.10252
83       0.02188    0.10384     0.02073    0.10252
84       0.02188    0.10384     0.02073    0.10252
85       0.02188    0.10385     0.02073    0.10252
86       0.02188    0.10385     0.02073    0.10252
87       0.02188    0.10385     0.02073    0.10252
88       0.02188    0.10385     0.02073    0.10252
89       0.02188    0.10385     0.02073    0.10252
90       0.02188    0.10385     0.02073    0.10252
91       0.02188    0.10385     0.02073    0.10252
92       0.02188    0.10385     0.02073    0.10252
93       0.02188    0.10385     0.02073    0.10252
94       0.02188    0.10385     0.02073    0.10252
95       0.02188    0.10385     0.02073    0.10252
96       0.02188    0.10385     0.02073    0.10252
97       0.02188    0.10385     0.02073    0.10252
98       0.02188    0.10385     0.02073    0.10252
99       0.02188    0.10385     0.02073    0.10252
100       0.02188    0.10385     0.02073    0.10252
101       0.02188    0.10385     0.02073    0.10252
102       0.02188    0.10385     0.02073    0.10252
103       0.02188    0.10385     0.02073    0.10252
104       0.02188    0.10385     0.02073    0.10252
105       0.02188    0.10385     0.02073    0.10252
106       0.02188    0.10385     0.02073    0.10252
107       0.02188    0.10385     0.02073    0.10252
108       0.02188    0.10385     0.02073    0.10252
109       0.02188    0.10385     0.02073    0.10252
110       0.02188    0.10385     0.02073    0.10252
111       0.02188    0.10385     0.02073    0.10252
112       0.02188    0.10385     0.02073    0.10252
113       0.02188    0.10385     0.02073    0.10252
114       0.02188    0.10385     0.02073    0.10252
115       0.02188    0.10385     0.02073    0.10252
116       0.02188    0.10385     0.02073    0.10252
117       0.02188    0.10385     0.02073    0.10252
118       0.02188    0.10385     0.02073    0.10252
119       0.02188    0.10385     0.02073    0.10252
120       0.02188    0.10385     0.02073    0.10252
121       0.02188    0.10385     0.02073    0.10252
122       0.02188    0.10385     0.02073    0.10252
123       0.02188    0.10385     0.02073    0.10252
124       0.02188    0.10385     0.02073    0.10252
125       0.02188    0.10385     0.02073    0.10252
126       0.02188    0.10385     0.02073    0.10252
127       0.02188    0.10385     0.02073    0.10252
128       0.02188    0.10385     0.02073    0.10252
129       0.02188    0.10385     0.02073    0.10252
130       0.02188    0.10385     0.02073    0.10252
131       0.02188    0.10385     0.02073    0.10252
132       0.02188    0.10385     0.02073    0.10252
133       0.02188    0.10385     0.02073    0.10252
134       0.02188    0.10385     0.02073    0.10252
135       0.02188    0.10385     0.02073    0.10252
136       0.02188    0.10385     0.02073    0.10252
137       0.02188    0.10385     0.02073    0.10252
138       0.02188    0.10385     0.02073    0.10252
139       0.02188    0.10385     0.02073    0.10252
140       0.02188    0.10385     0.02073    0.10252
141       0.02188    0.10385     0.02073    0.10252
142       0.02188    0.10385     0.02073    0.10252
143       0.02188    0.10385     0.02073    0.10252
144       0.02188    0.10385     0.02073    0.10252
145       0.02188    0.10385     0.02073    0.10252
146       0.02188    0.10385     0.02073    0.10252
147       0.02188    0.10385     0.02073    0.10252
148       0.02188    0.10385     0.02073    0.10252
149       0.02188    0.10385     0.02073    0.10252
150       0.02188    0.10385     0.02073    0.10252
151       0.02188    0.10385     0.02073    0.10252
152       0.02188    0.10385     0.02073    0.10252
153       0.02188    0.10385     0.02073    0.10252
154       0.02188    0.10385     0.02073    0.10252
155       0.02188    0.10385     0.02073    0.10252
156       0.02188    0.10385     0.02073    0.10252
157       0.02188    0.10385     0.02073    0.10252
158       0.02188    0.10385     0.02073    0.10252
159       0.02188    0.10385     0.02073    0.10252
160       0.02188    0.10385     0.02073    0.10252
161       0.02188    0.10385     0.02073    0.10252
162       0.02188    0.10385     0.02073    0.10252
163       0.02188    0.10385     0.02073    0.10252
164       0.02188    0.10385     0.02073    0.10252
165       0.02188    0.10385     0.02073    0.10252
166       0.02188    0.10385     0.02073    0.10252
167       0.02188    0.10385     0.02073    0.10252
168       0.02188    0.10385     0.02073    0.10252
169       0.02188    0.10385     0.02073    0.10252
170       0.02188    0.10385     0.02073    0.10252
171       0.02188    0.10385     0.02073    0.10252
172       0.02188    0.10385     0.02073    0.10252
173       0.02188    0.10385     0.02073    0.10252
174       0.02188    0.10385     0.02073    0.10252
175       0.02188    0.10385     0.02073    0.10252
176       0.02188    0.10385     0.02073    0.10252
177       0.02188    0.10385     0.02073    0.10252
178       0.02188    0.10385     0.02073    0.10252
179       0.02188    0.10385     0.02073    0.10252
180       0.02188    0.10385     0.02073    0.10252
181       0.02188    0.10385     0.02073    0.10252
182       0.02188    0.10385     0.02073    0.10252
183       0.02188    0.10385     0.02073    0.10252
184       0.02188    0.10385     0.02073    0.10252
185       0.02188    0.10385     0.02073    0.10252
186       0.02188    0.10385     0.02073    0.10252
187       0.02188    0.10385     0.02073    0.10252
188       0.02188    0.10385     0.02073    0.10252
189       0.02188    0.10385     0.02073    0.10252
190       0.02188    0.10385     0.02073    0.10252
191       0.02188    0.10385     0.02073    0.10252
192       0.02188    0.10385     0.02073    0.10252
193       0.02188    0.10385     0.02073    0.10252
194       0.02188    0.10385     0.02073    0.10252
195       0.02188    0.10385     0.02073    0.10252
196       0.02188    0.10385     0.02073    0.10252
197       0.02188    0.10385     0.02073    0.10252
198       0.02188    0.10385     0.02073    0.10252
199       0.02188    0.10385     0.02073    0.10252
200       0.02188    0.10385     0.02073    0.10252
201       0.02188    0.10385     0.02073    0.10252
202       0.02188    0.10385     0.02073    0.10252
203       0.02188    0.10385     0.02073    0.10252
204       0.02188    0.10385     0.02073    0.10252
205       0.02188    0.10385     0.02073    0.10252
206       0.02188    0.10385     0.02073    0.10252
207       0.02188    0.10385     0.02073    0.10252
208       0.02188    0.10385     0.02073    0.10252
209       0.02188    0.10385     0.02073    0.10252
210       0.02188    0.10385     0.02073    0.10252
211       0.02188    0.10385     0.02073    0.10252
212       0.02188    0.10385     0.02073    0.10252
213       0.02188    0.10385     0.02073    0.10252
214       0.02188    0.10385     0.02073    0.10252
215       0.02188    0.10385     0.02073    0.10252
216       0.02188    0.10385     0.02073    0.10252
217       0.02188    0.10385     0.02073    0.10252
218       0.02188    0.10385     0.02073    0.10252
219       0.02188    0.10385     0.02073    0.10252
220       0.02188    0.10385     0.02073    0.10252
221       0.02188    0.10385     0.02073    0.10252
222       0.02188    0.10385     0.02073    0.10252
223       0.02188    0.10385     0.02073    0.10252
224       0.02188    0.10385     0.02073    0.10252
225       0.02188    0.10385     0.02073    0.10252
226       0.02188    0.10385     0.02073    0.10252
227       0.02188    0.10385     0.02073    0.10252
228       0.02188    0.10385     0.02073    0.10252
229       0.02188    0.10385     0.02073    0.10252
230       0.02188    0.10385     0.02073    0.10252
231       0.02188    0.10385     0.02073    0.10252
232       0.02188    0.10385     0.02073    0.10252
233       0.02188    0.10385     0.02073    0.10252
234       0.02188    0.10385     0.02073    0.10252
235       0.02188    0.10385     0.02073    0.10252
236       0.02188    0.10385     0.02073    0.10252
237       0.02188    0.10385     0.02073    0.10252
238       0.02188    0.10385     0.02073    0.10252
239       0.02188    0.10385     0.02073    0.10252
240       0.02188    0.10385     0.02073    0.10252
241       0.02188    0.10385     0.02073    0.10252
242       0.02188    0.10385     0.02073    0.10252
243       0.02188    0.10385     0.02073    0.10252
244       0.02188    0.10385     0.02073    0.10252
245       0.02188    0.10385     0.02073    0.10252
246       0.02188    0.10385     0.02073    0.10252
247       0.02188    0.10385     0.02073    0.10252
248       0.02188    0.10385     0.02073    0.10252
249       0.02188    0.10385     0.02073    0.10252
250       0.02188    0.10385     0.02073    0.10252
251       0.02188    0.10385     0.02073    0.10252
252       0.02188    0.10385     0.02073    0.10252
253       0.02188    0.10385     0.02073    0.10252
254       0.02188    0.10385     0.02073    0.10252
255       0.02188    0.10385     0.02073    0.10252
256       0.02188    0.10385     0.02073    0.10252
257       0.02188    0.10385     0.02073    0.10252
258       0.02188    0.10385     0.02073    0.10252
259       0.02188    0.10385     0.02073    0.10252
260       0.02188    0.10385     0.02073    0.10252
261       0.02188    0.10385     0.02073    0.10252
262       0.02188    0.10385     0.02073    0.10252
263       0.02188    0.10385     0.02073    0.10252
264       0.02188    0.10385     0.02073    0.10252
265       0.02188    0.10385     0.02073    0.10252
266       0.02188    0.10385     0.02073    0.10252
267       0.02188    0.10385     0.02073    0.10252
268       0.02188    0.10385     0.02073    0.10252
269       0.02188    0.10385     0.02073    0.10252
270       0.02188    0.10385     0.02073    0.10252
271       0.02188    0.10385     0.02073    0.10252
272       0.02188    0.10385     0.02073    0.10252
273       0.02188    0.10385     0.02073    0.10252
274       0.02188    0.10385     0.02073    0.10252
275       0.02188    0.10385     0.02073    0.10252
276       0.02188    0.10385     0.02073    0.10252
277       0.02188    0.10385     0.02073    0.10252
278       0.02188    0.10385     0.02073    0.10252
279       0.02188    0.10385     0.02073    0.10252
280       0.02188    0.10385     0.02073    0.10252
281       0.02188    0.10385     0.02073    0.10252
282       0.02188    0.10385     0.02073    0.10252
283       0.02188    0.10385     0.02073    0.10252
284       0.02188    0.10385     0.02073    0.10252
285       0.02188    0.10385     0.02073    0.10252
286       0.02188    0.10385     0.02073    0.10252
287       0.02188    0.10385     0.02073    0.10252
288       0.02188    0.10385     0.02073    0.10252
289       0.02188    0.10385     0.02073    0.10252
290       0.02188    0.10385     0.02073    0.10252
291       0.02188    0.10385     0.02073    0.10252
292       0.02188    0.10385     0.02073    0.10252
293       0.02188    0.10385     0.02073    0.10252
294       0.02188    0.10385     0.02073    0.10252
295       0.02188    0.10385     0.02073    0.10252
296       0.02188    0.10385     0.02073    0.10252
297       0.02188    0.10385     0.02073    0.10252
298       0.02188    0.10385     0.02073    0.10252
299       0.02188    0.10385     0.02073    0.10252
300       0.02188    0.10385     0.02073    0.10252
301       0.02188    0.10385     0.02073    0.10252
302       0.02188    0.10385     0.02073    0.10252
303       0.02188    0.10385     0.02073    0.10252
304       0.02188    0.10385     0.02073    0.10252
305       0.02188    0.10385     0.02073    0.10252
306       0.02188    0.10385     0.02073    0.10252
307       0.02188    0.10385     0.02073    0.10252
308       0.02188    0.10385     0.02073    0.10252
309       0.02188    0.10385     0.02073    0.10252
310       0.02188    0.10385     0.02073    0.10252
311       0.02188    0.10385     0.02073    0.10252
312       0.02188    0.10385     0.02073    0.10252
313       0.02188    0.10385     0.02073    0.10252
314       0.02188    0.10385     0.02073    0.10252
315       0.02188    0.10385     0.02073    0.10252
316       0.02188    0.10385     0.02073    0.10252
317       0.02188    0.10385     0.02073    0.10252
318       0.02188    0.10385     0.02073    0.10252
319       0.02188    0.10385     0.02073    0.10252
320       0.02188    0.10385     0.02073    0.10252
321       0.02188    0.10385     0.02073    0.10252
322       0.02188    0.10385     0.02073    0.10252
323       0.02188    0.10385     0.02073    0.10252
324       0.02188    0.10385     0.02073    0.10252
325       0.02188    0.10385     0.02073    0.10252
326       0.02188    0.10385     0.02073    0.10252
327       0.02188    0.10385     0.02073    0.10252
328       0.02188    0.10385     0.02073    0.10252
329       0.02188    0.10385     0.02073    0.10252
330       0.02188    0.10385     0.02073    0.10252
331       0.02188    0.10385     0.02073    0.10252
332       0.02188    0.10385     0.02073    0.10252
333       0.02188    0.10385     0.02073    0.10252
334       0.02188    0.10385     0.02073    0.10252
335       0.02188    0.10385     0.02073    0.10252
336       0.02188    0.10385     0.02073    0.10252
337       0.02188    0.10385     0.02073    0.10252
338       0.02188    0.10385     0.02073    0.10252
339       0.02188    0.10385     0.02073    0.10252
340       0.02188    0.10385     0.02073    0.10252
341       0.02188    0.10385     0.02073    0.10252
342       0.02188    0.10385     0.02073    0.10252
343       0.02188    0.10385     0.02073    0.10252
344       0.02188    0.10385     0.02073    0.10252
345       0.02188    0.10385     0.02073    0.10252
346       0.02188    0.10385     0.02073    0.10252
347       0.02188    0.10385     0.02073    0.10252
348       0.02188    0.10385     0.02073    0.10252
349       0.02188    0.10385     0.02073    0.10252
350       0.02188    0.10385     0.02073    0.10252
351       0.02188    0.10385     0.02073    0.10252
352       0.02188    0.10385     0.02073    0.10252
353       0.02188    0.10385     0.02073    0.10252
354       0.02188    0.10385     0.02073    0.10252
355       0.02188    0.10385     0.02073    0.10252
356       0.02188    0.10385     0.02073    0.10252
357       0.02188    0.10385     0.02073    0.10252
358       0.02188    0.10385     0.02073    0.10252
359       0.02188    0.10385     0.02073    0.10252
360       0.02188    0.10385     0.02073    0.10252
361       0.02188    0.10385     0.02073    0.10252
362       0.02188    0.10385     0.02073    0.10252
363       0.02188    0.10385     0.02073    0.10252
364       0.02188    0.10385     0.02073    0.10252
365       0.02188    0.10385     0.02073    0.10252
366       0.02188    0.10385     0.02073    0.10252
367       0.02188    0.10385     0.02073    0.10252
368       0.02188    0.10385     0.02073    0.10252
369       0.02188    0.10385     0.02073    0.10252
370       0.02188    0.10385     0.02073    0.10252
371       0.02188    0.10385     0.02073    0.10252
372       0.02188    0.10385     0.02073    0.10252
373       0.02188    0.10385     0.02073    0.10252
374       0.02188    0.10385     0.02073    0.10252
375       0.02188    0.10385     0.02073    0.10252
376       0.02188    0.10385     0.02073    0.10252
377       0.02188    0.10385     0.02073    0.10252
378       0.02188    0.10385     0.02073    0.10252
379       0.02188    0.10385     0.02073    0.10252
380       0.02188    0.10385     0.02073    0.10252
381       0.02188    0.10385     0.02073    0.10252
382       0.02188    0.10385     0.02073    0.10252
383       0.02188    0.10385     0.02073    0.10252
384       0.02188    0.10385     0.02073    0.10252
385       0.02188    0.10385     0.02073    0.10252
386       0.02188    0.10385     0.02073    0.10252
387       0.02188    0.10385     0.02073    0.10252
388       0.02188    0.10385     0.02073    0.10252
389       0.02188    0.10385     0.02073    0.10252
390       0.02188    0.10385     0.02073    0.10252
391       0.02188    0.10385     0.02073    0.10252
392       0.02188    0.10385     0.02073    0.10252
393       0.02188    0.10385     0.02073    0.10252
394       0.02188    0.10385     0.02073    0.10252
395       0.02188    0.10385     0.02073    0.10252
396       0.02188    0.10385     0.02073    0.10252
397       0.02188    0.10385     0.02073    0.10252
398       0.02188    0.10385     0.02073    0.10252
399       0.02188    0.10385     0.02073    0.10252
400       0.02188    0.10385     0.02073    0.10252
401       0.02188    0.10385     0.02073    0.10252
402       0.02188    0.10385     0.02073    0.10252
403       0.02188    0.10385     0.02073    0.10252
404       0.02188    0.10385     0.02073    0.10252
405       0.02188    0.10385     0.02073    0.10252
406       0.02188    0.10385     0.02073    0.10252
407       0.02188    0.10385     0.02073    0.10252
408       0.02188    0.10385     0.02073    0.10252
409       0.02188    0.10385     0.02073    0.10252
410       0.02188    0.10385     0.02073    0.10252
411       0.02188    0.10385     0.02073    0.10252
412       0.02188    0.10385     0.02073    0.10252
413       0.02188    0.10385     0.02073    0.10252
414       0.02188    0.10385     0.02073    0.10252
415       0.02188    0.10385     0.02073    0.10252
416       0.02188    0.10385     0.02073    0.10252
417       0.02188    0.10385     0.02073    0.10252
418       0.02188    0.10385     0.02073    0.10252
419       0.02188    0.10385     0.02073    0.10252
420       0.02188    0.10385     0.02073    0.10252
421       0.02188    0.10385     0.02073    0.10252
422       0.02188    0.10385     0.02073    0.10252
423       0.02188    0.10385     0.02073    0.10252
424       0.02188    0.10385     0.02073    0.10252
425       0.02188    0.10385     0.02073    0.10252
426       0.02188    0.10385     0.02073    0.10252
427       0.02188    0.10385     0.02073    0.10252
428       0.02188    0.10385     0.02073    0.10252
429       0.02188    0.10385     0.02073    0.10252
430       0.02188    0.10385     0.02073    0.10252
431       0.02188    0.10385     0.02073    0.10252
432       0.02188    0.10385     0.02073    0.10252
433       0.02188    0.10385     0.02073    0.10252
434       0.02188    0.10385     0.02073    0.10252
435       0.02188    0.10385     0.02073    0.10252
436       0.02188    0.10385     0.02073    0.10252
437       0.02188    0.10385     0.02073    0.10252
438       0.02188    0.10385     0.02073    0.10252
439       0.02188    0.10385     0.02073    0.10252
440       0.02188    0.10385     0.02073    0.10252
441       0.02188    0.10385     0.02073    0.10252
442       0.02188    0.10385     0.02073    0.10252
443       0.02188    0.10385     0.02073    0.10252
444       0.02188    0.10385     0.02073    0.10252
445       0.02188    0.10385     0.02073    0.10252
446       0.02188    0.10385     0.02073    0.10252
447       0.02188    0.10385     0.02073    0.10252
448       0.02188    0.10385     0.02073    0.10252
449       0.02188    0.10385     0.02073    0.10252
450       0.02188    0.10385     0.02073    0.10252
451       0.02188    0.10385     0.02073    0.10252
452       0.02188    0.10385     0.02073    0.10252
453       0.02188    0.10385     0.02073    0.10252
454       0.02188    0.10385     0.02073    0.10252
455       0.02188    0.10385     0.02073    0.10252
456       0.02188    0.10385     0.02073    0.10252
457       0.02188    0.10385     0.02073    0.10252
458       0.02188    0.10385     0.02073    0.10252
459       0.02188    0.10385     0.02073    0.10252
460       0.02188    0.10385     0.02073    0.10252
461       0.02188    0.10385     0.02073    0.10252
462       0.02188    0.10385     0.02073    0.10252
463       0.02188    0.10385     0.02073    0.10252
464       0.02188    0.10385     0.02073    0.10252
465       0.02188    0.10385     0.02073    0.10252
466       0.02188    0.10385     0.02073    0.10252
467       0.02188    0.10385     0.02073    0.10252
468       0.02188    0.10385     0.02073    0.10252
469       0.02188    0.10385     0.02073    0.10252
470       0.02188    0.10385     0.02073    0.10252
471       0.02188    0.10385     0.02073    0.10252
472       0.02188    0.10385     0.02073    0.10252
473       0.02188    0.10385     0.02073    0.10252
474       0.02188    0.10385     0.02073    0.10252
475       0.02188    0.10385     0.02073    0.10252
476       0.02188    0.10385     0.02073    0.10252
477       0.02188    0.10385     0.02073    0.10252
478       0.02188    0.10385     0.02073    0.10252
479       0.02188    0.10385     0.02073    0.10252
480       0.02188    0.10385     0.02073    0.10252
481       0.02188    0.10385     0.02073    0.10252
482       0.02188    0.10385     0.02073    0.10252
483       0.02188    0.10385     0.02073    0.10252
484       0.02188    0.10385     0.02073    0.10252
485       0.02188    0.10385     0.02073    0.10252
486       0.02188    0.10385     0.02073    0.10252
487       0.02188    0.10385     0.02073    0.10252
488       0.02188    0.10385     0.02073    0.10252
489       0.02188    0.10385     0.02073    0.10252
490       0.02188    0.10385     0.02073    0.10252
491       0.02188    0.10385     0.02073    0.10252
492       0.02188    0.10385     0.02073    0.10252
493       0.02188    0.10385     0.02073    0.10252
494       0.02188    0.10385     0.02073    0.10252
495       0.02188    0.10385     0.02073    0.10252
496       0.02188    0.10385     0.02073    0.10252
497       0.02188    0.10385     0.02073    0.10252
498       0.02188    0.10385     0.02073    0.10252
499       0.02188    0.10385     0.02073    0.10252
500       0.02188    0.10385     0.02073    0.10252
501       0.02188    0.10385     0.02073    0.10252
502       0.02188    0.10385     0.02073    0.10252
503       0.02188    0.10385     0.02073    0.10252
504       0.02188    0.10385     0.02073    0.10252
505       0.02188    0.10385     0.02073    0.10252
506       0.02188    0.10385     0.02073    0.10252    0.02281    0.10383