Ciclo   TrainMSE   TrainMAE   ValidMSE   ValidMAE   TestMSE     TestMAE
----------------------------------------------------------------------- 
0       0.02469    0.11031     0.02348    0.10832
1       0.02437    0.10956     0.02314    0.10756
2       0.02411    0.10888     0.02286    0.10686
3       0.02387    0.10827     0.02262    0.10623
4       0.02366    0.10771     0.02240    0.10566
5       0.02347    0.10722     0.02221    0.10517
6       0.02330    0.10677     0.02203    0.10474
7       0.02315    0.10638     0.02188    0.10436
8       0.02302    0.10603     0.02174    0.10403
9       0.02289    0.10572     0.02161    0.10376
10       0.02278    0.10545     0.02150    0.10351
11       0.02269    0.10520     0.02140    0.10330
12       0.02260    0.10498     0.02130    0.10312
13       0.02251    0.10479     0.02122    0.10296
14       0.02244    0.10462     0.02115    0.10282
15       0.02238    0.10446     0.02108    0.10269
16       0.02232    0.10433     0.02102    0.10258
17       0.02226    0.10420     0.02097    0.10248
18       0.02221    0.10409     0.02092    0.10239
19       0.02217    0.10399     0.02088    0.10231
20       0.02213    0.10390     0.02084    0.10225
21       0.02209    0.10382     0.02081    0.10219
22       0.02206    0.10375     0.02078    0.10214
23       0.02203    0.10369     0.02075    0.10210
24       0.02200    0.10364     0.02072    0.10206
25       0.02198    0.10359     0.02070    0.10203
26       0.02196    0.10355     0.02068    0.10201
27       0.02194    0.10352     0.02066    0.10198
28       0.02192    0.10348     0.02064    0.10197
29       0.02190    0.10346     0.02063    0.10195
30       0.02189    0.10343     0.02062    0.10194
31       0.02187    0.10341     0.02060    0.10192
32       0.02186    0.10339     0.02059    0.10192
33       0.02185    0.10338     0.02058    0.10191
34       0.02184    0.10337     0.02057    0.10191
35       0.02182    0.10335     0.02057    0.10190
36       0.02182    0.10334     0.02056    0.10190
37       0.02181    0.10334     0.02055    0.10190
38       0.02180    0.10333     0.02055    0.10190
39       0.02179    0.10332     0.02054    0.10190
40       0.02179    0.10332     0.02054    0.10190
41       0.02178    0.10331     0.02053    0.10190
42       0.02177    0.10331     0.02053    0.10191
43       0.02177    0.10331     0.02053    0.10191
44       0.02176    0.10331     0.02052    0.10191
45       0.02176    0.10331     0.02052    0.10192
46       0.02175    0.10330     0.02052    0.10192
47       0.02175    0.10330     0.02052    0.10192
48       0.02175    0.10330     0.02051    0.10193
49       0.02174    0.10330     0.02051    0.10193
50       0.02174    0.10331     0.02051    0.10194
51       0.02174    0.10331     0.02051    0.10194
52       0.02173    0.10331     0.02051    0.10194
53       0.02173    0.10331     0.02051    0.10195
54       0.02173    0.10331     0.02050    0.10195
55       0.02173    0.10331     0.02050    0.10196
56       0.02172    0.10331     0.02050    0.10196
57       0.02172    0.10331     0.02050    0.10197
58       0.02172    0.10332     0.02050    0.10197
59       0.02172    0.10332     0.02050    0.10197
60       0.02172    0.10332     0.02050    0.10198
61       0.02172    0.10332     0.02050    0.10198
62       0.02171    0.10332     0.02050    0.10198
63       0.02171    0.10333     0.02050    0.10199
64       0.02171    0.10333     0.02050    0.10199
65       0.02171    0.10333     0.02050    0.10199
66       0.02171    0.10333     0.02050    0.10200
67       0.02171    0.10333     0.02050    0.10200
68       0.02171    0.10334     0.02050    0.10200
69       0.02171    0.10334     0.02050    0.10201
70       0.02170    0.10334     0.02050    0.10201
71       0.02170    0.10334     0.02050    0.10201
72       0.02170    0.10334     0.02050    0.10202
73       0.02170    0.10335     0.02050    0.10202
74       0.02170    0.10335     0.02050    0.10202
75       0.02170    0.10335     0.02050    0.10202
76       0.02170    0.10335     0.02050    0.10203
77       0.02170    0.10335     0.02050    0.10203
78       0.02170    0.10336     0.02050    0.10203
79       0.02170    0.10336     0.02050    0.10203
80       0.02170    0.10336     0.02050    0.10204
81       0.02170    0.10336     0.02050    0.10204
82       0.02170    0.10336     0.02050    0.10204
83       0.02170    0.10337     0.02050    0.10204
84       0.02170    0.10337     0.02050    0.10205
85       0.02170    0.10337     0.02050    0.10205
86       0.02169    0.10337     0.02050    0.10205
87       0.02169    0.10337     0.02050    0.10205
88       0.02169    0.10337     0.02050    0.10206
89       0.02169    0.10338     0.02050    0.10206
90       0.02169    0.10338     0.02050    0.10206
91       0.02169    0.10338     0.02050    0.10206
92       0.02169    0.10338     0.02050    0.10206
93       0.02169    0.10338     0.02050    0.10206
94       0.02169    0.10338     0.02050    0.10207
95       0.02169    0.10338     0.02050    0.10207
96       0.02169    0.10339     0.02050    0.10207
97       0.02169    0.10339     0.02050    0.10207
98       0.02169    0.10339     0.02050    0.10207
99       0.02169    0.10339     0.02050    0.10207
100       0.02169    0.10339     0.02050    0.10208
101       0.02169    0.10339     0.02050    0.10208
102       0.02169    0.10339     0.02050    0.10208
103       0.02169    0.10340     0.02050    0.10208
104       0.02169    0.10340     0.02050    0.10208
105       0.02169    0.10340     0.02050    0.10208
106       0.02169    0.10340     0.02050    0.10208
107       0.02169    0.10340     0.02050    0.10209
108       0.02169    0.10340     0.02050    0.10209
109       0.02169    0.10340     0.02050    0.10209
110       0.02169    0.10340     0.02050    0.10209
111       0.02169    0.10340     0.02050    0.10209
112       0.02169    0.10340     0.02050    0.10209
113       0.02169    0.10341     0.02050    0.10209
114       0.02169    0.10341     0.02050    0.10209
115       0.02169    0.10341     0.02050    0.10209
116       0.02169    0.10341     0.02050    0.10210
117       0.02169    0.10341     0.02050    0.10210
118       0.02169    0.10341     0.02050    0.10210
119       0.02169    0.10341     0.02050    0.10210
120       0.02169    0.10341     0.02050    0.10210
121       0.02169    0.10341     0.02050    0.10210
122       0.02169    0.10341     0.02050    0.10210
123       0.02169    0.10341     0.02050    0.10210
124       0.02169    0.10342     0.02050    0.10210
125       0.02169    0.10342     0.02050    0.10210
126       0.02169    0.10342     0.02050    0.10211
127       0.02169    0.10342     0.02050    0.10211
128       0.02169    0.10342     0.02050    0.10211
129       0.02169    0.10342     0.02050    0.10211
130       0.02169    0.10342     0.02050    0.10211
131       0.02169    0.10342     0.02050    0.10211
132       0.02169    0.10342     0.02050    0.10211
133       0.02169    0.10342     0.02051    0.10211
134       0.02169    0.10342     0.02051    0.10211
135       0.02169    0.10342     0.02051    0.10211
136       0.02169    0.10342     0.02051    0.10211
137       0.02169    0.10343     0.02051    0.10211
138       0.02169    0.10343     0.02051    0.10211
139       0.02169    0.10343     0.02051    0.10211
140       0.02169    0.10343     0.02051    0.10212
141       0.02169    0.10343     0.02051    0.10212
142       0.02169    0.10343     0.02051    0.10212
143       0.02169    0.10343     0.02051    0.10212
144       0.02169    0.10343     0.02051    0.10212
145       0.02169    0.10343     0.02051    0.10212
146       0.02169    0.10343     0.02051    0.10212
147       0.02169    0.10343     0.02051    0.10212
148       0.02169    0.10343     0.02051    0.10212
149       0.02169    0.10343     0.02051    0.10212
150       0.02169    0.10343     0.02051    0.10212
151       0.02169    0.10343     0.02051    0.10212
152       0.02169    0.10343     0.02051    0.10212
153       0.02169    0.10343     0.02051    0.10212
154       0.02169    0.10344     0.02051    0.10212
155       0.02169    0.10344     0.02051    0.10212
156       0.02169    0.10344     0.02051    0.10212
157       0.02169    0.10344     0.02051    0.10212
158       0.02169    0.10344     0.02051    0.10213
159       0.02169    0.10344     0.02051    0.10213
160       0.02169    0.10344     0.02051    0.10213
161       0.02169    0.10344     0.02051    0.10213
162       0.02169    0.10344     0.02051    0.10213
163       0.02169    0.10344     0.02051    0.10213
164       0.02169    0.10344     0.02051    0.10213
165       0.02169    0.10344     0.02051    0.10213
166       0.02169    0.10344     0.02051    0.10213
167       0.02169    0.10344     0.02051    0.10213
168       0.02169    0.10344     0.02051    0.10213
169       0.02169    0.10344     0.02051    0.10213
170       0.02169    0.10344     0.02051    0.10213
171       0.02169    0.10344     0.02051    0.10213
172       0.02169    0.10344     0.02051    0.10213
173       0.02169    0.10344     0.02051    0.10213
174       0.02169    0.10344     0.02051    0.10213
175       0.02169    0.10345     0.02051    0.10213
176       0.02169    0.10345     0.02051    0.10213
177       0.02169    0.10345     0.02051    0.10213
178       0.02169    0.10345     0.02051    0.10213
179       0.02169    0.10345     0.02051    0.10213
180       0.02169    0.10345     0.02051    0.10213
181       0.02169    0.10345     0.02051    0.10213
182       0.02169    0.10345     0.02051    0.10213
183       0.02169    0.10345     0.02051    0.10213
184       0.02169    0.10345     0.02051    0.10214
185       0.02169    0.10345     0.02051    0.10214
186       0.02169    0.10345     0.02051    0.10214
187       0.02169    0.10345     0.02051    0.10214
188       0.02169    0.10345     0.02051    0.10214
189       0.02169    0.10345     0.02051    0.10214
190       0.02169    0.10345     0.02051    0.10214
191       0.02169    0.10345     0.02051    0.10214
192       0.02169    0.10345     0.02051    0.10214
193       0.02169    0.10345     0.02051    0.10214
194       0.02169    0.10345     0.02051    0.10214
195       0.02169    0.10345     0.02051    0.10214
196       0.02169    0.10345     0.02051    0.10214
197       0.02169    0.10345     0.02051    0.10214
198       0.02169    0.10345     0.02051    0.10214
199       0.02169    0.10345     0.02051    0.10214
200       0.02169    0.10345     0.02051    0.10214
201       0.02169    0.10345     0.02051    0.10214
202       0.02169    0.10345     0.02051    0.10214
203       0.02169    0.10345     0.02051    0.10214
204       0.02169    0.10345     0.02051    0.10214
205       0.02169    0.10345     0.02051    0.10214
206       0.02169    0.10345     0.02051    0.10214
207       0.02169    0.10346     0.02051    0.10214
208       0.02169    0.10346     0.02051    0.10214
209       0.02169    0.10346     0.02051    0.10214
210       0.02169    0.10346     0.02051    0.10214
211       0.02169    0.10346     0.02051    0.10214
212       0.02169    0.10346     0.02051    0.10214
213       0.02169    0.10346     0.02051    0.10214
214       0.02169    0.10346     0.02051    0.10214
215       0.02169    0.10346     0.02051    0.10214
216       0.02169    0.10346     0.02051    0.10214
217       0.02169    0.10346     0.02051    0.10214
218       0.02169    0.10346     0.02051    0.10214
219       0.02169    0.10346     0.02051    0.10214
220       0.02169    0.10346     0.02051    0.10214
221       0.02169    0.10346     0.02051    0.10214
222       0.02169    0.10346     0.02051    0.10214
223       0.02169    0.10346     0.02051    0.10214
224       0.02169    0.10346     0.02051    0.10214
225       0.02169    0.10346     0.02051    0.10214
226       0.02169    0.10346     0.02051    0.10214
227       0.02169    0.10346     0.02051    0.10214
228       0.02169    0.10346     0.02051    0.10214
229       0.02169    0.10346     0.02051    0.10215
230       0.02169    0.10346     0.02051    0.10215
231       0.02169    0.10346     0.02051    0.10215
232       0.02169    0.10346     0.02051    0.10215
233       0.02169    0.10346     0.02051    0.10215
234       0.02169    0.10346     0.02051    0.10215
235       0.02169    0.10346     0.02051    0.10215
236       0.02169    0.10346     0.02051    0.10215
237       0.02169    0.10346     0.02051    0.10215
238       0.02169    0.10346     0.02051    0.10215
239       0.02169    0.10346     0.02051    0.10215
240       0.02169    0.10346     0.02051    0.10215
241       0.02169    0.10346     0.02051    0.10215
242       0.02169    0.10346     0.02051    0.10215
243       0.02169    0.10346     0.02051    0.10215
244       0.02169    0.10346     0.02051    0.10215
245       0.02169    0.10346     0.02051    0.10215
246       0.02169    0.10346     0.02051    0.10215
247       0.02169    0.10346     0.02051    0.10215
248       0.02169    0.10346     0.02051    0.10215
249       0.02169    0.10346     0.02051    0.10215
250       0.02169    0.10346     0.02051    0.10215
251       0.02169    0.10346     0.02051    0.10215
252       0.02169    0.10346     0.02051    0.10215
253       0.02169    0.10346     0.02051    0.10215
254       0.02169    0.10346     0.02051    0.10215
255       0.02169    0.10346     0.02051    0.10215
256       0.02169    0.10346     0.02051    0.10215
257       0.02169    0.10346     0.02051    0.10215
258       0.02169    0.10346     0.02051    0.10215
259       0.02169    0.10346     0.02051    0.10215
260       0.02169    0.10346     0.02051    0.10215
261       0.02169    0.10346     0.02051    0.10215
262       0.02169    0.10346     0.02051    0.10215
263       0.02169    0.10346     0.02051    0.10215
264       0.02169    0.10346     0.02051    0.10215
265       0.02169    0.10346     0.02051    0.10215
266       0.02169    0.10346     0.02051    0.10215
267       0.02169    0.10346     0.02051    0.10215
268       0.02169    0.10346     0.02051    0.10215
269       0.02169    0.10346     0.02051    0.10215
270       0.02169    0.10346     0.02051    0.10215
271       0.02169    0.10346     0.02051    0.10215
272       0.02169    0.10347     0.02051    0.10215
273       0.02169    0.10347     0.02051    0.10215
274       0.02169    0.10347     0.02051    0.10215
275       0.02169    0.10347     0.02051    0.10215
276       0.02169    0.10347     0.02051    0.10215
277       0.02169    0.10347     0.02051    0.10215
278       0.02169    0.10347     0.02051    0.10215
279       0.02169    0.10347     0.02051    0.10215
280       0.02169    0.10347     0.02051    0.10215
281       0.02169    0.10347     0.02051    0.10215
282       0.02169    0.10347     0.02051    0.10215
283       0.02169    0.10347     0.02051    0.10215
284       0.02169    0.10347     0.02051    0.10215
285       0.02169    0.10347     0.02051    0.10215
286       0.02169    0.10347     0.02051    0.10215
287       0.02169    0.10347     0.02051    0.10215
288       0.02169    0.10347     0.02051    0.10215
289       0.02169    0.10347     0.02051    0.10215
290       0.02169    0.10347     0.02051    0.10215
291       0.02169    0.10347     0.02051    0.10215
292       0.02169    0.10347     0.02051    0.10215
293       0.02169    0.10347     0.02051    0.10215
294       0.02169    0.10347     0.02051    0.10215
295       0.02169    0.10347     0.02051    0.10215
296       0.02169    0.10347     0.02051    0.10215
297       0.02169    0.10347     0.02051    0.10215
298       0.02169    0.10347     0.02051    0.10215
299       0.02169    0.10347     0.02051    0.10215
300       0.02169    0.10347     0.02051    0.10215
301       0.02169    0.10347     0.02051    0.10215
302       0.02169    0.10347     0.02051    0.10215
303       0.02169    0.10347     0.02051    0.10215
304       0.02169    0.10347     0.02051    0.10215
305       0.02169    0.10347     0.02051    0.10215
306       0.02169    0.10347     0.02051    0.10215
307       0.02169    0.10347     0.02051    0.10215
308       0.02169    0.10347     0.02051    0.10215
309       0.02169    0.10347     0.02051    0.10215
310       0.02169    0.10347     0.02051    0.10215
311       0.02169    0.10347     0.02051    0.10215
312       0.02169    0.10347     0.02051    0.10215
313       0.02169    0.10347     0.02051    0.10215
314       0.02169    0.10347     0.02051    0.10215
315       0.02169    0.10347     0.02051    0.10215
316       0.02169    0.10347     0.02051    0.10215
317       0.02169    0.10347     0.02051    0.10215
318       0.02169    0.10347     0.02051    0.10215
319       0.02169    0.10347     0.02051    0.10215
320       0.02169    0.10347     0.02051    0.10215
321       0.02169    0.10347     0.02051    0.10215
322       0.02169    0.10347     0.02051    0.10215
323       0.02169    0.10347     0.02051    0.10215
324       0.02169    0.10347     0.02051    0.10215
325       0.02169    0.10347     0.02051    0.10215
326       0.02169    0.10347     0.02051    0.10215
327       0.02169    0.10347     0.02051    0.10215
328       0.02169    0.10347     0.02051    0.10215
329       0.02169    0.10347     0.02051    0.10215
330       0.02169    0.10347     0.02051    0.10215
331       0.02169    0.10347     0.02051    0.10215
332       0.02169    0.10347     0.02051    0.10215
333       0.02169    0.10347     0.02051    0.10215
334       0.02169    0.10347     0.02051    0.10215
335       0.02169    0.10347     0.02051    0.10215
336       0.02169    0.10347     0.02051    0.10215
337       0.02169    0.10347     0.02051    0.10215
338       0.02169    0.10347     0.02051    0.10215
339       0.02169    0.10347     0.02051    0.10215
340       0.02169    0.10347     0.02051    0.10215
341       0.02169    0.10347     0.02051    0.10215
342       0.02169    0.10347     0.02051    0.10215
343       0.02169    0.10347     0.02051    0.10215
344       0.02169    0.10347     0.02051    0.10215
345       0.02169    0.10347     0.02051    0.10215
346       0.02169    0.10347     0.02051    0.10215
347       0.02169    0.10347     0.02051    0.10215
348       0.02169    0.10347     0.02051    0.10215
349       0.02169    0.10347     0.02051    0.10215
350       0.02169    0.10347     0.02051    0.10215
351       0.02169    0.10347     0.02051    0.10215
352       0.02169    0.10347     0.02051    0.10215
353       0.02169    0.10347     0.02051    0.10215
354       0.02169    0.10347     0.02051    0.10215
355       0.02169    0.10347     0.02051    0.10215
356       0.02169    0.10347     0.02051    0.10215
357       0.02169    0.10347     0.02051    0.10215
358       0.02169    0.10347     0.02051    0.10215
359       0.02169    0.10347     0.02051    0.10215
360       0.02169    0.10347     0.02051    0.10215
361       0.02169    0.10347     0.02051    0.10215
362       0.02169    0.10347     0.02051    0.10215
363       0.02169    0.10347     0.02051    0.10215
364       0.02169    0.10347     0.02051    0.10215
365       0.02169    0.10347     0.02051    0.10215
366       0.02169    0.10347     0.02051    0.10215
367       0.02169    0.10347     0.02051    0.10215
368       0.02169    0.10347     0.02051    0.10215
369       0.02169    0.10347     0.02051    0.10215
370       0.02169    0.10347     0.02051    0.10215
371       0.02169    0.10347     0.02051    0.10215
372       0.02169    0.10347     0.02051    0.10215
373       0.02169    0.10347     0.02051    0.10215
374       0.02169    0.10347     0.02051    0.10215
375       0.02169    0.10347     0.02051    0.10215
376       0.02169    0.10347     0.02051    0.10215
377       0.02169    0.10347     0.02051    0.10215
378       0.02169    0.10347     0.02051    0.10215
379       0.02169    0.10347     0.02051    0.10215
380       0.02169    0.10347     0.02051    0.10215
381       0.02169    0.10347     0.02051    0.10215
382       0.02169    0.10347     0.02051    0.10215
383       0.02169    0.10347     0.02051    0.10215
384       0.02169    0.10347     0.02051    0.10215
385       0.02169    0.10347     0.02051    0.10215
386       0.02169    0.10347     0.02051    0.10215
387       0.02169    0.10347     0.02051    0.10215
388       0.02169    0.10347     0.02051    0.10215
389       0.02169    0.10347     0.02051    0.10215
390       0.02169    0.10347     0.02051    0.10215
391       0.02169    0.10347     0.02051    0.10215
392       0.02169    0.10347     0.02051    0.10215
393       0.02169    0.10347     0.02051    0.10215
394       0.02169    0.10347     0.02051    0.10215
395       0.02169    0.10347     0.02051    0.10215
396       0.02169    0.10347     0.02051    0.10215
397       0.02169    0.10347     0.02051    0.10215
398       0.02169    0.10347     0.02051    0.10215
399       0.02169    0.10347     0.02051    0.10215
400       0.02169    0.10347     0.02051    0.10215
401       0.02169    0.10347     0.02051    0.10215
402       0.02169    0.10347     0.02051    0.10215
403       0.02169    0.10347     0.02051    0.10215
404       0.02169    0.10347     0.02051    0.10215
405       0.02169    0.10347     0.02051    0.10215
406       0.02169    0.10347     0.02051    0.10215
407       0.02169    0.10347     0.02051    0.10215
408       0.02169    0.10347     0.02051    0.10215
409       0.02169    0.10347     0.02051    0.10215
410       0.02169    0.10347     0.02051    0.10215
411       0.02169    0.10347     0.02051    0.10215
412       0.02169    0.10347     0.02051    0.10215
413       0.02169    0.10347     0.02051    0.10215
414       0.02169    0.10347     0.02051    0.10215
415       0.02169    0.10347     0.02051    0.10215
416       0.02169    0.10347     0.02051    0.10215
417       0.02169    0.10347     0.02051    0.10215
418       0.02169    0.10347     0.02051    0.10215
419       0.02169    0.10347     0.02051    0.10215
420       0.02169    0.10347     0.02051    0.10215
421       0.02169    0.10347     0.02051    0.10215
422       0.02169    0.10347     0.02051    0.10215
423       0.02169    0.10347     0.02051    0.10215
424       0.02169    0.10347     0.02051    0.10215
425       0.02169    0.10347     0.02051    0.10215
426       0.02169    0.10347     0.02051    0.10215
427       0.02169    0.10347     0.02051    0.10215
428       0.02169    0.10347     0.02051    0.10215
429       0.02169    0.10347     0.02051    0.10215
430       0.02169    0.10347     0.02051    0.10215
431       0.02169    0.10347     0.02051    0.10215
432       0.02169    0.10347     0.02051    0.10216
433       0.02169    0.10347     0.02051    0.10216
434       0.02169    0.10347     0.02051    0.10216
435       0.02169    0.10347     0.02051    0.10216
436       0.02169    0.10347     0.02051    0.10216
437       0.02169    0.10347     0.02051    0.10216
438       0.02169    0.10347     0.02051    0.10216
439       0.02169    0.10347     0.02051    0.10216
440       0.02169    0.10347     0.02051    0.10216
441       0.02169    0.10347     0.02051    0.10216
442       0.02169    0.10347     0.02051    0.10216
443       0.02169    0.10347     0.02051    0.10216
444       0.02169    0.10347     0.02051    0.10216
445       0.02169    0.10347     0.02051    0.10216
446       0.02169    0.10347     0.02051    0.10216
447       0.02169    0.10347     0.02051    0.10216
448       0.02169    0.10347     0.02051    0.10216
449       0.02169    0.10347     0.02051    0.10216
450       0.02169    0.10347     0.02051    0.10216
451       0.02169    0.10347     0.02051    0.10216
452       0.02169    0.10347     0.02051    0.10216
453       0.02169    0.10347     0.02051    0.10216
454       0.02169    0.10347     0.02051    0.10216
455       0.02169    0.10347     0.02051    0.10216
456       0.02169    0.10347     0.02051    0.10216
457       0.02169    0.10347     0.02051    0.10216
458       0.02169    0.10347     0.02051    0.10216
459       0.02169    0.10347     0.02051    0.10216
460       0.02169    0.10347     0.02051    0.10216
461       0.02169    0.10347     0.02051    0.10216
462       0.02169    0.10347     0.02051    0.10216
463       0.02169    0.10347     0.02051    0.10216
464       0.02169    0.10347     0.02051    0.10216
465       0.02169    0.10347     0.02051    0.10216
466       0.02169    0.10347     0.02051    0.10216
467       0.02169    0.10347     0.02051    0.10216
468       0.02169    0.10347     0.02051    0.10216
469       0.02169    0.10347     0.02051    0.10216
470       0.02169    0.10347     0.02051    0.10216
471       0.02169    0.10347     0.02051    0.10216
472       0.02169    0.10347     0.02051    0.10216
473       0.02169    0.10347     0.02051    0.10216
474       0.02169    0.10347     0.02051    0.10216
475       0.02169    0.10347     0.02051    0.10216
476       0.02169    0.10347     0.02051    0.10216
477       0.02169    0.10347     0.02051    0.10216
478       0.02169    0.10347     0.02051    0.10216
479       0.02169    0.10347     0.02051    0.10216
480       0.02169    0.10347     0.02051    0.10216
481       0.02169    0.10347     0.02051    0.10216
482       0.02169    0.10347     0.02051    0.10216
483       0.02169    0.10347     0.02051    0.10216
484       0.02169    0.10347     0.02051    0.10216
485       0.02169    0.10347     0.02051    0.10216
486       0.02169    0.10347     0.02051    0.10216
487       0.02169    0.10347     0.02051    0.10216
488       0.02169    0.10347     0.02051    0.10216
489       0.02169    0.10347     0.02051    0.10216
490       0.02169    0.10347     0.02051    0.10216
491       0.02169    0.10347     0.02051    0.10216
492       0.02169    0.10347     0.02051    0.10216
493       0.02169    0.10347     0.02051    0.10216
494       0.02169    0.10347     0.02051    0.10216
495       0.02169    0.10347     0.02051    0.10216
496       0.02169    0.10347     0.02051    0.10216
497       0.02169    0.10347     0.02051    0.10216
498       0.02169    0.10347     0.02051    0.10216
499       0.02169    0.10347     0.02051    0.10216
500       0.02169    0.10347     0.02051    0.10216
501       0.02169    0.10347     0.02051    0.10216
502       0.02169    0.10347     0.02051    0.10216
503       0.02169    0.10347     0.02051    0.10216
504       0.02169    0.10347     0.02051    0.10216
505       0.02169    0.10347     0.02051    0.10216
506       0.02169    0.10347     0.02051    0.10216
507       0.02169    0.10347     0.02051    0.10216
508       0.02169    0.10347     0.02051    0.10216
509       0.02169    0.10347     0.02051    0.10216
510       0.02169    0.10347     0.02051    0.10216
511       0.02169    0.10347     0.02051    0.10216
512       0.02169    0.10347     0.02051    0.10216
513       0.02169    0.10347     0.02051    0.10216
514       0.02169    0.10347     0.02051    0.10216
515       0.02169    0.10347     0.02051    0.10216
516       0.02169    0.10347     0.02051    0.10216
517       0.02169    0.10347     0.02051    0.10216
518       0.02169    0.10347     0.02051    0.10216
519       0.02169    0.10347     0.02051    0.10216
520       0.02169    0.10347     0.02051    0.10216
521       0.02169    0.10347     0.02051    0.10216
522       0.02169    0.10347     0.02051    0.10216
523       0.02169    0.10347     0.02051    0.10216
524       0.02169    0.10347     0.02051    0.10216
525       0.02169    0.10347     0.02051    0.10216
526       0.02169    0.10347     0.02051    0.10216
527       0.02169    0.10347     0.02051    0.10216
528       0.02169    0.10347     0.02051    0.10216
529       0.02169    0.10347     0.02051    0.10216
530       0.02169    0.10347     0.02051    0.10216
531       0.02169    0.10347     0.02051    0.10216
532       0.02169    0.10347     0.02051    0.10216
533       0.02169    0.10347     0.02051    0.10216
534       0.02169    0.10347     0.02051    0.10216
535       0.02169    0.10347     0.02051    0.10216
536       0.02169    0.10347     0.02051    0.10216
537       0.02169    0.10347     0.02051    0.10216
538       0.02169    0.10347     0.02051    0.10216
539       0.02169    0.10347     0.02051    0.10216
540       0.02169    0.10347     0.02051    0.10216
541       0.02169    0.10347     0.02051    0.10216
542       0.02169    0.10347     0.02051    0.10216
543       0.02169    0.10347     0.02051    0.10216
544       0.02169    0.10347     0.02051    0.10216
545       0.02169    0.10347     0.02051    0.10216
546       0.02169    0.10347     0.02051    0.10216
547       0.02169    0.10347     0.02051    0.10216
548       0.02169    0.10347     0.02051    0.10216
549       0.02169    0.10347     0.02051    0.10216
550       0.02169    0.10347     0.02051    0.10216
551       0.02169    0.10347     0.02051    0.10216
552       0.02169    0.10347     0.02051    0.10216
553       0.02169    0.10347     0.02051    0.10216
554       0.02169    0.10347     0.02051    0.10216
555       0.02169    0.10347     0.02051    0.10216
556       0.02169    0.10347     0.02051    0.10216
557       0.02169    0.10347     0.02051    0.10216
558       0.02169    0.10347     0.02051    0.10216
559       0.02169    0.10347     0.02051    0.10216
560       0.02169    0.10347     0.02051    0.10216
561       0.02169    0.10347     0.02051    0.10216
562       0.02169    0.10347     0.02051    0.10216
563       0.02169    0.10347     0.02051    0.10216
564       0.02169    0.10347     0.02051    0.10216
565       0.02169    0.10347     0.02051    0.10216
566       0.02169    0.10347     0.02051    0.10216
567       0.02169    0.10347     0.02051    0.10216
568       0.02169    0.10347     0.02051    0.10216
569       0.02169    0.10347     0.02051    0.10216
570       0.02169    0.10347     0.02051    0.10216
571       0.02169    0.10347     0.02051    0.10216
572       0.02169    0.10347     0.02051    0.10216
573       0.02169    0.10347     0.02051    0.10216
574       0.02169    0.10347     0.02051    0.10216
575       0.02169    0.10347     0.02051    0.10216
576       0.02169    0.10347     0.02051    0.10216
577       0.02169    0.10347     0.02051    0.10216
578       0.02169    0.10347     0.02051    0.10216
579       0.02169    0.10347     0.02051    0.10216
580       0.02169    0.10347     0.02051    0.10216
581       0.02169    0.10347     0.02051    0.10216
582       0.02169    0.10347     0.02051    0.10216
583       0.02169    0.10347     0.02051    0.10216
584       0.02169    0.10347     0.02051    0.10216
585       0.02169    0.10347     0.02051    0.10216
586       0.02169    0.10347     0.02051    0.10216
587       0.02169    0.10347     0.02051    0.10216
588       0.02169    0.10347     0.02051    0.10216
589       0.02169    0.10347     0.02051    0.10216
590       0.02169    0.10347     0.02051    0.10216
591       0.02169    0.10347     0.02051    0.10216
592       0.02169    0.10347     0.02051    0.10216
593       0.02169    0.10347     0.02051    0.10216
594       0.02169    0.10347     0.02051    0.10216
595       0.02169    0.10347     0.02051    0.10216
596       0.02169    0.10347     0.02051    0.10216
597       0.02169    0.10347     0.02051    0.10216
598       0.02169    0.10347     0.02051    0.10216
599       0.02169    0.10347     0.02051    0.10216
600       0.02169    0.10347     0.02051    0.10216
601       0.02169    0.10347     0.02051    0.10216
602       0.02169    0.10347     0.02051    0.10216
603       0.02169    0.10347     0.02051    0.10216
604       0.02169    0.10347     0.02051    0.10216
605       0.02169    0.10347     0.02051    0.10216
606       0.02169    0.10347     0.02051    0.10216
607       0.02169    0.10347     0.02051    0.10216
608       0.02169    0.10347     0.02051    0.10216
609       0.02169    0.10347     0.02051    0.10216
610       0.02169    0.10347     0.02051    0.10216
611       0.02169    0.10347     0.02051    0.10216
612       0.02169    0.10347     0.02051    0.10216
613       0.02169    0.10347     0.02051    0.10216
614       0.02169    0.10347     0.02051    0.10216
615       0.02169    0.10347     0.02051    0.10216
616       0.02169    0.10347     0.02051    0.10216
617       0.02169    0.10347     0.02051    0.10216
618       0.02169    0.10347     0.02051    0.10216
619       0.02169    0.10347     0.02051    0.10216
620       0.02169    0.10347     0.02051    0.10216
621       0.02169    0.10347     0.02051    0.10216
622       0.02169    0.10347     0.02051    0.10216
623       0.02169    0.10347     0.02051    0.10216
624       0.02169    0.10347     0.02051    0.10216
625       0.02169    0.10347     0.02051    0.10216
626       0.02169    0.10347     0.02051    0.10216
627       0.02169    0.10347     0.02051    0.10216
628       0.02169    0.10347     0.02051    0.10216
629       0.02169    0.10347     0.02051    0.10216
630       0.02169    0.10347     0.02051    0.10216
631       0.02169    0.10347     0.02051    0.10216
632       0.02169    0.10347     0.02051    0.10216
633       0.02169    0.10347     0.02051    0.10216
634       0.02169    0.10347     0.02051    0.10216
635       0.02169    0.10347     0.02051    0.10216
636       0.02169    0.10347     0.02051    0.10216
637       0.02169    0.10347     0.02051    0.10216
638       0.02169    0.10347     0.02051    0.10216
639       0.02169    0.10347     0.02051    0.10216
640       0.02169    0.10347     0.02051    0.10216
641       0.02169    0.10347     0.02051    0.10216
642       0.02169    0.10347     0.02051    0.10216
643       0.02169    0.10347     0.02051    0.10216
644       0.02169    0.10347     0.02051    0.10216
645       0.02169    0.10347     0.02051    0.10216
646       0.02169    0.10347     0.02051    0.10216
647       0.02169    0.10347     0.02051    0.10216
648       0.02169    0.10347     0.02051    0.10216
649       0.02169    0.10347     0.02051    0.10216
650       0.02169    0.10347     0.02051    0.10216
651       0.02169    0.10347     0.02051    0.10216
652       0.02169    0.10347     0.02051    0.10216
653       0.02169    0.10347     0.02051    0.10216
654       0.02169    0.10347     0.02051    0.10216
655       0.02169    0.10347     0.02051    0.10216
656       0.02169    0.10347     0.02051    0.10216
657       0.02169    0.10347     0.02051    0.10216
658       0.02169    0.10347     0.02051    0.10216
659       0.02169    0.10347     0.02051    0.10216
660       0.02169    0.10347     0.02051    0.10216
661       0.02169    0.10347     0.02051    0.10216
662       0.02169    0.10347     0.02051    0.10216
663       0.02169    0.10347     0.02051    0.10216
664       0.02169    0.10347     0.02051    0.10216
665       0.02169    0.10347     0.02051    0.10216
666       0.02169    0.10347     0.02051    0.10216
667       0.02169    0.10347     0.02051    0.10216
668       0.02169    0.10347     0.02051    0.10216
669       0.02169    0.10347     0.02051    0.10216
670       0.02169    0.10347     0.02051    0.10216
671       0.02169    0.10347     0.02051    0.10216
672       0.02169    0.10347     0.02051    0.10216
673       0.02169    0.10347     0.02051    0.10216
674       0.02169    0.10347     0.02051    0.10216
675       0.02169    0.10347     0.02051    0.10216
676       0.02169    0.10347     0.02051    0.10216
677       0.02169    0.10347     0.02051    0.10216
678       0.02169    0.10347     0.02051    0.10216
679       0.02169    0.10347     0.02051    0.10216
680       0.02169    0.10347     0.02051    0.10216
681       0.02169    0.10347     0.02051    0.10216
682       0.02169    0.10347     0.02051    0.10216
683       0.02169    0.10347     0.02051    0.10216
684       0.02169    0.10347     0.02051    0.10216
685       0.02169    0.10347     0.02051    0.10216
686       0.02169    0.10347     0.02051    0.10216
687       0.02169    0.10347     0.02051    0.10216
688       0.02169    0.10347     0.02051    0.10216
689       0.02169    0.10347     0.02051    0.10216
690       0.02169    0.10347     0.02051    0.10216
691       0.02169    0.10347     0.02051    0.10216
692       0.02169    0.10347     0.02051    0.10216
693       0.02169    0.10347     0.02051    0.10216
694       0.02169    0.10347     0.02051    0.10216
695       0.02169    0.10347     0.02051    0.10216
696       0.02169    0.10347     0.02051    0.10216
697       0.02169    0.10347     0.02051    0.10216
698       0.02169    0.10347     0.02051    0.10216
699       0.02169    0.10347     0.02051    0.10216
700       0.02169    0.10347     0.02051    0.10216
701       0.02169    0.10347     0.02051    0.10216
702       0.02169    0.10347     0.02051    0.10216
703       0.02169    0.10347     0.02051    0.10216
704       0.02169    0.10347     0.02051    0.10216
705       0.02169    0.10347     0.02051    0.10216
706       0.02169    0.10347     0.02051    0.10216
707       0.02169    0.10347     0.02051    0.10216
708       0.02169    0.10347     0.02051    0.10216
709       0.02169    0.10347     0.02051    0.10216
710       0.02169    0.10347     0.02051    0.10216
711       0.02169    0.10347     0.02051    0.10216
712       0.02169    0.10347     0.02051    0.10216
713       0.02169    0.10347     0.02051    0.10216
714       0.02169    0.10347     0.02051    0.10216
715       0.02169    0.10347     0.02051    0.10216
716       0.02169    0.10347     0.02051    0.10216
717       0.02169    0.10347     0.02051    0.10216
718       0.02169    0.10347     0.02051    0.10216
719       0.02169    0.10347     0.02051    0.10216
720       0.02169    0.10347     0.02051    0.10216
721       0.02169    0.10347     0.02051    0.10216
722       0.02169    0.10347     0.02051    0.10216
723       0.02169    0.10347     0.02051    0.10216
724       0.02169    0.10347     0.02051    0.10216
725       0.02169    0.10347     0.02051    0.10216
726       0.02169    0.10347     0.02051    0.10216
727       0.02169    0.10347     0.02051    0.10216
728       0.02169    0.10347     0.02051    0.10216
729       0.02169    0.10347     0.02051    0.10216
730       0.02169    0.10347     0.02051    0.10216
731       0.02169    0.10347     0.02051    0.10216
732       0.02169    0.10347     0.02051    0.10216
733       0.02169    0.10347     0.02051    0.10216
734       0.02169    0.10347     0.02051    0.10216
735       0.02169    0.10347     0.02051    0.10216
736       0.02169    0.10347     0.02051    0.10216
737       0.02169    0.10347     0.02051    0.10216
738       0.02169    0.10347     0.02051    0.10216
739       0.02169    0.10347     0.02051    0.10216
740       0.02169    0.10347     0.02051    0.10216
741       0.02169    0.10347     0.02051    0.10216
742       0.02169    0.10347     0.02051    0.10216
743       0.02169    0.10347     0.02051    0.10216
744       0.02169    0.10347     0.02051    0.10216
745       0.02169    0.10347     0.02051    0.10216
746       0.02169    0.10347     0.02051    0.10216
747       0.02169    0.10347     0.02051    0.10216
748       0.02169    0.10347     0.02051    0.10216
749       0.02169    0.10347     0.02051    0.10216
750       0.02169    0.10347     0.02051    0.10216
751       0.02169    0.10347     0.02051    0.10216
752       0.02169    0.10347     0.02051    0.10216
753       0.02169    0.10347     0.02051    0.10216
754       0.02169    0.10347     0.02051    0.10216
755       0.02169    0.10347     0.02051    0.10216
756       0.02169    0.10347     0.02051    0.10216
757       0.02169    0.10347     0.02051    0.10216
758       0.02169    0.10347     0.02051    0.10216
759       0.02169    0.10347     0.02051    0.10216
760       0.02169    0.10347     0.02051    0.10216
761       0.02169    0.10347     0.02051    0.10216
762       0.02169    0.10347     0.02051    0.10216
763       0.02169    0.10347     0.02051    0.10216
764       0.02169    0.10347     0.02051    0.10216
765       0.02169    0.10347     0.02051    0.10216
766       0.02169    0.10347     0.02051    0.10216
767       0.02169    0.10347     0.02051    0.10216
768       0.02169    0.10347     0.02051    0.10216
769       0.02169    0.10347     0.02051    0.10216
770       0.02169    0.10347     0.02051    0.10216
771       0.02169    0.10347     0.02051    0.10216
772       0.02169    0.10347     0.02051    0.10216
773       0.02169    0.10347     0.02051    0.10216
774       0.02169    0.10347     0.02051    0.10216
775       0.02169    0.10347     0.02051    0.10216
776       0.02169    0.10347     0.02051    0.10216
777       0.02169    0.10347     0.02051    0.10216
778       0.02169    0.10347     0.02051    0.10216
779       0.02169    0.10347     0.02051    0.10216
780       0.02169    0.10347     0.02051    0.10216
781       0.02169    0.10347     0.02051    0.10216
782       0.02169    0.10347     0.02051    0.10216
783       0.02169    0.10347     0.02051    0.10216
784       0.02169    0.10347     0.02051    0.10216
785       0.02169    0.10347     0.02051    0.10216
786       0.02169    0.10347     0.02051    0.10216
787       0.02169    0.10347     0.02051    0.10216
788       0.02169    0.10347     0.02051    0.10216
789       0.02169    0.10347     0.02051    0.10216
790       0.02169    0.10347     0.02051    0.10216
791       0.02169    0.10347     0.02051    0.10216
792       0.02169    0.10347     0.02051    0.10216
793       0.02169    0.10347     0.02051    0.10216
794       0.02169    0.10347     0.02051    0.10216
795       0.02169    0.10347     0.02051    0.10216
796       0.02169    0.10347     0.02051    0.10216
797       0.02169    0.10347     0.02051    0.10216
798       0.02169    0.10347     0.02051    0.10216
799       0.02169    0.10347     0.02051    0.10216
800       0.02169    0.10347     0.02051    0.10216
801       0.02169    0.10347     0.02051    0.10216
802       0.02169    0.10347     0.02051    0.10216
803       0.02169    0.10347     0.02051    0.10216
804       0.02169    0.10347     0.02051    0.10216
805       0.02169    0.10347     0.02051    0.10216
806       0.02169    0.10347     0.02051    0.10216
807       0.02169    0.10347     0.02051    0.10216
808       0.02169    0.10347     0.02051    0.10216
809       0.02169    0.10347     0.02051    0.10216
810       0.02169    0.10347     0.02051    0.10216
811       0.02169    0.10347     0.02051    0.10216
812       0.02169    0.10347     0.02051    0.10216
813       0.02169    0.10347     0.02051    0.10216
814       0.02169    0.10347     0.02051    0.10216
815       0.02169    0.10347     0.02051    0.10216
816       0.02169    0.10347     0.02051    0.10216
817       0.02169    0.10347     0.02051    0.10216
818       0.02169    0.10347     0.02051    0.10216
819       0.02169    0.10347     0.02051    0.10216
820       0.02169    0.10347     0.02051    0.10216
821       0.02169    0.10347     0.02051    0.10216
822       0.02169    0.10347     0.02051    0.10216
823       0.02169    0.10347     0.02051    0.10216
824       0.02169    0.10347     0.02051    0.10216
825       0.02169    0.10347     0.02051    0.10216
826       0.02169    0.10347     0.02051    0.10216
827       0.02169    0.10347     0.02051    0.10216
828       0.02169    0.10347     0.02051    0.10216
829       0.02169    0.10347     0.02051    0.10216
830       0.02169    0.10347     0.02051    0.10216
831       0.02169    0.10347     0.02051    0.10216
832       0.02169    0.10347     0.02051    0.10216
833       0.02169    0.10347     0.02051    0.10216
834       0.02169    0.10347     0.02051    0.10216
835       0.02169    0.10347     0.02051    0.10216
836       0.02169    0.10347     0.02051    0.10216
837       0.02169    0.10347     0.02051    0.10216
838       0.02169    0.10347     0.02051    0.10216
839       0.02169    0.10347     0.02051    0.10216
840       0.02169    0.10347     0.02051    0.10216
841       0.02169    0.10347     0.02051    0.10216
842       0.02169    0.10347     0.02051    0.10216
843       0.02169    0.10347     0.02051    0.10216
844       0.02169    0.10347     0.02051    0.10216
845       0.02169    0.10347     0.02051    0.10216
846       0.02169    0.10347     0.02051    0.10216
847       0.02169    0.10347     0.02051    0.10216
848       0.02169    0.10347     0.02051    0.10216
849       0.02169    0.10347     0.02051    0.10216
850       0.02169    0.10347     0.02051    0.10216
851       0.02169    0.10347     0.02051    0.10216
852       0.02169    0.10347     0.02051    0.10216
853       0.02169    0.10347     0.02051    0.10216
854       0.02169    0.10347     0.02051    0.10216
855       0.02169    0.10347     0.02051    0.10216
856       0.02169    0.10347     0.02051    0.10216
857       0.02169    0.10347     0.02051    0.10216
858       0.02169    0.10347     0.02051    0.10216
859       0.02169    0.10347     0.02051    0.10216
860       0.02169    0.10347     0.02051    0.10216
861       0.02169    0.10347     0.02051    0.10216
862       0.02169    0.10347     0.02051    0.10216
863       0.02169    0.10347     0.02051    0.10216
864       0.02169    0.10347     0.02051    0.10216
865       0.02169    0.10347     0.02051    0.10216
866       0.02169    0.10347     0.02051    0.10216
867       0.02169    0.10347     0.02051    0.10216
868       0.02169    0.10347     0.02051    0.10216
869       0.02169    0.10347     0.02051    0.10216
870       0.02169    0.10347     0.02051    0.10216
871       0.02169    0.10347     0.02051    0.10216
872       0.02169    0.10347     0.02051    0.10216
873       0.02169    0.10347     0.02051    0.10216
874       0.02169    0.10347     0.02051    0.10216
875       0.02169    0.10347     0.02051    0.10216
876       0.02169    0.10347     0.02051    0.10216
877       0.02169    0.10347     0.02051    0.10216
878       0.02169    0.10347     0.02051    0.10216
879       0.02169    0.10347     0.02051    0.10216
880       0.02169    0.10347     0.02051    0.10216
881       0.02169    0.10347     0.02051    0.10216
882       0.02169    0.10347     0.02051    0.10216
883       0.02169    0.10347     0.02051    0.10216
884       0.02169    0.10347     0.02051    0.10216
885       0.02169    0.10347     0.02051    0.10216
886       0.02169    0.10347     0.02051    0.10216
887       0.02169    0.10347     0.02051    0.10216
888       0.02169    0.10347     0.02051    0.10216
889       0.02169    0.10347     0.02051    0.10216
890       0.02169    0.10347     0.02051    0.10216
891       0.02169    0.10347     0.02051    0.10216
892       0.02169    0.10347     0.02051    0.10216
893       0.02169    0.10347     0.02051    0.10216
894       0.02169    0.10347     0.02051    0.10216
895       0.02169    0.10347     0.02051    0.10216
896       0.02169    0.10347     0.02051    0.10216
897       0.02169    0.10347     0.02051    0.10216
898       0.02169    0.10347     0.02051    0.10216
899       0.02169    0.10347     0.02051    0.10216
900       0.02169    0.10347     0.02051    0.10216
901       0.02169    0.10347     0.02051    0.10216
902       0.02169    0.10347     0.02051    0.10216
903       0.02169    0.10347     0.02051    0.10216
904       0.02169    0.10347     0.02051    0.10216
905       0.02169    0.10347     0.02051    0.10216
906       0.02169    0.10347     0.02051    0.10216
907       0.02169    0.10347     0.02051    0.10216
908       0.02169    0.10347     0.02051    0.10216
909       0.02169    0.10347     0.02051    0.10216
910       0.02169    0.10347     0.02051    0.10216
911       0.02169    0.10347     0.02051    0.10216
912       0.02169    0.10347     0.02051    0.10216
913       0.02169    0.10347     0.02051    0.10216
914       0.02169    0.10347     0.02051    0.10216
915       0.02169    0.10347     0.02051    0.10216
916       0.02169    0.10347     0.02051    0.10216
917       0.02169    0.10347     0.02051    0.10216
918       0.02169    0.10347     0.02051    0.10216
919       0.02169    0.10347     0.02051    0.10216
920       0.02169    0.10347     0.02051    0.10216
921       0.02169    0.10347     0.02051    0.10216
922       0.02169    0.10347     0.02051    0.10216
923       0.02169    0.10347     0.02051    0.10216
924       0.02169    0.10347     0.02051    0.10216
925       0.02169    0.10347     0.02051    0.10216
926       0.02169    0.10347     0.02051    0.10216
927       0.02169    0.10347     0.02051    0.10216
928       0.02169    0.10347     0.02051    0.10216
929       0.02169    0.10347     0.02051    0.10216
930       0.02169    0.10347     0.02051    0.10216
931       0.02169    0.10347     0.02051    0.10216
932       0.02169    0.10347     0.02051    0.10216
933       0.02169    0.10347     0.02051    0.10216
934       0.02169    0.10347     0.02051    0.10216
935       0.02169    0.10347     0.02051    0.10216
936       0.02169    0.10347     0.02051    0.10216
937       0.02169    0.10347     0.02051    0.10216
938       0.02169    0.10347     0.02051    0.10216
939       0.02169    0.10347     0.02051    0.10216
940       0.02169    0.10347     0.02051    0.10216
941       0.02169    0.10347     0.02051    0.10216
942       0.02169    0.10347     0.02051    0.10216
943       0.02169    0.10347     0.02051    0.10216
944       0.02169    0.10347     0.02051    0.10216
945       0.02169    0.10347     0.02051    0.10216
946       0.02169    0.10347     0.02051    0.10216
947       0.02169    0.10347     0.02051    0.10216
948       0.02169    0.10347     0.02051    0.10216
949       0.02169    0.10347     0.02051    0.10216
950       0.02169    0.10347     0.02051    0.10216
951       0.02169    0.10347     0.02051    0.10216
952       0.02169    0.10347     0.02051    0.10216
953       0.02169    0.10347     0.02051    0.10216
954       0.02169    0.10347     0.02051    0.10216
955       0.02169    0.10347     0.02051    0.10216
956       0.02169    0.10347     0.02051    0.10216
957       0.02169    0.10347     0.02051    0.10216
958       0.02169    0.10347     0.02051    0.10216
959       0.02169    0.10347     0.02051    0.10216
960       0.02169    0.10347     0.02051    0.10216
961       0.02169    0.10347     0.02051    0.10216
962       0.02169    0.10347     0.02051    0.10216
963       0.02169    0.10347     0.02051    0.10216
964       0.02169    0.10347     0.02051    0.10216
965       0.02169    0.10347     0.02051    0.10216
966       0.02169    0.10347     0.02051    0.10216
967       0.02169    0.10347     0.02051    0.10216
968       0.02169    0.10347     0.02051    0.10216
969       0.02169    0.10347     0.02051    0.10216
970       0.02169    0.10347     0.02051    0.10216
971       0.02169    0.10347     0.02051    0.10216
972       0.02169    0.10347     0.02051    0.10216
973       0.02169    0.10347     0.02051    0.10216
974       0.02169    0.10347     0.02051    0.10216
975       0.02169    0.10347     0.02051    0.10216
976       0.02169    0.10347     0.02051    0.10216
977       0.02169    0.10347     0.02051    0.10216
978       0.02169    0.10347     0.02051    0.10216
979       0.02169    0.10347     0.02051    0.10216
980       0.02169    0.10347     0.02051    0.10216
981       0.02169    0.10347     0.02051    0.10216
982       0.02169    0.10347     0.02051    0.10216
983       0.02169    0.10347     0.02051    0.10216
984       0.02169    0.10347     0.02051    0.10216
985       0.02169    0.10347     0.02051    0.10216
986       0.02169    0.10347     0.02051    0.10216
987       0.02169    0.10347     0.02051    0.10216
988       0.02169    0.10347     0.02051    0.10216
989       0.02169    0.10347     0.02051    0.10216
990       0.02169    0.10347     0.02051    0.10216
991       0.02169    0.10347     0.02051    0.10216
992       0.02169    0.10347     0.02051    0.10216
993       0.02169    0.10347     0.02051    0.10216
994       0.02169    0.10347     0.02051    0.10216
995       0.02169    0.10347     0.02051    0.10216
996       0.02169    0.10347     0.02051    0.10216
997       0.02169    0.10347     0.02051    0.10216
998       0.02169    0.10347     0.02051    0.10216
999       0.02169    0.10347     0.02051    0.10216
1000       0.02169    0.10347     0.02051    0.10216
1001       0.02169    0.10347     0.02051    0.10216
1002       0.02169    0.10347     0.02051    0.10216
1003       0.02169    0.10347     0.02051    0.10216
1004       0.02169    0.10347     0.02051    0.10216
1005       0.02169    0.10347     0.02051    0.10216
1006       0.02169    0.10347     0.02051    0.10216
1007       0.02169    0.10347     0.02051    0.10216
1008       0.02169    0.10347     0.02051    0.10216
1009       0.02169    0.10347     0.02051    0.10216
1010       0.02169    0.10347     0.02051    0.10216
1011       0.02169    0.10347     0.02051    0.10216
1012       0.02169    0.10347     0.02051    0.10216
1013       0.02169    0.10347     0.02051    0.10216
1014       0.02169    0.10347     0.02051    0.10216
1015       0.02169    0.10347     0.02051    0.10216
1016       0.02169    0.10347     0.02051    0.10216
1017       0.02169    0.10347     0.02051    0.10216
1018       0.02169    0.10347     0.02051    0.10216
1019       0.02169    0.10347     0.02051    0.10216    0.02254    0.10345