Ciclo   TrainMSE   TrainMAE   ValidMSE   ValidMAE   TestMSE     TestMAE
----------------------------------------------------------------------- 
0       0.02452    0.10813     0.02328    0.10656
1       0.02400    0.10736     0.02277    0.10577
2       0.02363    0.10686     0.02242    0.10529
3       0.02340    0.10659     0.02221    0.10501
4       0.02324    0.10642     0.02207    0.10486
5       0.02314    0.10631     0.02198    0.10477
6       0.02306    0.10624     0.02191    0.10471
7       0.02300    0.10619     0.02187    0.10467
8       0.02296    0.10616     0.02183    0.10465
9       0.02292    0.10613     0.02181    0.10463
10       0.02290    0.10611     0.02178    0.10461
11       0.02287    0.10609     0.02177    0.10460
12       0.02286    0.10608     0.02175    0.10459
13       0.02284    0.10606     0.02174    0.10458
14       0.02283    0.10605     0.02173    0.10457
15       0.02282    0.10604     0.02172    0.10457
16       0.02281    0.10604     0.02172    0.10456
17       0.02280    0.10603     0.02171    0.10456
18       0.02280    0.10602     0.02171    0.10455
19       0.02279    0.10602     0.02170    0.10455
20       0.02279    0.10601     0.02170    0.10454
21       0.02278    0.10601     0.02169    0.10454
22       0.02278    0.10601     0.02169    0.10454
23       0.02277    0.10600     0.02169    0.10454
24       0.02277    0.10600     0.02168    0.10453
25       0.02277    0.10600     0.02168    0.10453
26       0.02277    0.10600     0.02168    0.10453
27       0.02276    0.10599     0.02168    0.10453
28       0.02276    0.10599     0.02168    0.10453
29       0.02276    0.10599     0.02168    0.10453
30       0.02276    0.10599     0.02167    0.10452
31       0.02276    0.10599     0.02167    0.10452
32       0.02276    0.10599     0.02167    0.10452
33       0.02275    0.10598     0.02167    0.10452
34       0.02275    0.10598     0.02167    0.10452
35       0.02275    0.10598     0.02167    0.10452
36       0.02275    0.10598     0.02167    0.10452
37       0.02275    0.10598     0.02167    0.10452
38       0.02275    0.10598     0.02167    0.10452
39       0.02275    0.10598     0.02167    0.10452
40       0.02275    0.10598     0.02167    0.10452
41       0.02275    0.10598     0.02167    0.10452
42       0.02275    0.10598     0.02167    0.10452
43       0.02275    0.10598     0.02167    0.10452
44       0.02275    0.10598     0.02167    0.10452
45       0.02275    0.10598     0.02167    0.10452
46       0.02275    0.10598     0.02167    0.10452
47       0.02275    0.10598     0.02167    0.10452
48       0.02275    0.10598     0.02166    0.10452
49       0.02275    0.10598     0.02166    0.10452
50       0.02275    0.10598     0.02166    0.10452
51       0.02275    0.10598     0.02166    0.10452
52       0.02275    0.10598     0.02166    0.10452
53       0.02275    0.10598     0.02166    0.10452
54       0.02274    0.10598     0.02166    0.10452
55       0.02274    0.10598     0.02166    0.10452
56       0.02274    0.10598     0.02166    0.10452
57       0.02274    0.10598     0.02166    0.10452
58       0.02274    0.10598     0.02166    0.10452
59       0.02274    0.10598     0.02166    0.10452
60       0.02274    0.10598     0.02166    0.10452
61       0.02274    0.10598     0.02166    0.10452
62       0.02274    0.10598     0.02166    0.10452
63       0.02274    0.10598     0.02166    0.10452
64       0.02274    0.10598     0.02166    0.10452
65       0.02274    0.10598     0.02166    0.10452
66       0.02274    0.10598     0.02166    0.10452
67       0.02274    0.10598     0.02166    0.10452
68       0.02274    0.10598     0.02166    0.10451
69       0.02274    0.10598     0.02166    0.10451
70       0.02274    0.10598     0.02166    0.10451
71       0.02274    0.10598     0.02166    0.10451
72       0.02274    0.10598     0.02166    0.10451
73       0.02274    0.10598     0.02166    0.10451
74       0.02274    0.10598     0.02166    0.10451
75       0.02274    0.10598     0.02166    0.10451
76       0.02274    0.10598     0.02166    0.10451
77       0.02274    0.10598     0.02166    0.10451
78       0.02274    0.10598     0.02166    0.10451
79       0.02274    0.10598     0.02166    0.10451
80       0.02274    0.10598     0.02166    0.10451
81       0.02274    0.10598     0.02166    0.10451
82       0.02274    0.10598     0.02166    0.10451
83       0.02274    0.10598     0.02166    0.10451
84       0.02274    0.10598     0.02166    0.10451
85       0.02274    0.10598     0.02166    0.10451
86       0.02274    0.10598     0.02166    0.10451
87       0.02274    0.10598     0.02166    0.10451
88       0.02274    0.10598     0.02166    0.10451
89       0.02274    0.10598     0.02166    0.10451
90       0.02274    0.10598     0.02166    0.10451
91       0.02274    0.10598     0.02166    0.10451
92       0.02274    0.10598     0.02166    0.10451
93       0.02274    0.10598     0.02166    0.10451
94       0.02274    0.10598     0.02166    0.10451
95       0.02274    0.10598     0.02166    0.10451
96       0.02274    0.10598     0.02166    0.10451
97       0.02274    0.10598     0.02166    0.10451
98       0.02274    0.10598     0.02166    0.10451
99       0.02274    0.10598     0.02166    0.10451
100       0.02274    0.10598     0.02166    0.10451
101       0.02274    0.10598     0.02166    0.10451
102       0.02274    0.10598     0.02166    0.10451
103       0.02274    0.10598     0.02166    0.10451
104       0.02274    0.10598     0.02166    0.10451
105       0.02274    0.10598     0.02166    0.10451
106       0.02274    0.10598     0.02166    0.10451
107       0.02274    0.10598     0.02166    0.10451
108       0.02274    0.10598     0.02166    0.10451
109       0.02274    0.10598     0.02166    0.10451
110       0.02274    0.10598     0.02166    0.10451
111       0.02274    0.10598     0.02166    0.10451
112       0.02274    0.10598     0.02166    0.10451
113       0.02274    0.10598     0.02166    0.10451
114       0.02274    0.10598     0.02166    0.10451
115       0.02274    0.10598     0.02166    0.10451
116       0.02274    0.10598     0.02166    0.10451
117       0.02274    0.10598     0.02166    0.10451
118       0.02274    0.10598     0.02166    0.10451
119       0.02274    0.10598     0.02166    0.10451
120       0.02274    0.10598     0.02166    0.10451
121       0.02274    0.10598     0.02166    0.10451
122       0.02274    0.10598     0.02166    0.10451
123       0.02274    0.10598     0.02166    0.10451
124       0.02274    0.10598     0.02166    0.10451
125       0.02274    0.10598     0.02166    0.10451
126       0.02274    0.10598     0.02166    0.10451
127       0.02274    0.10598     0.02166    0.10451
128       0.02274    0.10598     0.02166    0.10451
129       0.02274    0.10598     0.02166    0.10451
130       0.02274    0.10598     0.02166    0.10451
131       0.02274    0.10598     0.02166    0.10451
132       0.02274    0.10598     0.02166    0.10451
133       0.02274    0.10598     0.02166    0.10451
134       0.02274    0.10598     0.02166    0.10451
135       0.02274    0.10598     0.02166    0.10451
136       0.02274    0.10598     0.02166    0.10451
137       0.02274    0.10598     0.02166    0.10451
138       0.02274    0.10598     0.02166    0.10451
139       0.02274    0.10598     0.02166    0.10451
140       0.02274    0.10598     0.02166    0.10451
141       0.02274    0.10598     0.02166    0.10451
142       0.02274    0.10598     0.02166    0.10451
143       0.02274    0.10598     0.02166    0.10451
144       0.02274    0.10598     0.02166    0.10451
145       0.02274    0.10598     0.02166    0.10451
146       0.02274    0.10598     0.02166    0.10451
147       0.02274    0.10598     0.02166    0.10451
148       0.02274    0.10598     0.02166    0.10451
149       0.02274    0.10598     0.02166    0.10451
150       0.02274    0.10598     0.02166    0.10451
151       0.02274    0.10598     0.02166    0.10451
152       0.02274    0.10598     0.02166    0.10451
153       0.02274    0.10598     0.02166    0.10451
154       0.02274    0.10598     0.02166    0.10451
155       0.02274    0.10598     0.02166    0.10451
156       0.02274    0.10598     0.02166    0.10451
157       0.02274    0.10598     0.02166    0.10451
158       0.02274    0.10598     0.02166    0.10451
159       0.02274    0.10598     0.02166    0.10451
160       0.02274    0.10598     0.02166    0.10451
161       0.02274    0.10598     0.02166    0.10451
162       0.02274    0.10598     0.02166    0.10451
163       0.02274    0.10598     0.02166    0.10451
164       0.02274    0.10598     0.02166    0.10451
165       0.02274    0.10598     0.02166    0.10451
166       0.02274    0.10598     0.02166    0.10451
167       0.02274    0.10598     0.02166    0.10451
168       0.02274    0.10598     0.02166    0.10451
169       0.02274    0.10598     0.02166    0.10451
170       0.02274    0.10598     0.02166    0.10451
171       0.02274    0.10598     0.02166    0.10451
172       0.02274    0.10598     0.02166    0.10451
173       0.02274    0.10598     0.02166    0.10451
174       0.02274    0.10598     0.02166    0.10451
175       0.02274    0.10598     0.02166    0.10451
176       0.02274    0.10598     0.02166    0.10451
177       0.02274    0.10598     0.02166    0.10451
178       0.02274    0.10598     0.02166    0.10451
179       0.02274    0.10598     0.02166    0.10451
180       0.02274    0.10598     0.02166    0.10451
181       0.02274    0.10598     0.02166    0.10451
182       0.02274    0.10598     0.02166    0.10451
183       0.02274    0.10598     0.02166    0.10451
184       0.02274    0.10598     0.02166    0.10451
185       0.02274    0.10598     0.02166    0.10451
186       0.02274    0.10598     0.02166    0.10451
187       0.02274    0.10598     0.02166    0.10451
188       0.02274    0.10598     0.02166    0.10451
189       0.02274    0.10598     0.02166    0.10451
190       0.02274    0.10598     0.02166    0.10451
191       0.02274    0.10598     0.02166    0.10451
192       0.02274    0.10598     0.02166    0.10451
193       0.02274    0.10598     0.02166    0.10451
194       0.02274    0.10598     0.02166    0.10451
195       0.02274    0.10598     0.02166    0.10451
196       0.02274    0.10598     0.02166    0.10451
197       0.02274    0.10598     0.02166    0.10451
198       0.02274    0.10598     0.02166    0.10451
199       0.02274    0.10598     0.02166    0.10451
200       0.02274    0.10598     0.02166    0.10451
201       0.02274    0.10598     0.02166    0.10451
202       0.02274    0.10598     0.02166    0.10451
203       0.02274    0.10598     0.02166    0.10451
204       0.02274    0.10598     0.02166    0.10451
205       0.02274    0.10598     0.02166    0.10451
206       0.02274    0.10598     0.02166    0.10451
207       0.02274    0.10598     0.02166    0.10451
208       0.02274    0.10598     0.02166    0.10451
209       0.02274    0.10598     0.02166    0.10451
210       0.02274    0.10598     0.02166    0.10451
211       0.02274    0.10598     0.02166    0.10451
212       0.02274    0.10598     0.02166    0.10451
213       0.02274    0.10598     0.02166    0.10451
214       0.02274    0.10598     0.02166    0.10451
215       0.02274    0.10598     0.02166    0.10451
216       0.02274    0.10598     0.02166    0.10451
217       0.02274    0.10598     0.02166    0.10451
218       0.02274    0.10598     0.02166    0.10451
219       0.02274    0.10598     0.02166    0.10451
220       0.02274    0.10598     0.02166    0.10451
221       0.02274    0.10598     0.02166    0.10451
222       0.02274    0.10598     0.02166    0.10451
223       0.02274    0.10598     0.02166    0.10451
224       0.02274    0.10598     0.02166    0.10451
225       0.02274    0.10598     0.02166    0.10451
226       0.02274    0.10598     0.02166    0.10451
227       0.02274    0.10598     0.02166    0.10451
228       0.02274    0.10598     0.02166    0.10451
229       0.02274    0.10598     0.02166    0.10451
230       0.02274    0.10598     0.02166    0.10451
231       0.02274    0.10598     0.02166    0.10451
232       0.02274    0.10598     0.02166    0.10451
233       0.02274    0.10598     0.02166    0.10451
234       0.02274    0.10598     0.02166    0.10451
235       0.02274    0.10598     0.02166    0.10451
236       0.02274    0.10598     0.02166    0.10451
237       0.02274    0.10598     0.02166    0.10451
238       0.02274    0.10598     0.02166    0.10451
239       0.02274    0.10598     0.02166    0.10451
240       0.02274    0.10598     0.02166    0.10451
241       0.02274    0.10598     0.02166    0.10451
242       0.02274    0.10598     0.02166    0.10451
243       0.02274    0.10598     0.02166    0.10451
244       0.02274    0.10598     0.02166    0.10451
245       0.02274    0.10598     0.02166    0.10451
246       0.02274    0.10598     0.02166    0.10451
247       0.02274    0.10598     0.02166    0.10451
248       0.02274    0.10598     0.02166    0.10451
249       0.02274    0.10598     0.02166    0.10451
250       0.02274    0.10598     0.02166    0.10451
251       0.02274    0.10598     0.02166    0.10451
252       0.02274    0.10598     0.02166    0.10451
253       0.02274    0.10598     0.02166    0.10451
254       0.02274    0.10598     0.02166    0.10451
255       0.02274    0.10598     0.02166    0.10451
256       0.02274    0.10598     0.02166    0.10451
257       0.02274    0.10598     0.02166    0.10451
258       0.02274    0.10598     0.02166    0.10451
259       0.02274    0.10598     0.02166    0.10451
260       0.02274    0.10598     0.02166    0.10451
261       0.02274    0.10598     0.02166    0.10451
262       0.02274    0.10598     0.02166    0.10451
263       0.02274    0.10598     0.02166    0.10451
264       0.02274    0.10598     0.02166    0.10451
265       0.02274    0.10598     0.02166    0.10451
266       0.02274    0.10598     0.02166    0.10451
267       0.02274    0.10598     0.02166    0.10451
268       0.02274    0.10598     0.02166    0.10451
269       0.02274    0.10598     0.02166    0.10451
270       0.02274    0.10598     0.02166    0.10451
271       0.02274    0.10598     0.02166    0.10451
272       0.02274    0.10598     0.02166    0.10451
273       0.02274    0.10598     0.02166    0.10451
274       0.02274    0.10598     0.02166    0.10451
275       0.02274    0.10598     0.02166    0.10451
276       0.02274    0.10598     0.02166    0.10451
277       0.02274    0.10598     0.02166    0.10451
278       0.02274    0.10598     0.02166    0.10451
279       0.02274    0.10598     0.02166    0.10451
280       0.02274    0.10598     0.02166    0.10451
281       0.02274    0.10598     0.02166    0.10451
282       0.02274    0.10598     0.02166    0.10451
283       0.02274    0.10598     0.02166    0.10451
284       0.02274    0.10598     0.02166    0.10451
285       0.02274    0.10598     0.02166    0.10451
286       0.02274    0.10598     0.02166    0.10451
287       0.02274    0.10598     0.02166    0.10451
288       0.02274    0.10598     0.02166    0.10451
289       0.02274    0.10598     0.02166    0.10451
290       0.02274    0.10598     0.02166    0.10451
291       0.02274    0.10598     0.02166    0.10451
292       0.02274    0.10598     0.02166    0.10451
293       0.02274    0.10598     0.02166    0.10451
294       0.02274    0.10598     0.02166    0.10451
295       0.02274    0.10598     0.02166    0.10451
296       0.02274    0.10598     0.02166    0.10451
297       0.02274    0.10598     0.02166    0.10451
298       0.02274    0.10598     0.02166    0.10451
299       0.02274    0.10598     0.02166    0.10451
300       0.02274    0.10598     0.02166    0.10451
301       0.02274    0.10598     0.02166    0.10451
302       0.02274    0.10598     0.02166    0.10451
303       0.02274    0.10598     0.02166    0.10451
304       0.02274    0.10598     0.02166    0.10451
305       0.02274    0.10598     0.02166    0.10451
306       0.02274    0.10598     0.02166    0.10451
307       0.02274    0.10598     0.02166    0.10451
308       0.02274    0.10598     0.02166    0.10451
309       0.02274    0.10598     0.02166    0.10451
310       0.02274    0.10598     0.02166    0.10451
311       0.02274    0.10598     0.02166    0.10451
312       0.02274    0.10598     0.02166    0.10451
313       0.02274    0.10598     0.02166    0.10451
314       0.02274    0.10598     0.02166    0.10451
315       0.02274    0.10598     0.02166    0.10451
316       0.02274    0.10598     0.02166    0.10451
317       0.02274    0.10598     0.02166    0.10451
318       0.02274    0.10598     0.02166    0.10451
319       0.02274    0.10598     0.02166    0.10451
320       0.02274    0.10598     0.02166    0.10451
321       0.02274    0.10598     0.02166    0.10451
322       0.02274    0.10598     0.02166    0.10451
323       0.02274    0.10598     0.02166    0.10451
324       0.02274    0.10598     0.02166    0.10451
325       0.02274    0.10598     0.02166    0.10451
326       0.02274    0.10598     0.02166    0.10451
327       0.02274    0.10598     0.02166    0.10451
328       0.02274    0.10598     0.02166    0.10451
329       0.02274    0.10598     0.02166    0.10451
330       0.02274    0.10598     0.02166    0.10451
331       0.02274    0.10598     0.02166    0.10451
332       0.02274    0.10598     0.02166    0.10451
333       0.02274    0.10598     0.02166    0.10451
334       0.02274    0.10598     0.02166    0.10451
335       0.02274    0.10598     0.02166    0.10451
336       0.02274    0.10598     0.02166    0.10451
337       0.02274    0.10598     0.02166    0.10451
338       0.02274    0.10598     0.02166    0.10451
339       0.02274    0.10598     0.02166    0.10451
340       0.02274    0.10598     0.02166    0.10451
341       0.02274    0.10598     0.02166    0.10451
342       0.02274    0.10598     0.02166    0.10451
343       0.02274    0.10598     0.02166    0.10451
344       0.02274    0.10598     0.02166    0.10451
345       0.02274    0.10598     0.02166    0.10451
346       0.02274    0.10598     0.02166    0.10451
347       0.02274    0.10598     0.02166    0.10451
348       0.02274    0.10598     0.02166    0.10451
349       0.02274    0.10598     0.02166    0.10451
350       0.02274    0.10598     0.02166    0.10451
351       0.02274    0.10598     0.02166    0.10451
352       0.02274    0.10598     0.02166    0.10451
353       0.02274    0.10598     0.02166    0.10451
354       0.02274    0.10598     0.02166    0.10451
355       0.02274    0.10598     0.02166    0.10451
356       0.02274    0.10598     0.02166    0.10451
357       0.02274    0.10598     0.02166    0.10451
358       0.02274    0.10598     0.02166    0.10451
359       0.02274    0.10598     0.02166    0.10451
360       0.02274    0.10598     0.02166    0.10451
361       0.02274    0.10598     0.02166    0.10451
362       0.02274    0.10598     0.02166    0.10451
363       0.02274    0.10598     0.02166    0.10451
364       0.02274    0.10598     0.02166    0.10451
365       0.02274    0.10598     0.02166    0.10451
366       0.02274    0.10598     0.02166    0.10451
367       0.02274    0.10598     0.02166    0.10451
368       0.02274    0.10598     0.02166    0.10451
369       0.02274    0.10598     0.02166    0.10451
370       0.02274    0.10598     0.02166    0.10451
371       0.02274    0.10598     0.02166    0.10451
372       0.02274    0.10598     0.02166    0.10451
373       0.02274    0.10598     0.02166    0.10451
374       0.02274    0.10598     0.02166    0.10451
375       0.02274    0.10598     0.02166    0.10451
376       0.02274    0.10598     0.02166    0.10451
377       0.02274    0.10598     0.02166    0.10451
378       0.02274    0.10598     0.02166    0.10451
379       0.02274    0.10598     0.02166    0.10451
380       0.02274    0.10598     0.02166    0.10451
381       0.02274    0.10598     0.02166    0.10451
382       0.02274    0.10598     0.02166    0.10451
383       0.02274    0.10598     0.02166    0.10451
384       0.02274    0.10598     0.02166    0.10451
385       0.02274    0.10598     0.02166    0.10451
386       0.02274    0.10598     0.02166    0.10451
387       0.02274    0.10598     0.02166    0.10451
388       0.02274    0.10598     0.02166    0.10451
389       0.02274    0.10598     0.02166    0.10451
390       0.02274    0.10598     0.02166    0.10451
391       0.02274    0.10598     0.02166    0.10451
392       0.02274    0.10598     0.02166    0.10451
393       0.02274    0.10598     0.02166    0.10451
394       0.02274    0.10598     0.02166    0.10451
395       0.02274    0.10598     0.02166    0.10451
396       0.02274    0.10598     0.02166    0.10451
397       0.02274    0.10598     0.02166    0.10451
398       0.02274    0.10598     0.02166    0.10451
399       0.02274    0.10598     0.02166    0.10451
400       0.02274    0.10598     0.02166    0.10451
401       0.02274    0.10598     0.02166    0.10451
402       0.02274    0.10598     0.02166    0.10451
403       0.02274    0.10598     0.02166    0.10451
404       0.02274    0.10598     0.02166    0.10451
405       0.02274    0.10598     0.02166    0.10451
406       0.02274    0.10598     0.02166    0.10451
407       0.02274    0.10598     0.02166    0.10451
408       0.02274    0.10598     0.02166    0.10451
409       0.02274    0.10598     0.02166    0.10451
410       0.02274    0.10598     0.02166    0.10451
411       0.02274    0.10598     0.02166    0.10451
412       0.02274    0.10598     0.02166    0.10451
413       0.02274    0.10598     0.02166    0.10451
414       0.02274    0.10598     0.02166    0.10451
415       0.02274    0.10598     0.02166    0.10451
416       0.02274    0.10598     0.02166    0.10451
417       0.02274    0.10598     0.02166    0.10451
418       0.02274    0.10598     0.02166    0.10451
419       0.02274    0.10598     0.02166    0.10451
420       0.02274    0.10598     0.02166    0.10451
421       0.02274    0.10598     0.02166    0.10451
422       0.02274    0.10598     0.02166    0.10451
423       0.02274    0.10598     0.02166    0.10451
424       0.02274    0.10598     0.02166    0.10451
425       0.02274    0.10598     0.02166    0.10451
426       0.02274    0.10598     0.02166    0.10451
427       0.02274    0.10598     0.02166    0.10451
428       0.02274    0.10598     0.02166    0.10451
429       0.02274    0.10598     0.02166    0.10451
430       0.02274    0.10598     0.02166    0.10451
431       0.02274    0.10598     0.02166    0.10451
432       0.02274    0.10598     0.02166    0.10451
433       0.02274    0.10598     0.02166    0.10451
434       0.02274    0.10598     0.02166    0.10451
435       0.02274    0.10598     0.02166    0.10451
436       0.02274    0.10598     0.02166    0.10451
437       0.02274    0.10598     0.02166    0.10451
438       0.02274    0.10598     0.02166    0.10451
439       0.02274    0.10598     0.02166    0.10451
440       0.02274    0.10598     0.02166    0.10451
441       0.02274    0.10598     0.02166    0.10451
442       0.02274    0.10598     0.02166    0.10451
443       0.02274    0.10598     0.02166    0.10451
444       0.02274    0.10598     0.02166    0.10451
445       0.02274    0.10598     0.02166    0.10451
446       0.02274    0.10598     0.02166    0.10451
447       0.02274    0.10598     0.02166    0.10451
448       0.02274    0.10598     0.02166    0.10451
449       0.02274    0.10598     0.02166    0.10451
450       0.02274    0.10598     0.02166    0.10451
451       0.02274    0.10598     0.02166    0.10451
452       0.02274    0.10598     0.02166    0.10451
453       0.02274    0.10598     0.02166    0.10451
454       0.02274    0.10598     0.02166    0.10451
455       0.02274    0.10598     0.02166    0.10451
456       0.02274    0.10598     0.02166    0.10451
457       0.02274    0.10598     0.02166    0.10451
458       0.02274    0.10598     0.02166    0.10451
459       0.02274    0.10598     0.02166    0.10451
460       0.02274    0.10598     0.02166    0.10451
461       0.02274    0.10598     0.02166    0.10451
462       0.02274    0.10598     0.02166    0.10451
463       0.02274    0.10598     0.02166    0.10451
464       0.02274    0.10598     0.02166    0.10451
465       0.02274    0.10598     0.02166    0.10451
466       0.02274    0.10598     0.02166    0.10451
467       0.02274    0.10598     0.02166    0.10451
468       0.02274    0.10598     0.02166    0.10451
469       0.02274    0.10598     0.02166    0.10451
470       0.02274    0.10598     0.02166    0.10451
471       0.02274    0.10598     0.02166    0.10451
472       0.02274    0.10598     0.02166    0.10451
473       0.02274    0.10598     0.02166    0.10451
474       0.02274    0.10598     0.02166    0.10451
475       0.02274    0.10598     0.02166    0.10451
476       0.02274    0.10598     0.02166    0.10451
477       0.02274    0.10598     0.02166    0.10451
478       0.02274    0.10598     0.02166    0.10451
479       0.02274    0.10598     0.02166    0.10451
480       0.02274    0.10598     0.02166    0.10451
481       0.02274    0.10598     0.02166    0.10451
482       0.02274    0.10598     0.02166    0.10451
483       0.02274    0.10598     0.02166    0.10451
484       0.02274    0.10598     0.02166    0.10451
485       0.02274    0.10598     0.02166    0.10451
486       0.02274    0.10598     0.02166    0.10451
487       0.02274    0.10598     0.02166    0.10451
488       0.02274    0.10598     0.02166    0.10451
489       0.02274    0.10598     0.02166    0.10451
490       0.02274    0.10598     0.02166    0.10451
491       0.02274    0.10598     0.02166    0.10451
492       0.02274    0.10598     0.02166    0.10451
493       0.02274    0.10598     0.02166    0.10451
494       0.02274    0.10598     0.02166    0.10451
495       0.02274    0.10598     0.02166    0.10451
496       0.02274    0.10598     0.02166    0.10451
497       0.02274    0.10598     0.02166    0.10451
498       0.02274    0.10598     0.02166    0.10451
499       0.02274    0.10598     0.02166    0.10451
500       0.02274    0.10598     0.02166    0.10451
501       0.02274    0.10598     0.02166    0.10451
502       0.02274    0.10598     0.02166    0.10451
503       0.02274    0.10598     0.02166    0.10451
504       0.02274    0.10598     0.02166    0.10451
505       0.02274    0.10598     0.02166    0.10451
506       0.02274    0.10598     0.02166    0.10451
507       0.02274    0.10598     0.02166    0.10451
508       0.02274    0.10598     0.02166    0.10451
509       0.02274    0.10598     0.02166    0.10451
510       0.02274    0.10598     0.02166    0.10451
511       0.02274    0.10598     0.02166    0.10451
512       0.02274    0.10598     0.02166    0.10451
513       0.02274    0.10598     0.02166    0.10451
514       0.02274    0.10598     0.02166    0.10451
515       0.02274    0.10598     0.02166    0.10451
516       0.02274    0.10598     0.02166    0.10451
517       0.02274    0.10598     0.02166    0.10451
518       0.02274    0.10598     0.02166    0.10451
519       0.02274    0.10598     0.02166    0.10451
520       0.02274    0.10598     0.02166    0.10451
521       0.02274    0.10598     0.02166    0.10451
522       0.02274    0.10598     0.02166    0.10451
523       0.02274    0.10598     0.02166    0.10451
524       0.02274    0.10598     0.02166    0.10451
525       0.02274    0.10598     0.02166    0.10451
526       0.02274    0.10598     0.02166    0.10451
527       0.02274    0.10598     0.02166    0.10451
528       0.02274    0.10598     0.02166    0.10451
529       0.02274    0.10598     0.02166    0.10451
530       0.02274    0.10598     0.02166    0.10451
531       0.02274    0.10598     0.02166    0.10451
532       0.02274    0.10598     0.02166    0.10451
533       0.02274    0.10598     0.02166    0.10451
534       0.02274    0.10598     0.02166    0.10451
535       0.02274    0.10598     0.02166    0.10451
536       0.02274    0.10598     0.02166    0.10451
537       0.02274    0.10598     0.02166    0.10451
538       0.02274    0.10598     0.02166    0.10451
539       0.02274    0.10598     0.02166    0.10451
540       0.02274    0.10598     0.02166    0.10451
541       0.02274    0.10598     0.02166    0.10451
542       0.02274    0.10598     0.02166    0.10451
543       0.02274    0.10598     0.02166    0.10451
544       0.02274    0.10598     0.02166    0.10451
545       0.02274    0.10598     0.02166    0.10451
546       0.02274    0.10598     0.02166    0.10451
547       0.02274    0.10598     0.02166    0.10451
548       0.02274    0.10598     0.02166    0.10451
549       0.02274    0.10598     0.02166    0.10451
550       0.02274    0.10598     0.02166    0.10451
551       0.02274    0.10598     0.02166    0.10451
552       0.02274    0.10598     0.02166    0.10451
553       0.02274    0.10598     0.02166    0.10451
554       0.02274    0.10598     0.02166    0.10451
555       0.02274    0.10598     0.02166    0.10451
556       0.02274    0.10598     0.02166    0.10451
557       0.02274    0.10598     0.02166    0.10451
558       0.02274    0.10598     0.02166    0.10451
559       0.02274    0.10598     0.02166    0.10451
560       0.02274    0.10598     0.02166    0.10451
561       0.02274    0.10598     0.02166    0.10451
562       0.02274    0.10598     0.02166    0.10451
563       0.02274    0.10598     0.02166    0.10451
564       0.02274    0.10598     0.02166    0.10451
565       0.02274    0.10598     0.02166    0.10451
566       0.02274    0.10598     0.02166    0.10451
567       0.02274    0.10598     0.02166    0.10451
568       0.02274    0.10598     0.02166    0.10451
569       0.02274    0.10598     0.02166    0.10451
570       0.02274    0.10598     0.02166    0.10451
571       0.02274    0.10598     0.02166    0.10451
572       0.02274    0.10598     0.02166    0.10451
573       0.02274    0.10598     0.02166    0.10451
574       0.02274    0.10598     0.02166    0.10451
575       0.02274    0.10598     0.02166    0.10451
576       0.02274    0.10598     0.02166    0.10451
577       0.02274    0.10598     0.02166    0.10451
578       0.02274    0.10598     0.02166    0.10451
579       0.02274    0.10598     0.02166    0.10451
580       0.02274    0.10598     0.02166    0.10451
581       0.02274    0.10598     0.02166    0.10451
582       0.02274    0.10598     0.02166    0.10451
583       0.02274    0.10598     0.02166    0.10451
584       0.02274    0.10598     0.02166    0.10451
585       0.02274    0.10598     0.02166    0.10451
586       0.02274    0.10598     0.02166    0.10451
587       0.02274    0.10598     0.02166    0.10451
588       0.02274    0.10598     0.02166    0.10451
589       0.02274    0.10598     0.02166    0.10451
590       0.02274    0.10598     0.02166    0.10451
591       0.02274    0.10598     0.02166    0.10451
592       0.02274    0.10598     0.02166    0.10451
593       0.02274    0.10598     0.02166    0.10451
594       0.02274    0.10598     0.02166    0.10451
595       0.02274    0.10598     0.02166    0.10451
596       0.02274    0.10598     0.02166    0.10451
597       0.02274    0.10598     0.02166    0.10451
598       0.02274    0.10598     0.02166    0.10451
599       0.02274    0.10598     0.02166    0.10451
600       0.02274    0.10598     0.02166    0.10451
601       0.02274    0.10598     0.02166    0.10451
602       0.02274    0.10598     0.02166    0.10451
603       0.02274    0.10598     0.02166    0.10451
604       0.02274    0.10598     0.02166    0.10451
605       0.02274    0.10598     0.02166    0.10451
606       0.02274    0.10598     0.02166    0.10451
607       0.02274    0.10598     0.02166    0.10451
608       0.02274    0.10598     0.02166    0.10451
609       0.02274    0.10598     0.02166    0.10451
610       0.02274    0.10598     0.02166    0.10451
611       0.02274    0.10598     0.02166    0.10451
612       0.02274    0.10598     0.02166    0.10451
613       0.02274    0.10598     0.02166    0.10451
614       0.02274    0.10598     0.02166    0.10451
615       0.02274    0.10598     0.02166    0.10451
616       0.02274    0.10598     0.02166    0.10451
617       0.02274    0.10598     0.02166    0.10451
618       0.02274    0.10598     0.02166    0.10451
619       0.02274    0.10598     0.02166    0.10451
620       0.02274    0.10598     0.02166    0.10451
621       0.02274    0.10598     0.02166    0.10451
622       0.02274    0.10598     0.02166    0.10451
623       0.02274    0.10598     0.02166    0.10451
624       0.02274    0.10598     0.02166    0.10451
625       0.02274    0.10598     0.02166    0.10451
626       0.02274    0.10598     0.02166    0.10451
627       0.02274    0.10598     0.02166    0.10451
628       0.02274    0.10598     0.02166    0.10451
629       0.02274    0.10598     0.02166    0.10451
630       0.02274    0.10598     0.02166    0.10451
631       0.02274    0.10598     0.02166    0.10451
632       0.02274    0.10598     0.02166    0.10451
633       0.02274    0.10598     0.02166    0.10451
634       0.02274    0.10598     0.02166    0.10451
635       0.02274    0.10598     0.02166    0.10451
636       0.02274    0.10598     0.02166    0.10451
637       0.02274    0.10598     0.02166    0.10451
638       0.02274    0.10598     0.02166    0.10451
639       0.02274    0.10598     0.02166    0.10451
640       0.02274    0.10598     0.02166    0.10451
641       0.02274    0.10598     0.02166    0.10451
642       0.02274    0.10598     0.02166    0.10451
643       0.02274    0.10598     0.02166    0.10451
644       0.02274    0.10598     0.02166    0.10451
645       0.02274    0.10598     0.02166    0.10451
646       0.02274    0.10598     0.02166    0.10451
647       0.02274    0.10598     0.02166    0.10451
648       0.02274    0.10598     0.02166    0.10451
649       0.02274    0.10598     0.02166    0.10451
650       0.02274    0.10598     0.02166    0.10451
651       0.02274    0.10598     0.02166    0.10451
652       0.02274    0.10598     0.02166    0.10451
653       0.02274    0.10598     0.02166    0.10451
654       0.02274    0.10598     0.02166    0.10451
655       0.02274    0.10598     0.02166    0.10451
656       0.02274    0.10598     0.02166    0.10451
657       0.02274    0.10598     0.02166    0.10451
658       0.02274    0.10598     0.02166    0.10451
659       0.02274    0.10598     0.02166    0.10451
660       0.02274    0.10598     0.02166    0.10451
661       0.02274    0.10598     0.02166    0.10451
662       0.02274    0.10598     0.02166    0.10451
663       0.02274    0.10598     0.02166    0.10451
664       0.02274    0.10598     0.02166    0.10451
665       0.02274    0.10598     0.02166    0.10451
666       0.02274    0.10598     0.02166    0.10451
667       0.02274    0.10598     0.02166    0.10451
668       0.02274    0.10598     0.02166    0.10451
669       0.02274    0.10598     0.02166    0.10451
670       0.02274    0.10598     0.02166    0.10451
671       0.02274    0.10598     0.02166    0.10451
672       0.02274    0.10598     0.02166    0.10451
673       0.02274    0.10598     0.02166    0.10451
674       0.02274    0.10598     0.02166    0.10451
675       0.02274    0.10598     0.02166    0.10451
676       0.02274    0.10598     0.02166    0.10451
677       0.02274    0.10598     0.02166    0.10451
678       0.02274    0.10598     0.02166    0.10451
679       0.02274    0.10598     0.02166    0.10451
680       0.02274    0.10598     0.02166    0.10451
681       0.02274    0.10598     0.02166    0.10451
682       0.02274    0.10598     0.02166    0.10451
683       0.02274    0.10598     0.02166    0.10451
684       0.02274    0.10598     0.02166    0.10451
685       0.02274    0.10598     0.02166    0.10451
686       0.02274    0.10598     0.02166    0.10451
687       0.02274    0.10598     0.02166    0.10451
688       0.02274    0.10598     0.02166    0.10451
689       0.02274    0.10598     0.02166    0.10451
690       0.02274    0.10598     0.02166    0.10451
691       0.02274    0.10598     0.02166    0.10451
692       0.02274    0.10598     0.02166    0.10451
693       0.02274    0.10598     0.02166    0.10451
694       0.02274    0.10598     0.02166    0.10451
695       0.02274    0.10598     0.02166    0.10451
696       0.02274    0.10598     0.02166    0.10451
697       0.02274    0.10598     0.02166    0.10451
698       0.02274    0.10598     0.02166    0.10451
699       0.02274    0.10598     0.02166    0.10451
700       0.02274    0.10598     0.02166    0.10451
701       0.02274    0.10598     0.02166    0.10451
702       0.02274    0.10598     0.02166    0.10451
703       0.02274    0.10598     0.02166    0.10451
704       0.02274    0.10598     0.02166    0.10451
705       0.02274    0.10598     0.02166    0.10451
706       0.02274    0.10598     0.02166    0.10451
707       0.02274    0.10598     0.02166    0.10451
708       0.02274    0.10598     0.02166    0.10451
709       0.02274    0.10598     0.02166    0.10451
710       0.02274    0.10598     0.02166    0.10451
711       0.02274    0.10598     0.02166    0.10451
712       0.02274    0.10598     0.02166    0.10451
713       0.02274    0.10598     0.02166    0.10451
714       0.02274    0.10598     0.02166    0.10451
715       0.02274    0.10598     0.02166    0.10451
716       0.02274    0.10598     0.02166    0.10451
717       0.02274    0.10598     0.02166    0.10451
718       0.02274    0.10598     0.02166    0.10451
719       0.02274    0.10598     0.02166    0.10451
720       0.02274    0.10598     0.02166    0.10451
721       0.02274    0.10598     0.02166    0.10451
722       0.02274    0.10598     0.02166    0.10451
723       0.02274    0.10598     0.02166    0.10451
724       0.02274    0.10598     0.02166    0.10451
725       0.02274    0.10598     0.02166    0.10451
726       0.02274    0.10598     0.02166    0.10451
727       0.02274    0.10598     0.02166    0.10451
728       0.02274    0.10598     0.02166    0.10451
729       0.02274    0.10598     0.02166    0.10451
730       0.02274    0.10598     0.02166    0.10451
731       0.02274    0.10598     0.02166    0.10451
732       0.02274    0.10598     0.02166    0.10451
733       0.02274    0.10598     0.02166    0.10451
734       0.02274    0.10598     0.02166    0.10451
735       0.02274    0.10598     0.02166    0.10451
736       0.02274    0.10598     0.02166    0.10451
737       0.02274    0.10598     0.02166    0.10451
738       0.02274    0.10598     0.02166    0.10451
739       0.02274    0.10598     0.02166    0.10451
740       0.02274    0.10598     0.02166    0.10451
741       0.02274    0.10598     0.02166    0.10451
742       0.02274    0.10598     0.02166    0.10451
743       0.02274    0.10598     0.02166    0.10451
744       0.02274    0.10598     0.02166    0.10451
745       0.02274    0.10598     0.02166    0.10451
746       0.02274    0.10598     0.02166    0.10451
747       0.02274    0.10598     0.02166    0.10451
748       0.02274    0.10598     0.02166    0.10451
749       0.02274    0.10598     0.02166    0.10451
750       0.02274    0.10598     0.02166    0.10451
751       0.02274    0.10598     0.02166    0.10451
752       0.02274    0.10598     0.02166    0.10451
753       0.02274    0.10598     0.02166    0.10451
754       0.02274    0.10598     0.02166    0.10451
755       0.02274    0.10598     0.02166    0.10451
756       0.02274    0.10598     0.02166    0.10451
757       0.02274    0.10598     0.02166    0.10451
758       0.02274    0.10598     0.02166    0.10451
759       0.02274    0.10598     0.02166    0.10451
760       0.02274    0.10598     0.02166    0.10451
761       0.02274    0.10598     0.02166    0.10451
762       0.02274    0.10598     0.02166    0.10451
763       0.02274    0.10598     0.02166    0.10451
764       0.02274    0.10598     0.02166    0.10451
765       0.02274    0.10598     0.02166    0.10451
766       0.02274    0.10598     0.02166    0.10451
767       0.02274    0.10598     0.02166    0.10451
768       0.02274    0.10598     0.02166    0.10451
769       0.02274    0.10598     0.02166    0.10451
770       0.02274    0.10598     0.02166    0.10451
771       0.02274    0.10598     0.02166    0.10451
772       0.02274    0.10598     0.02166    0.10451
773       0.02274    0.10598     0.02166    0.10451
774       0.02274    0.10598     0.02166    0.10451
775       0.02274    0.10598     0.02166    0.10451
776       0.02274    0.10598     0.02166    0.10451
777       0.02274    0.10598     0.02166    0.10451
778       0.02274    0.10598     0.02166    0.10451
779       0.02274    0.10598     0.02166    0.10451
780       0.02274    0.10598     0.02166    0.10451
781       0.02274    0.10598     0.02166    0.10451
782       0.02274    0.10598     0.02166    0.10451
783       0.02274    0.10598     0.02166    0.10451
784       0.02274    0.10598     0.02166    0.10451
785       0.02274    0.10598     0.02166    0.10451
786       0.02274    0.10598     0.02166    0.10451
787       0.02274    0.10598     0.02166    0.10451
788       0.02274    0.10598     0.02166    0.10451
789       0.02274    0.10598     0.02166    0.10451
790       0.02274    0.10598     0.02166    0.10451
791       0.02274    0.10598     0.02166    0.10451
792       0.02274    0.10598     0.02166    0.10451
793       0.02274    0.10598     0.02166    0.10451
794       0.02274    0.10598     0.02166    0.10451
795       0.02274    0.10598     0.02166    0.10451
796       0.02274    0.10598     0.02166    0.10451
797       0.02274    0.10598     0.02166    0.10451
798       0.02274    0.10598     0.02166    0.10451
799       0.02274    0.10598     0.02166    0.10451
800       0.02274    0.10598     0.02166    0.10451
801       0.02274    0.10598     0.02166    0.10451
802       0.02274    0.10598     0.02166    0.10451
803       0.02274    0.10598     0.02166    0.10451
804       0.02274    0.10598     0.02166    0.10451
805       0.02274    0.10598     0.02166    0.10451
806       0.02274    0.10598     0.02166    0.10451
807       0.02274    0.10598     0.02166    0.10451
808       0.02274    0.10598     0.02166    0.10451
809       0.02274    0.10598     0.02166    0.10451
810       0.02274    0.10598     0.02166    0.10451
811       0.02274    0.10598     0.02166    0.10451
812       0.02274    0.10598     0.02166    0.10451
813       0.02274    0.10598     0.02166    0.10451
814       0.02274    0.10598     0.02166    0.10451
815       0.02274    0.10598     0.02166    0.10451
816       0.02274    0.10598     0.02166    0.10451
817       0.02274    0.10598     0.02166    0.10451
818       0.02274    0.10598     0.02166    0.10451
819       0.02274    0.10598     0.02166    0.10451
820       0.02274    0.10598     0.02166    0.10451
821       0.02274    0.10598     0.02166    0.10451
822       0.02274    0.10598     0.02166    0.10451
823       0.02274    0.10598     0.02166    0.10451
824       0.02274    0.10598     0.02166    0.10451
825       0.02274    0.10598     0.02166    0.10451
826       0.02274    0.10598     0.02166    0.10451
827       0.02274    0.10598     0.02166    0.10451
828       0.02274    0.10598     0.02166    0.10451
829       0.02274    0.10598     0.02166    0.10451
830       0.02274    0.10598     0.02166    0.10451
831       0.02274    0.10598     0.02166    0.10451
832       0.02274    0.10598     0.02166    0.10451
833       0.02274    0.10598     0.02166    0.10451
834       0.02274    0.10598     0.02166    0.10451
835       0.02274    0.10598     0.02166    0.10451
836       0.02274    0.10598     0.02166    0.10451
837       0.02274    0.10598     0.02166    0.10451
838       0.02274    0.10598     0.02166    0.10451
839       0.02274    0.10598     0.02166    0.10451
840       0.02274    0.10598     0.02166    0.10451
841       0.02274    0.10598     0.02166    0.10451
842       0.02274    0.10598     0.02166    0.10451
843       0.02274    0.10598     0.02166    0.10451
844       0.02274    0.10598     0.02166    0.10451
845       0.02274    0.10598     0.02166    0.10451
846       0.02274    0.10598     0.02166    0.10451
847       0.02274    0.10598     0.02166    0.10451
848       0.02274    0.10598     0.02166    0.10451
849       0.02274    0.10598     0.02166    0.10451
850       0.02274    0.10598     0.02166    0.10451
851       0.02274    0.10598     0.02166    0.10451
852       0.02274    0.10598     0.02166    0.10451
853       0.02274    0.10598     0.02166    0.10451
854       0.02274    0.10598     0.02166    0.10451
855       0.02274    0.10598     0.02166    0.10451
856       0.02274    0.10598     0.02166    0.10451
857       0.02274    0.10598     0.02166    0.10451
858       0.02274    0.10598     0.02166    0.10451
859       0.02274    0.10598     0.02166    0.10451
860       0.02274    0.10598     0.02166    0.10451
861       0.02274    0.10598     0.02166    0.10451
862       0.02274    0.10598     0.02166    0.10451
863       0.02274    0.10598     0.02166    0.10451
864       0.02274    0.10598     0.02166    0.10451
865       0.02274    0.10598     0.02166    0.10451
866       0.02274    0.10598     0.02166    0.10451
867       0.02274    0.10598     0.02166    0.10451
868       0.02274    0.10598     0.02166    0.10451
869       0.02274    0.10598     0.02166    0.10451
870       0.02274    0.10598     0.02166    0.10451
871       0.02274    0.10598     0.02166    0.10451
872       0.02274    0.10598     0.02166    0.10451
873       0.02274    0.10598     0.02166    0.10451
874       0.02274    0.10598     0.02166    0.10451
875       0.02274    0.10598     0.02166    0.10451
876       0.02274    0.10598     0.02166    0.10451
877       0.02274    0.10598     0.02166    0.10451
878       0.02274    0.10598     0.02166    0.10451
879       0.02274    0.10598     0.02166    0.10451
880       0.02274    0.10598     0.02166    0.10451
881       0.02274    0.10598     0.02166    0.10451
882       0.02274    0.10598     0.02166    0.10451
883       0.02274    0.10598     0.02166    0.10451
884       0.02274    0.10598     0.02166    0.10451
885       0.02274    0.10598     0.02166    0.10451
886       0.02274    0.10598     0.02166    0.10451
887       0.02274    0.10598     0.02166    0.10451
888       0.02274    0.10598     0.02166    0.10451
889       0.02274    0.10598     0.02166    0.10451
890       0.02274    0.10598     0.02166    0.10451
891       0.02274    0.10598     0.02166    0.10451
892       0.02274    0.10598     0.02166    0.10451
893       0.02274    0.10598     0.02166    0.10451
894       0.02274    0.10598     0.02166    0.10451
895       0.02274    0.10598     0.02166    0.10451
896       0.02274    0.10598     0.02166    0.10451
897       0.02274    0.10598     0.02166    0.10451
898       0.02274    0.10598     0.02166    0.10451
899       0.02274    0.10598     0.02166    0.10451
900       0.02274    0.10598     0.02166    0.10451
901       0.02274    0.10598     0.02166    0.10451
902       0.02274    0.10598     0.02166    0.10451
903       0.02274    0.10598     0.02166    0.10451
904       0.02274    0.10598     0.02166    0.10451
905       0.02274    0.10598     0.02166    0.10451
906       0.02274    0.10598     0.02166    0.10451
907       0.02274    0.10598     0.02166    0.10451
908       0.02274    0.10598     0.02166    0.10451
909       0.02274    0.10598     0.02166    0.10451
910       0.02274    0.10598     0.02166    0.10451
911       0.02274    0.10598     0.02166    0.10451
912       0.02274    0.10598     0.02166    0.10451
913       0.02274    0.10598     0.02166    0.10451
914       0.02274    0.10598     0.02166    0.10451
915       0.02274    0.10598     0.02166    0.10451
916       0.02274    0.10598     0.02166    0.10451
917       0.02274    0.10598     0.02166    0.10451
918       0.02274    0.10598     0.02166    0.10451
919       0.02274    0.10598     0.02166    0.10451
920       0.02274    0.10598     0.02166    0.10451
921       0.02274    0.10598     0.02166    0.10451
922       0.02274    0.10598     0.02166    0.10451
923       0.02274    0.10598     0.02166    0.10451
924       0.02274    0.10598     0.02166    0.10451
925       0.02274    0.10598     0.02166    0.10451
926       0.02274    0.10598     0.02166    0.10451
927       0.02274    0.10598     0.02166    0.10451
928       0.02274    0.10598     0.02166    0.10451
929       0.02274    0.10598     0.02166    0.10451
930       0.02274    0.10598     0.02166    0.10451
931       0.02274    0.10598     0.02166    0.10451
932       0.02274    0.10598     0.02166    0.10451
933       0.02274    0.10598     0.02166    0.10451
934       0.02274    0.10598     0.02166    0.10451
935       0.02274    0.10598     0.02166    0.10451
936       0.02274    0.10598     0.02166    0.10451
937       0.02274    0.10598     0.02166    0.10451
938       0.02274    0.10598     0.02166    0.10451
939       0.02274    0.10598     0.02166    0.10451
940       0.02274    0.10598     0.02166    0.10451
941       0.02274    0.10598     0.02166    0.10451
942       0.02274    0.10598     0.02166    0.10451
943       0.02274    0.10598     0.02166    0.10451
944       0.02274    0.10598     0.02166    0.10451
945       0.02274    0.10598     0.02166    0.10451
946       0.02274    0.10598     0.02166    0.10451
947       0.02274    0.10598     0.02166    0.10451
948       0.02274    0.10598     0.02166    0.10451
949       0.02274    0.10598     0.02166    0.10451
950       0.02274    0.10598     0.02166    0.10451
951       0.02274    0.10598     0.02166    0.10451
952       0.02274    0.10598     0.02166    0.10451
953       0.02274    0.10598     0.02166    0.10451
954       0.02274    0.10598     0.02166    0.10451
955       0.02274    0.10598     0.02166    0.10451
956       0.02274    0.10598     0.02166    0.10451
957       0.02274    0.10598     0.02166    0.10451
958       0.02274    0.10598     0.02166    0.10451
959       0.02274    0.10598     0.02166    0.10451
960       0.02274    0.10598     0.02166    0.10451
961       0.02274    0.10598     0.02166    0.10451
962       0.02274    0.10598     0.02166    0.10451
963       0.02274    0.10598     0.02166    0.10451
964       0.02274    0.10598     0.02166    0.10451
965       0.02274    0.10598     0.02166    0.10451
966       0.02274    0.10598     0.02166    0.10451
967       0.02274    0.10598     0.02166    0.10451
968       0.02274    0.10598     0.02166    0.10451
969       0.02274    0.10598     0.02166    0.10451
970       0.02274    0.10598     0.02166    0.10451
971       0.02274    0.10598     0.02166    0.10451
972       0.02274    0.10598     0.02166    0.10451
973       0.02274    0.10598     0.02166    0.10451
974       0.02274    0.10598     0.02166    0.10451
975       0.02274    0.10598     0.02166    0.10451
976       0.02274    0.10598     0.02166    0.10451
977       0.02274    0.10598     0.02166    0.10451
978       0.02274    0.10598     0.02166    0.10451
979       0.02274    0.10598     0.02166    0.10451
980       0.02274    0.10598     0.02166    0.10451
981       0.02274    0.10598     0.02166    0.10451
982       0.02274    0.10598     0.02166    0.10451
983       0.02274    0.10598     0.02166    0.10451
984       0.02274    0.10598     0.02166    0.10451
985       0.02274    0.10598     0.02166    0.10451
986       0.02274    0.10598     0.02166    0.10451
987       0.02274    0.10598     0.02166    0.10451
988       0.02274    0.10598     0.02166    0.10451
989       0.02274    0.10598     0.02166    0.10451
990       0.02274    0.10598     0.02166    0.10451
991       0.02274    0.10598     0.02166    0.10451
992       0.02274    0.10598     0.02166    0.10451
993       0.02274    0.10598     0.02166    0.10451
994       0.02274    0.10598     0.02166    0.10451
995       0.02274    0.10598     0.02166    0.10451
996       0.02274    0.10598     0.02166    0.10451
997       0.02274    0.10598     0.02166    0.10451
998       0.02274    0.10598     0.02166    0.10451
999       0.02274    0.10598     0.02166    0.10451
1000       0.02274    0.10598     0.02166    0.10451
1001       0.02274    0.10598     0.02166    0.10451
1002       0.02274    0.10598     0.02166    0.10451
1003       0.02274    0.10598     0.02166    0.10451
1004       0.02274    0.10598     0.02166    0.10451
1005       0.02274    0.10598     0.02166    0.10451
1006       0.02274    0.10598     0.02166    0.10451
1007       0.02274    0.10598     0.02166    0.10451
1008       0.02274    0.10598     0.02166    0.10451
1009       0.02274    0.10598     0.02166    0.10451    0.02378    0.10595