Ciclo   TrainMSE   TrainMAE   ValidMSE   ValidMAE   TestMSE     TestMAE
----------------------------------------------------------------------- 
0       0.05022    0.17680     0.05166    0.17932
1       0.04353    0.16379     0.04453    0.16596
2       0.03875    0.15351     0.03940    0.15529
3       0.03522    0.14521     0.03557    0.14660
4       0.03259    0.13866     0.03268    0.13958
5       0.03061    0.13350     0.03048    0.13405
6       0.02911    0.12940     0.02880    0.12959
7       0.02797    0.12614     0.02749    0.12599
8       0.02709    0.12356     0.02648    0.12310
9       0.02641    0.12148     0.02568    0.12071
10       0.02588    0.11981     0.02505    0.11877
11       0.02547    0.11849     0.02455    0.11724
12       0.02514    0.11745     0.02415    0.11598
13       0.02487    0.11660     0.02383    0.11500
14       0.02466    0.11593     0.02357    0.11422
15       0.02449    0.11538     0.02335    0.11358
16       0.02434    0.11496     0.02318    0.11307
17       0.02423    0.11462     0.02303    0.11267
18       0.02413    0.11434     0.02291    0.11234
19       0.02404    0.11411     0.02280    0.11206
20       0.02397    0.11391     0.02271    0.11184
21       0.02391    0.11374     0.02264    0.11165
22       0.02386    0.11361     0.02257    0.11149
23       0.02381    0.11349     0.02251    0.11136
24       0.02377    0.11338     0.02246    0.11125
25       0.02373    0.11329     0.02242    0.11116
26       0.02369    0.11321     0.02238    0.11108
27       0.02366    0.11314     0.02234    0.11101
28       0.02363    0.11308     0.02231    0.11094
29       0.02360    0.11302     0.02228    0.11088
30       0.02358    0.11296     0.02225    0.11083
31       0.02355    0.11291     0.02222    0.11078
32       0.02353    0.11286     0.02220    0.11073
33       0.02351    0.11282     0.02218    0.11068
34       0.02349    0.11277     0.02215    0.11064
35       0.02347    0.11273     0.02213    0.11060
36       0.02345    0.11269     0.02211    0.11057
37       0.02343    0.11265     0.02209    0.11053
38       0.02341    0.11262     0.02208    0.11049
39       0.02340    0.11258     0.02206    0.11046
40       0.02338    0.11255     0.02204    0.11043
41       0.02336    0.11251     0.02202    0.11039
42       0.02335    0.11248     0.02201    0.11036
43       0.02333    0.11245     0.02199    0.11033
44       0.02332    0.11242     0.02198    0.11030
45       0.02330    0.11238     0.02196    0.11027
46       0.02329    0.11235     0.02195    0.11024
47       0.02327    0.11232     0.02193    0.11021
48       0.02326    0.11229     0.02192    0.11018
49       0.02325    0.11227     0.02191    0.11015
50       0.02323    0.11224     0.02189    0.11012
51       0.02322    0.11221     0.02188    0.11009
52       0.02321    0.11218     0.02187    0.11006
53       0.02319    0.11216     0.02185    0.11003
54       0.02318    0.11213     0.02184    0.11001
55       0.02317    0.11210     0.02183    0.10998
56       0.02316    0.11208     0.02182    0.10995
57       0.02314    0.11205     0.02180    0.10993
58       0.02313    0.11203     0.02179    0.10990
59       0.02312    0.11200     0.02178    0.10987
60       0.02311    0.11198     0.02177    0.10985
61       0.02310    0.11195     0.02176    0.10982
62       0.02309    0.11193     0.02175    0.10980
63       0.02308    0.11190     0.02174    0.10977
64       0.02307    0.11188     0.02173    0.10975
65       0.02306    0.11185     0.02171    0.10972
66       0.02305    0.11183     0.02170    0.10970
67       0.02304    0.11181     0.02169    0.10967
68       0.02303    0.11178     0.02168    0.10965
69       0.02302    0.11176     0.02167    0.10963
70       0.02301    0.11174     0.02166    0.10960
71       0.02300    0.11172     0.02165    0.10958
72       0.02299    0.11169     0.02164    0.10956
73       0.02298    0.11167     0.02163    0.10953
74       0.02297    0.11165     0.02162    0.10951
75       0.02296    0.11163     0.02162    0.10949
76       0.02295    0.11161     0.02161    0.10946
77       0.02294    0.11158     0.02160    0.10944
78       0.02293    0.11156     0.02159    0.10942
79       0.02292    0.11154     0.02158    0.10940
80       0.02291    0.11152     0.02157    0.10937
81       0.02290    0.11150     0.02156    0.10935
82       0.02289    0.11148     0.02155    0.10933
83       0.02289    0.11146     0.02154    0.10931
84       0.02288    0.11144     0.02153    0.10929
85       0.02287    0.11142     0.02152    0.10926
86       0.02286    0.11140     0.02152    0.10924
87       0.02285    0.11138     0.02151    0.10922
88       0.02284    0.11136     0.02150    0.10920
89       0.02284    0.11134     0.02149    0.10918
90       0.02283    0.11132     0.02148    0.10916
91       0.02282    0.11130     0.02147    0.10914
92       0.02281    0.11128     0.02147    0.10912
93       0.02280    0.11126     0.02146    0.10909
94       0.02280    0.11124     0.02145    0.10907
95       0.02279    0.11122     0.02144    0.10905
96       0.02278    0.11120     0.02143    0.10903
97       0.02277    0.11118     0.02143    0.10901
98       0.02276    0.11116     0.02142    0.10899
99       0.02276    0.11114     0.02141    0.10897
100       0.02275    0.11112     0.02140    0.10895
101       0.02274    0.11110     0.02139    0.10893
102       0.02273    0.11108     0.02139    0.10891
103       0.02273    0.11106     0.02138    0.10889
104       0.02272    0.11104     0.02137    0.10887
105       0.02271    0.11102     0.02136    0.10885
106       0.02270    0.11100     0.02136    0.10883
107       0.02270    0.11098     0.02135    0.10881
108       0.02269    0.11096     0.02134    0.10879
109       0.02268    0.11094     0.02133    0.10877
110       0.02268    0.11093     0.02133    0.10875
111       0.02267    0.11091     0.02132    0.10874
112       0.02266    0.11089     0.02131    0.10872
113       0.02265    0.11087     0.02131    0.10870
114       0.02265    0.11085     0.02130    0.10868
115       0.02264    0.11083     0.02129    0.10866
116       0.02263    0.11081     0.02128    0.10864
117       0.02263    0.11079     0.02128    0.10862
118       0.02262    0.11078     0.02127    0.10861
119       0.02261    0.11076     0.02126    0.10859
120       0.02261    0.11074     0.02126    0.10857
121       0.02260    0.11072     0.02125    0.10855
122       0.02259    0.11070     0.02124    0.10853
123       0.02259    0.11068     0.02124    0.10851
124       0.02258    0.11067     0.02123    0.10850
125       0.02257    0.11065     0.02122    0.10848
126       0.02257    0.11063     0.02122    0.10846
127       0.02256    0.11061     0.02121    0.10844
128       0.02255    0.11059     0.02120    0.10842
129       0.02255    0.11058     0.02120    0.10841
130       0.02254    0.11056     0.02119    0.10839
131       0.02254    0.11054     0.02118    0.10837
132       0.02253    0.11052     0.02118    0.10835
133       0.02252    0.11050     0.02117    0.10833
134       0.02252    0.11049     0.02116    0.10832
135       0.02251    0.11047     0.02116    0.10830
136       0.02250    0.11045     0.02115    0.10828
137       0.02250    0.11043     0.02114    0.10826
138       0.02249    0.11042     0.02114    0.10825
139       0.02249    0.11040     0.02113    0.10823
140       0.02248    0.11038     0.02112    0.10821
141       0.02247    0.11037     0.02112    0.10819
142       0.02247    0.11035     0.02111    0.10818
143       0.02246    0.11033     0.02111    0.10816
144       0.02245    0.11032     0.02110    0.10814
145       0.02245    0.11030     0.02109    0.10813
146       0.02244    0.11028     0.02109    0.10811
147       0.02244    0.11026     0.02108    0.10809
148       0.02243    0.11025     0.02107    0.10807
149       0.02243    0.11023     0.02107    0.10806
150       0.02242    0.11021     0.02106    0.10804
151       0.02241    0.11020     0.02106    0.10802
152       0.02241    0.11018     0.02105    0.10801
153       0.02240    0.11016     0.02104    0.10799
154       0.02240    0.11015     0.02104    0.10797
155       0.02239    0.11013     0.02103    0.10796
156       0.02238    0.11012     0.02103    0.10794
157       0.02238    0.11010     0.02102    0.10792
158       0.02237    0.11008     0.02101    0.10791
159       0.02237    0.11007     0.02101    0.10789
160       0.02236    0.11005     0.02100    0.10787
161       0.02236    0.11003     0.02100    0.10786
162       0.02235    0.11002     0.02099    0.10784
163       0.02235    0.11000     0.02099    0.10782
164       0.02234    0.10999     0.02098    0.10781
165       0.02233    0.10997     0.02097    0.10779
166       0.02233    0.10995     0.02097    0.10777
167       0.02232    0.10994     0.02096    0.10776
168       0.02232    0.10992     0.02096    0.10774
169       0.02231    0.10991     0.02095    0.10773
170       0.02231    0.10989     0.02095    0.10771
171       0.02230    0.10988     0.02094    0.10769
172       0.02230    0.10986     0.02093    0.10768
173       0.02229    0.10984     0.02093    0.10766
174       0.02228    0.10983     0.02092    0.10764
175       0.02228    0.10981     0.02092    0.10763
176       0.02227    0.10980     0.02091    0.10761
177       0.02227    0.10978     0.02091    0.10760
178       0.02226    0.10977     0.02090    0.10758
179       0.02226    0.10975     0.02090    0.10756
180       0.02225    0.10974     0.02089    0.10755
181       0.02225    0.10972     0.02088    0.10753
182       0.02224    0.10971     0.02088    0.10752
183       0.02224    0.10969     0.02087    0.10750
184       0.02223    0.10968     0.02087    0.10749
185       0.02223    0.10966     0.02086    0.10747
186       0.02222    0.10965     0.02086    0.10746
187       0.02222    0.10963     0.02085    0.10744
188       0.02221    0.10962     0.02085    0.10742
189       0.02221    0.10960     0.02084    0.10741
190       0.02220    0.10959     0.02084    0.10739
191       0.02220    0.10957     0.02083    0.10738
192       0.02219    0.10956     0.02083    0.10736
193       0.02219    0.10954     0.02082    0.10735
194       0.02218    0.10953     0.02082    0.10733
195       0.02218    0.10952     0.02081    0.10732
196       0.02217    0.10950     0.02081    0.10730
197       0.02217    0.10949     0.02080    0.10729
198       0.02216    0.10947     0.02080    0.10727
199       0.02216    0.10946     0.02079    0.10726
200       0.02215    0.10944     0.02079    0.10724
201       0.02215    0.10943     0.02078    0.10723
202       0.02214    0.10941     0.02078    0.10722
203       0.02214    0.10940     0.02077    0.10720
204       0.02213    0.10938     0.02077    0.10719
205       0.02213    0.10937     0.02076    0.10717
206       0.02212    0.10936     0.02076    0.10716
207       0.02212    0.10934     0.02075    0.10714
208       0.02211    0.10933     0.02075    0.10713
209       0.02211    0.10931     0.02074    0.10711
210       0.02210    0.10930     0.02074    0.10710
211       0.02210    0.10929     0.02073    0.10709
212       0.02209    0.10927     0.02073    0.10707
213       0.02209    0.10926     0.02072    0.10706
214       0.02209    0.10924     0.02072    0.10704
215       0.02208    0.10923     0.02071    0.10703
216       0.02208    0.10922     0.02071    0.10701
217       0.02207    0.10920     0.02070    0.10700
218       0.02207    0.10919     0.02070    0.10699
219       0.02206    0.10917     0.02069    0.10697
220       0.02206    0.10916     0.02069    0.10696
221       0.02205    0.10915     0.02068    0.10695
222       0.02205    0.10913     0.02068    0.10693
223       0.02204    0.10912     0.02067    0.10692
224       0.02204    0.10911     0.02067    0.10690
225       0.02204    0.10909     0.02066    0.10689
226       0.02203    0.10908     0.02066    0.10688
227       0.02203    0.10906     0.02066    0.10686
228       0.02202    0.10905     0.02065    0.10685
229       0.02202    0.10904     0.02065    0.10684
230       0.02201    0.10902     0.02064    0.10682
231       0.02201    0.10901     0.02064    0.10681
232       0.02200    0.10900     0.02063    0.10680
233       0.02200    0.10898     0.02063    0.10678
234       0.02200    0.10897     0.02062    0.10677
235       0.02199    0.10896     0.02062    0.10676
236       0.02199    0.10894     0.02061    0.10674
237       0.02198    0.10893     0.02061    0.10673
238       0.02198    0.10892     0.02061    0.10672
239       0.02197    0.10890     0.02060    0.10670
240       0.02197    0.10889     0.02060    0.10669
241       0.02197    0.10888     0.02059    0.10668
242       0.02196    0.10886     0.02059    0.10667
243       0.02196    0.10885     0.02058    0.10665
244       0.02195    0.10884     0.02058    0.10664
245       0.02195    0.10883     0.02058    0.10663
246       0.02195    0.10881     0.02057    0.10662
247       0.02194    0.10880     0.02057    0.10660
248       0.02194    0.10879     0.02056    0.10659
249       0.02193    0.10877     0.02056    0.10658
250       0.02193    0.10876     0.02055    0.10657
251       0.02192    0.10875     0.02055    0.10655
252       0.02192    0.10874     0.02055    0.10654
253       0.02192    0.10872     0.02054    0.10653
254       0.02191    0.10871     0.02054    0.10652
255       0.02191    0.10870     0.02053    0.10651
256       0.02190    0.10869     0.02053    0.10649
257       0.02190    0.10867     0.02053    0.10648
258       0.02190    0.10866     0.02052    0.10647
259       0.02189    0.10865     0.02052    0.10646
260       0.02189    0.10864     0.02051    0.10645
261       0.02188    0.10863     0.02051    0.10643
262       0.02188    0.10861     0.02050    0.10642
263       0.02188    0.10860     0.02050    0.10641
264       0.02187    0.10859     0.02050    0.10640
265       0.02187    0.10858     0.02049    0.10639
266       0.02186    0.10857     0.02049    0.10637
267       0.02186    0.10855     0.02048    0.10636
268       0.02186    0.10854     0.02048    0.10635
269       0.02185    0.10853     0.02048    0.10634
270       0.02185    0.10852     0.02047    0.10633
271       0.02185    0.10851     0.02047    0.10632
272       0.02184    0.10849     0.02047    0.10631
273       0.02184    0.10848     0.02046    0.10629
274       0.02183    0.10847     0.02046    0.10628
275       0.02183    0.10846     0.02045    0.10627
276       0.02183    0.10845     0.02045    0.10626
277       0.02182    0.10844     0.02045    0.10625
278       0.02182    0.10842     0.02044    0.10624
279       0.02182    0.10841     0.02044    0.10623
280       0.02181    0.10840     0.02043    0.10622
281       0.02181    0.10839     0.02043    0.10620
282       0.02180    0.10838     0.02043    0.10619
283       0.02180    0.10837     0.02042    0.10618
284       0.02180    0.10836     0.02042    0.10617
285       0.02179    0.10835     0.02042    0.10616
286       0.02179    0.10833     0.02041    0.10615
287       0.02179    0.10832     0.02041    0.10614
288       0.02178    0.10831     0.02040    0.10613
289       0.02178    0.10830     0.02040    0.10612
290       0.02178    0.10829     0.02040    0.10611
291       0.02177    0.10828     0.02039    0.10610
292       0.02177    0.10827     0.02039    0.10609
293       0.02176    0.10826     0.02039    0.10608
294       0.02176    0.10825     0.02038    0.10607
295       0.02176    0.10823     0.02038    0.10605
296       0.02175    0.10822     0.02038    0.10604
297       0.02175    0.10821     0.02037    0.10603
298       0.02175    0.10820     0.02037    0.10602
299       0.02174    0.10819     0.02036    0.10601
300       0.02174    0.10818     0.02036    0.10600
301       0.02174    0.10817     0.02036    0.10599
302       0.02173    0.10816     0.02035    0.10598
303       0.02173    0.10815     0.02035    0.10597
304       0.02173    0.10814     0.02035    0.10596
305       0.02172    0.10813     0.02034    0.10595
306       0.02172    0.10812     0.02034    0.10594
307       0.02172    0.10811     0.02034    0.10593
308       0.02171    0.10809     0.02033    0.10592
309       0.02171    0.10808     0.02033    0.10591
310       0.02171    0.10807     0.02033    0.10590
311       0.02170    0.10806     0.02032    0.10589
312       0.02170    0.10805     0.02032    0.10588
313       0.02170    0.10804     0.02032    0.10587
314       0.02169    0.10803     0.02031    0.10586
315       0.02169    0.10802     0.02031    0.10585
316       0.02169    0.10801     0.02031    0.10584
317       0.02168    0.10800     0.02030    0.10583
318       0.02168    0.10799     0.02030    0.10582
319       0.02168    0.10798     0.02030    0.10581
320       0.02167    0.10797     0.02029    0.10580
321       0.02167    0.10796     0.02029    0.10579
322       0.02167    0.10795     0.02029    0.10578
323       0.02166    0.10794     0.02028    0.10577
324       0.02166    0.10793     0.02028    0.10576
325       0.02166    0.10792     0.02028    0.10575
326       0.02165    0.10791     0.02027    0.10574
327       0.02165    0.10790     0.02027    0.10573
328       0.02165    0.10789     0.02027    0.10572
329       0.02164    0.10788     0.02026    0.10571
330       0.02164    0.10787     0.02026    0.10570
331       0.02164    0.10786     0.02026    0.10569
332       0.02164    0.10785     0.02026    0.10569
333       0.02163    0.10784     0.02025    0.10568
334       0.02163    0.10783     0.02025    0.10567
335       0.02163    0.10782     0.02025    0.10566
336       0.02162    0.10781     0.02024    0.10565
337       0.02162    0.10780     0.02024    0.10564
338       0.02162    0.10779     0.02024    0.10563
339       0.02161    0.10778     0.02023    0.10562
340       0.02161    0.10777     0.02023    0.10561
341       0.02161    0.10776     0.02023    0.10560
342       0.02161    0.10775     0.02022    0.10559
343       0.02160    0.10774     0.02022    0.10559
344       0.02160    0.10773     0.02022    0.10558
345       0.02160    0.10772     0.02022    0.10557
346       0.02159    0.10771     0.02021    0.10556
347       0.02159    0.10770     0.02021    0.10555
348       0.02159    0.10769     0.02021    0.10554
349       0.02158    0.10768     0.02020    0.10554
350       0.02158    0.10768     0.02020    0.10553
351       0.02158    0.10767     0.02020    0.10552
352       0.02158    0.10766     0.02019    0.10551
353       0.02157    0.10765     0.02019    0.10550
354       0.02157    0.10764     0.02019    0.10550
355       0.02157    0.10763     0.02019    0.10549
356       0.02156    0.10762     0.02018    0.10548
357       0.02156    0.10761     0.02018    0.10547
358       0.02156    0.10760     0.02018    0.10546
359       0.02156    0.10759     0.02017    0.10545
360       0.02155    0.10758     0.02017    0.10545
361       0.02155    0.10758     0.02017    0.10544
362       0.02155    0.10757     0.02017    0.10543
363       0.02154    0.10756     0.02016    0.10542
364       0.02154    0.10755     0.02016    0.10542
365       0.02154    0.10754     0.02016    0.10541
366       0.02154    0.10753     0.02015    0.10540
367       0.02153    0.10752     0.02015    0.10539
368       0.02153    0.10751     0.02015    0.10538
369       0.02153    0.10751     0.02015    0.10538
370       0.02153    0.10750     0.02014    0.10537
371       0.02152    0.10749     0.02014    0.10536
372       0.02152    0.10748     0.02014    0.10535
373       0.02152    0.10747     0.02014    0.10535
374       0.02151    0.10746     0.02013    0.10534
375       0.02151    0.10745     0.02013    0.10533
376       0.02151    0.10744     0.02013    0.10532
377       0.02151    0.10744     0.02012    0.10532
378       0.02150    0.10743     0.02012    0.10531
379       0.02150    0.10742     0.02012    0.10530
380       0.02150    0.10741     0.02012    0.10529
381       0.02150    0.10740     0.02011    0.10529
382       0.02149    0.10739     0.02011    0.10528
383       0.02149    0.10738     0.02011    0.10527
384       0.02149    0.10738     0.02011    0.10526
385       0.02149    0.10737     0.02010    0.10526
386       0.02148    0.10736     0.02010    0.10525
387       0.02148    0.10735     0.02010    0.10524
388       0.02148    0.10734     0.02010    0.10523
389       0.02147    0.10733     0.02009    0.10523
390       0.02147    0.10733     0.02009    0.10522
391       0.02147    0.10732     0.02009    0.10521
392       0.02147    0.10731     0.02009    0.10521
393       0.02146    0.10730     0.02008    0.10520
394       0.02146    0.10729     0.02008    0.10519
395       0.02146    0.10728     0.02008    0.10518
396       0.02146    0.10728     0.02008    0.10518
397       0.02145    0.10727     0.02007    0.10517
398       0.02145    0.10726     0.02007    0.10516
399       0.02145    0.10725     0.02007    0.10516
400       0.02145    0.10724     0.02007    0.10515
401       0.02144    0.10723     0.02006    0.10514
402       0.02144    0.10723     0.02006    0.10513
403       0.02144    0.10722     0.02006    0.10513
404       0.02144    0.10721     0.02006    0.10512
405       0.02144    0.10720     0.02005    0.10511
406       0.02143    0.10720     0.02005    0.10511
407       0.02143    0.10719     0.02005    0.10510
408       0.02143    0.10718     0.02005    0.10509
409       0.02143    0.10717     0.02004    0.10509
410       0.02142    0.10716     0.02004    0.10508
411       0.02142    0.10716     0.02004    0.10507
412       0.02142    0.10715     0.02004    0.10507
413       0.02142    0.10714     0.02003    0.10506
414       0.02141    0.10713     0.02003    0.10505
415       0.02141    0.10712     0.02003    0.10505
416       0.02141    0.10712     0.02003    0.10504
417       0.02141    0.10711     0.02003    0.10503
418       0.02140    0.10710     0.02002    0.10503
419       0.02140    0.10709     0.02002    0.10502
420       0.02140    0.10709     0.02002    0.10501
421       0.02140    0.10708     0.02002    0.10501
422       0.02140    0.10707     0.02001    0.10500
423       0.02139    0.10706     0.02001    0.10500
424       0.02139    0.10706     0.02001    0.10499
425       0.02139    0.10705     0.02001    0.10498
426       0.02139    0.10704     0.02001    0.10498
427       0.02138    0.10703     0.02000    0.10497
428       0.02138    0.10703     0.02000    0.10496
429       0.02138    0.10702     0.02000    0.10496
430       0.02138    0.10701     0.02000    0.10495
431       0.02137    0.10700     0.01999    0.10495
432       0.02137    0.10700     0.01999    0.10494
433       0.02137    0.10699     0.01999    0.10493
434       0.02137    0.10698     0.01999    0.10493
435       0.02137    0.10698     0.01999    0.10492
436       0.02136    0.10697     0.01998    0.10492
437       0.02136    0.10696     0.01998    0.10491
438       0.02136    0.10695     0.01998    0.10490
439       0.02136    0.10695     0.01998    0.10490
440       0.02136    0.10694     0.01997    0.10489
441       0.02135    0.10693     0.01997    0.10489
442       0.02135    0.10692     0.01997    0.10488
443       0.02135    0.10692     0.01997    0.10487
444       0.02135    0.10691     0.01997    0.10487
445       0.02134    0.10690     0.01996    0.10486
446       0.02134    0.10690     0.01996    0.10486
447       0.02134    0.10689     0.01996    0.10485
448       0.02134    0.10688     0.01996    0.10484
449       0.02134    0.10688     0.01996    0.10484
450       0.02133    0.10687     0.01995    0.10483
451       0.02133    0.10686     0.01995    0.10483
452       0.02133    0.10686     0.01995    0.10482
453       0.02133    0.10685     0.01995    0.10482
454       0.02133    0.10684     0.01995    0.10481
455       0.02132    0.10684     0.01994    0.10480
456       0.02132    0.10683     0.01994    0.10480
457       0.02132    0.10682     0.01994    0.10479
458       0.02132    0.10682     0.01994    0.10479
459       0.02132    0.10681     0.01994    0.10478
460       0.02131    0.10680     0.01993    0.10478
461       0.02131    0.10680     0.01993    0.10477
462       0.02131    0.10679     0.01993    0.10476
463       0.02131    0.10678     0.01993    0.10476
464       0.02131    0.10678     0.01993    0.10475
465       0.02130    0.10677     0.01992    0.10475
466       0.02130    0.10676     0.01992    0.10474
467       0.02130    0.10676     0.01992    0.10474
468       0.02130    0.10675     0.01992    0.10473
469       0.02130    0.10674     0.01992    0.10473
470       0.02129    0.10674     0.01991    0.10472
471       0.02129    0.10673     0.01991    0.10471
472       0.02129    0.10672     0.01991    0.10471
473       0.02129    0.10672     0.01991    0.10470
474       0.02129    0.10671     0.01991    0.10470
475       0.02128    0.10671     0.01991    0.10469
476       0.02128    0.10670     0.01990    0.10469
477       0.02128    0.10669     0.01990    0.10468
478       0.02128    0.10669     0.01990    0.10468
479       0.02128    0.10668     0.01990    0.10467
480       0.02127    0.10667     0.01990    0.10466
481       0.02127    0.10667     0.01989    0.10466
482       0.02127    0.10666     0.01989    0.10465
483       0.02127    0.10666     0.01989    0.10465
484       0.02127    0.10665     0.01989    0.10464
485       0.02127    0.10664     0.01989    0.10464
486       0.02126    0.10664     0.01989    0.10463
487       0.02126    0.10663     0.01988    0.10463
488       0.02126    0.10663     0.01988    0.10462
489       0.02126    0.10662     0.01988    0.10462
490       0.02126    0.10661     0.01988    0.10461
491       0.02125    0.10661     0.01988    0.10461
492       0.02125    0.10660     0.01987    0.10460
493       0.02125    0.10660     0.01987    0.10460
494       0.02125    0.10659     0.01987    0.10459
495       0.02125    0.10658     0.01987    0.10459
496       0.02125    0.10658     0.01987    0.10458
497       0.02124    0.10657     0.01987    0.10458
498       0.02124    0.10657     0.01986    0.10457
499       0.02124    0.10656     0.01986    0.10457
500       0.02124    0.10655     0.01986    0.10456
501       0.02124    0.10655     0.01986    0.10456
502       0.02123    0.10654     0.01986    0.10455
503       0.02123    0.10654     0.01986    0.10455
504       0.02123    0.10653     0.01985    0.10454
505       0.02123    0.10652     0.01985    0.10454
506       0.02123    0.10652     0.01985    0.10453
507       0.02123    0.10651     0.01985    0.10453
508       0.02122    0.10651     0.01985    0.10452
509       0.02122    0.10650     0.01985    0.10452
510       0.02122    0.10650     0.01984    0.10451
511       0.02122    0.10649     0.01984    0.10451
512       0.02122    0.10649     0.01984    0.10450
513       0.02122    0.10648     0.01984    0.10450
514       0.02121    0.10647     0.01984    0.10449
515       0.02121    0.10647     0.01984    0.10449
516       0.02121    0.10646     0.01983    0.10448
517       0.02121    0.10646     0.01983    0.10448
518       0.02121    0.10645     0.01983    0.10447
519       0.02121    0.10645     0.01983    0.10447
520       0.02120    0.10644     0.01983    0.10446
521       0.02120    0.10644     0.01983    0.10446
522       0.02120    0.10643     0.01982    0.10446
523       0.02120    0.10643     0.01982    0.10445
524       0.02120    0.10642     0.01982    0.10445
525       0.02120    0.10641     0.01982    0.10444
526       0.02119    0.10641     0.01982    0.10444
527       0.02119    0.10640     0.01982    0.10443
528       0.02119    0.10640     0.01982    0.10443
529       0.02119    0.10639     0.01981    0.10442
530       0.02119    0.10639     0.01981    0.10442
531       0.02119    0.10638     0.01981    0.10441
532       0.02118    0.10638     0.01981    0.10441
533       0.02118    0.10637     0.01981    0.10441
534       0.02118    0.10637     0.01981    0.10440
535       0.02118    0.10636     0.01980    0.10440
536       0.02118    0.10636     0.01980    0.10439
537       0.02118    0.10635     0.01980    0.10439
538       0.02118    0.10635     0.01980    0.10438
539       0.02117    0.10634     0.01980    0.10438
540       0.02117    0.10634     0.01980    0.10438
541       0.02117    0.10633     0.01980    0.10437
542       0.02117    0.10633     0.01979    0.10437
543       0.02117    0.10632     0.01979    0.10436
544       0.02117    0.10632     0.01979    0.10436
545       0.02116    0.10631     0.01979    0.10435
546       0.02116    0.10631     0.01979    0.10435
547       0.02116    0.10630     0.01979    0.10435
548       0.02116    0.10630     0.01979    0.10434
549       0.02116    0.10629     0.01978    0.10434
550       0.02116    0.10629     0.01978    0.10433
551       0.02116    0.10628     0.01978    0.10433
552       0.02115    0.10628     0.01978    0.10433
553       0.02115    0.10627     0.01978    0.10432
554       0.02115    0.10627     0.01978    0.10432
555       0.02115    0.10626     0.01978    0.10431
556       0.02115    0.10626     0.01977    0.10431
557       0.02115    0.10626     0.01977    0.10430
558       0.02115    0.10625     0.01977    0.10430
559       0.02114    0.10625     0.01977    0.10430
560       0.02114    0.10624     0.01977    0.10429
561       0.02114    0.10624     0.01977    0.10429
562       0.02114    0.10623     0.01977    0.10428
563       0.02114    0.10623     0.01977    0.10428
564       0.02114    0.10622     0.01976    0.10428
565       0.02114    0.10622     0.01976    0.10427
566       0.02113    0.10621     0.01976    0.10427
567       0.02113    0.10621     0.01976    0.10426
568       0.02113    0.10620     0.01976    0.10426
569       0.02113    0.10620     0.01976    0.10426
570       0.02113    0.10620     0.01976    0.10425
571       0.02113    0.10619     0.01975    0.10425
572       0.02113    0.10619     0.01975    0.10424
573       0.02112    0.10618     0.01975    0.10424
574       0.02112    0.10618     0.01975    0.10424
575       0.02112    0.10617     0.01975    0.10423
576       0.02112    0.10617     0.01975    0.10423
577       0.02112    0.10616     0.01975    0.10423
578       0.02112    0.10616     0.01975    0.10422
579       0.02112    0.10615     0.01974    0.10422
580       0.02111    0.10615     0.01974    0.10421
581       0.02111    0.10615     0.01974    0.10421
582       0.02111    0.10614     0.01974    0.10421
583       0.02111    0.10614     0.01974    0.10420
584       0.02111    0.10613     0.01974    0.10420
585       0.02111    0.10613     0.01974    0.10420
586       0.02111    0.10612     0.01974    0.10419
587       0.02111    0.10612     0.01973    0.10419
588       0.02110    0.10611     0.01973    0.10418
589       0.02110    0.10611     0.01973    0.10418
590       0.02110    0.10611     0.01973    0.10418
591       0.02110    0.10610     0.01973    0.10417
592       0.02110    0.10610     0.01973    0.10417
593       0.02110    0.10609     0.01973    0.10417
594       0.02110    0.10609     0.01973    0.10416
595       0.02109    0.10609     0.01972    0.10416
596       0.02109    0.10608     0.01972    0.10416
597       0.02109    0.10608     0.01972    0.10415
598       0.02109    0.10607     0.01972    0.10415
599       0.02109    0.10607     0.01972    0.10415
600       0.02109    0.10606     0.01972    0.10414
601       0.02109    0.10606     0.01972    0.10414
602       0.02109    0.10606     0.01972    0.10414
603       0.02108    0.10605     0.01972    0.10413
604       0.02108    0.10605     0.01971    0.10413
605       0.02108    0.10604     0.01971    0.10413
606       0.02108    0.10604     0.01971    0.10412
607       0.02108    0.10604     0.01971    0.10412
608       0.02108    0.10603     0.01971    0.10412
609       0.02108    0.10603     0.01971    0.10411
610       0.02108    0.10602     0.01971    0.10411
611       0.02107    0.10602     0.01971    0.10411
612       0.02107    0.10602     0.01970    0.10410
613       0.02107    0.10601     0.01970    0.10410
614       0.02107    0.10601     0.01970    0.10410
615       0.02107    0.10600     0.01970    0.10409
616       0.02107    0.10600     0.01970    0.10409
617       0.02107    0.10600     0.01970    0.10409
618       0.02107    0.10599     0.01970    0.10408
619       0.02106    0.10599     0.01970    0.10408
620       0.02106    0.10598     0.01970    0.10408
621       0.02106    0.10598     0.01969    0.10407
622       0.02106    0.10598     0.01969    0.10407
623       0.02106    0.10597     0.01969    0.10407
624       0.02106    0.10597     0.01969    0.10406
625       0.02106    0.10597     0.01969    0.10406
626       0.02106    0.10596     0.01969    0.10406
627       0.02106    0.10596     0.01969    0.10405
628       0.02105    0.10595     0.01969    0.10405
629       0.02105    0.10595     0.01969    0.10405
630       0.02105    0.10595     0.01969    0.10404
631       0.02105    0.10594     0.01968    0.10404
632       0.02105    0.10594     0.01968    0.10404
633       0.02105    0.10594     0.01968    0.10404
634       0.02105    0.10593     0.01968    0.10403
635       0.02105    0.10593     0.01968    0.10403
636       0.02105    0.10593     0.01968    0.10403
637       0.02104    0.10592     0.01968    0.10402
638       0.02104    0.10592     0.01968    0.10402
639       0.02104    0.10591     0.01968    0.10402
640       0.02104    0.10591     0.01967    0.10401
641       0.02104    0.10591     0.01967    0.10401
642       0.02104    0.10590     0.01967    0.10401
643       0.02104    0.10590     0.01967    0.10400
644       0.02104    0.10590     0.01967    0.10400
645       0.02104    0.10589     0.01967    0.10400
646       0.02103    0.10589     0.01967    0.10400
647       0.02103    0.10589     0.01967    0.10399
648       0.02103    0.10588     0.01967    0.10399
649       0.02103    0.10588     0.01967    0.10399
650       0.02103    0.10588     0.01966    0.10398
651       0.02103    0.10587     0.01966    0.10398
652       0.02103    0.10587     0.01966    0.10398
653       0.02103    0.10586     0.01966    0.10398
654       0.02103    0.10586     0.01966    0.10397
655       0.02102    0.10586     0.01966    0.10397
656       0.02102    0.10585     0.01966    0.10397
657       0.02102    0.10585     0.01966    0.10396
658       0.02102    0.10585     0.01966    0.10396
659       0.02102    0.10584     0.01966    0.10396
660       0.02102    0.10584     0.01966    0.10396
661       0.02102    0.10584     0.01965    0.10395
662       0.02102    0.10583     0.01965    0.10395
663       0.02102    0.10583     0.01965    0.10395
664       0.02102    0.10583     0.01965    0.10395
665       0.02101    0.10582     0.01965    0.10394
666       0.02101    0.10582     0.01965    0.10394
667       0.02101    0.10582     0.01965    0.10394
668       0.02101    0.10581     0.01965    0.10393
669       0.02101    0.10581     0.01965    0.10393
670       0.02101    0.10581     0.01965    0.10393
671       0.02101    0.10580     0.01965    0.10393
672       0.02101    0.10580     0.01964    0.10392
673       0.02101    0.10580     0.01964    0.10392
674       0.02101    0.10579     0.01964    0.10392
675       0.02100    0.10579     0.01964    0.10392
676       0.02100    0.10579     0.01964    0.10391
677       0.02100    0.10579     0.01964    0.10391
678       0.02100    0.10578     0.01964    0.10391
679       0.02100    0.10578     0.01964    0.10391
680       0.02100    0.10578     0.01964    0.10390
681       0.02100    0.10577     0.01964    0.10390
682       0.02100    0.10577     0.01964    0.10390
683       0.02100    0.10577     0.01963    0.10390
684       0.02100    0.10576     0.01963    0.10389
685       0.02099    0.10576     0.01963    0.10389
686       0.02099    0.10576     0.01963    0.10389
687       0.02099    0.10575     0.01963    0.10389
688       0.02099    0.10575     0.01963    0.10388
689       0.02099    0.10575     0.01963    0.10388
690       0.02099    0.10574     0.01963    0.10388
691       0.02099    0.10574     0.01963    0.10388
692       0.02099    0.10574     0.01963    0.10387
693       0.02099    0.10574     0.01963    0.10387
694       0.02099    0.10573     0.01963    0.10387
695       0.02098    0.10573     0.01962    0.10387
696       0.02098    0.10573     0.01962    0.10387
697       0.02098    0.10572     0.01962    0.10386
698       0.02098    0.10572     0.01962    0.10386
699       0.02098    0.10572     0.01962    0.10386
700       0.02098    0.10571     0.01962    0.10386
701       0.02098    0.10571     0.01962    0.10385
702       0.02098    0.10571     0.01962    0.10385
703       0.02098    0.10571     0.01962    0.10385
704       0.02098    0.10570     0.01962    0.10385
705       0.02098    0.10570     0.01962    0.10384
706       0.02097    0.10570     0.01962    0.10384
707       0.02097    0.10569     0.01962    0.10384
708       0.02097    0.10569     0.01961    0.10384
709       0.02097    0.10569     0.01961    0.10383
710       0.02097    0.10568     0.01961    0.10383
711       0.02097    0.10568     0.01961    0.10383
712       0.02097    0.10568     0.01961    0.10383
713       0.02097    0.10568     0.01961    0.10383
714       0.02097    0.10567     0.01961    0.10382
715       0.02097    0.10567     0.01961    0.10382
716       0.02097    0.10567     0.01961    0.10382
717       0.02097    0.10566     0.01961    0.10382
718       0.02096    0.10566     0.01961    0.10381
719       0.02096    0.10566     0.01961    0.10381
720       0.02096    0.10566     0.01961    0.10381
721       0.02096    0.10565     0.01960    0.10381
722       0.02096    0.10565     0.01960    0.10381
723       0.02096    0.10565     0.01960    0.10380
724       0.02096    0.10564     0.01960    0.10380
725       0.02096    0.10564     0.01960    0.10380
726       0.02096    0.10564     0.01960    0.10380
727       0.02096    0.10564     0.01960    0.10379
728       0.02096    0.10563     0.01960    0.10379
729       0.02096    0.10563     0.01960    0.10379
730       0.02095    0.10563     0.01960    0.10379
731       0.02095    0.10563     0.01960    0.10379
732       0.02095    0.10562     0.01960    0.10378
733       0.02095    0.10562     0.01960    0.10378
734       0.02095    0.10562     0.01959    0.10378
735       0.02095    0.10562     0.01959    0.10378
736       0.02095    0.10561     0.01959    0.10378
737       0.02095    0.10561     0.01959    0.10377
738       0.02095    0.10561     0.01959    0.10377
739       0.02095    0.10560     0.01959    0.10377
740       0.02095    0.10560     0.01959    0.10377
741       0.02095    0.10560     0.01959    0.10377
742       0.02094    0.10560     0.01959    0.10376
743       0.02094    0.10559     0.01959    0.10376
744       0.02094    0.10559     0.01959    0.10376
745       0.02094    0.10559     0.01959    0.10376
746       0.02094    0.10559     0.01959    0.10376
747       0.02094    0.10558     0.01959    0.10375
748       0.02094    0.10558     0.01959    0.10375
749       0.02094    0.10558     0.01958    0.10375
750       0.02094    0.10558     0.01958    0.10375
751       0.02094    0.10557     0.01958    0.10375
752       0.02094    0.10557     0.01958    0.10374
753       0.02094    0.10557     0.01958    0.10374
754       0.02094    0.10557     0.01958    0.10374
755       0.02093    0.10556     0.01958    0.10374
756       0.02093    0.10556     0.01958    0.10374
757       0.02093    0.10556     0.01958    0.10373
758       0.02093    0.10556     0.01958    0.10373
759       0.02093    0.10555     0.01958    0.10373
760       0.02093    0.10555     0.01958    0.10373
761       0.02093    0.10555     0.01958    0.10373
762       0.02093    0.10555     0.01958    0.10372
763       0.02093    0.10554     0.01958    0.10372
764       0.02093    0.10554     0.01957    0.10372
765       0.02093    0.10554     0.01957    0.10372
766       0.02093    0.10554     0.01957    0.10372
767       0.02093    0.10554     0.01957    0.10371
768       0.02092    0.10553     0.01957    0.10371
769       0.02092    0.10553     0.01957    0.10371
770       0.02092    0.10553     0.01957    0.10371
771       0.02092    0.10553     0.01957    0.10371
772       0.02092    0.10552     0.01957    0.10370
773       0.02092    0.10552     0.01957    0.10370
774       0.02092    0.10552     0.01957    0.10370
775       0.02092    0.10552     0.01957    0.10370
776       0.02092    0.10551     0.01957    0.10370
777       0.02092    0.10551     0.01957    0.10370
778       0.02092    0.10551     0.01957    0.10369
779       0.02092    0.10551     0.01957    0.10369
780       0.02092    0.10550     0.01957    0.10369
781       0.02092    0.10550     0.01956    0.10369
782       0.02091    0.10550     0.01956    0.10369
783       0.02091    0.10550     0.01956    0.10368
784       0.02091    0.10550     0.01956    0.10368
785       0.02091    0.10549     0.01956    0.10368
786       0.02091    0.10549     0.01956    0.10368
787       0.02091    0.10549     0.01956    0.10368
788       0.02091    0.10549     0.01956    0.10368
789       0.02091    0.10548     0.01956    0.10367
790       0.02091    0.10548     0.01956    0.10367
791       0.02091    0.10548     0.01956    0.10367
792       0.02091    0.10548     0.01956    0.10367
793       0.02091    0.10548     0.01956    0.10367
794       0.02091    0.10547     0.01956    0.10366
795       0.02091    0.10547     0.01956    0.10366
796       0.02091    0.10547     0.01956    0.10366
797       0.02090    0.10547     0.01956    0.10366
798       0.02090    0.10546     0.01955    0.10366
799       0.02090    0.10546     0.01955    0.10366
800       0.02090    0.10546     0.01955    0.10365
801       0.02090    0.10546     0.01955    0.10365
802       0.02090    0.10546     0.01955    0.10365
803       0.02090    0.10545     0.01955    0.10365
804       0.02090    0.10545     0.01955    0.10365
805       0.02090    0.10545     0.01955    0.10365
806       0.02090    0.10545     0.01955    0.10364
807       0.02090    0.10544     0.01955    0.10364
808       0.02090    0.10544     0.01955    0.10364
809       0.02090    0.10544     0.01955    0.10364
810       0.02090    0.10544     0.01955    0.10364
811       0.02090    0.10544     0.01955    0.10364
812       0.02089    0.10543     0.01955    0.10363
813       0.02089    0.10543     0.01955    0.10363
814       0.02089    0.10543     0.01955    0.10363
815       0.02089    0.10543     0.01955    0.10363
816       0.02089    0.10543     0.01955    0.10363
817       0.02089    0.10542     0.01954    0.10363
818       0.02089    0.10542     0.01954    0.10362
819       0.02089    0.10542     0.01954    0.10362
820       0.02089    0.10542     0.01954    0.10362
821       0.02089    0.10542     0.01954    0.10362
822       0.02089    0.10541     0.01954    0.10362
823       0.02089    0.10541     0.01954    0.10362
824       0.02089    0.10541     0.01954    0.10361
825       0.02089    0.10541     0.01954    0.10361
826       0.02089    0.10541     0.01954    0.10361
827       0.02089    0.10540     0.01954    0.10361
828       0.02088    0.10540     0.01954    0.10361
829       0.02088    0.10540     0.01954    0.10361
830       0.02088    0.10540     0.01954    0.10361
831       0.02088    0.10540     0.01954    0.10360
832       0.02088    0.10539     0.01954    0.10360
833       0.02088    0.10539     0.01954    0.10360
834       0.02088    0.10539     0.01954    0.10360
835       0.02088    0.10539     0.01954    0.10360
836       0.02088    0.10539     0.01954    0.10360
837       0.02088    0.10538     0.01953    0.10360
838       0.02088    0.10538     0.01953    0.10359
839       0.02088    0.10538     0.01953    0.10359
840       0.02088    0.10538     0.01953    0.10359
841       0.02088    0.10538     0.01953    0.10359
842       0.02088    0.10537     0.01953    0.10359
843       0.02088    0.10537     0.01953    0.10359
844       0.02088    0.10537     0.01953    0.10359
845       0.02087    0.10537     0.01953    0.10358
846       0.02087    0.10537     0.01953    0.10358
847       0.02087    0.10537     0.01953    0.10358
848       0.02087    0.10536     0.01953    0.10358
849       0.02087    0.10536     0.01953    0.10358
850       0.02087    0.10536     0.01953    0.10358
851       0.02087    0.10536     0.01953    0.10358
852       0.02087    0.10536     0.01953    0.10357
853       0.02087    0.10535     0.01953    0.10357
854       0.02087    0.10535     0.01953    0.10357
855       0.02087    0.10535     0.01953    0.10357
856       0.02087    0.10535     0.01953    0.10357
857       0.02087    0.10535     0.01953    0.10357
858       0.02087    0.10535     0.01953    0.10357
859       0.02087    0.10534     0.01952    0.10357
860       0.02087    0.10534     0.01952    0.10356
861       0.02087    0.10534     0.01952    0.10356
862       0.02087    0.10534     0.01952    0.10356
863       0.02086    0.10534     0.01952    0.10356
864       0.02086    0.10533     0.01952    0.10356
865       0.02086    0.10533     0.01952    0.10356
866       0.02086    0.10533     0.01952    0.10356
867       0.02086    0.10533     0.01952    0.10356
868       0.02086    0.10533     0.01952    0.10355
869       0.02086    0.10533     0.01952    0.10355
870       0.02086    0.10532     0.01952    0.10355
871       0.02086    0.10532     0.01952    0.10355
872       0.02086    0.10532     0.01952    0.10355
873       0.02086    0.10532     0.01952    0.10355
874       0.02086    0.10532     0.01952    0.10355
875       0.02086    0.10532     0.01952    0.10355
876       0.02086    0.10531     0.01952    0.10354
877       0.02086    0.10531     0.01952    0.10354
878       0.02086    0.10531     0.01952    0.10354
879       0.02086    0.10531     0.01952    0.10354
880       0.02086    0.10531     0.01952    0.10354
881       0.02086    0.10531     0.01952    0.10354
882       0.02085    0.10530     0.01952    0.10354
883       0.02085    0.10530     0.01951    0.10354
884       0.02085    0.10530     0.01951    0.10353
885       0.02085    0.10530     0.01951    0.10353
886       0.02085    0.10530     0.01951    0.10353
887       0.02085    0.10530     0.01951    0.10353
888       0.02085    0.10529     0.01951    0.10353
889       0.02085    0.10529     0.01951    0.10353
890       0.02085    0.10529     0.01951    0.10353
891       0.02085    0.10529     0.01951    0.10353
892       0.02085    0.10529     0.01951    0.10353
893       0.02085    0.10529     0.01951    0.10352
894       0.02085    0.10528     0.01951    0.10352
895       0.02085    0.10528     0.01951    0.10352
896       0.02085    0.10528     0.01951    0.10352
897       0.02085    0.10528     0.01951    0.10352
898       0.02085    0.10528     0.01951    0.10352
899       0.02085    0.10528     0.01951    0.10352
900       0.02085    0.10527     0.01951    0.10352
901       0.02085    0.10527     0.01951    0.10352
902       0.02084    0.10527     0.01951    0.10352
903       0.02084    0.10527     0.01951    0.10351
904       0.02084    0.10527     0.01951    0.10351
905       0.02084    0.10527     0.01951    0.10351
906       0.02084    0.10526     0.01951    0.10351
907       0.02084    0.10526     0.01951    0.10351
908       0.02084    0.10526     0.01951    0.10351
909       0.02084    0.10526     0.01951    0.10351
910       0.02084    0.10526     0.01950    0.10351
911       0.02084    0.10526     0.01950    0.10351
912       0.02084    0.10526     0.01950    0.10350
913       0.02084    0.10525     0.01950    0.10350
914       0.02084    0.10525     0.01950    0.10350
915       0.02084    0.10525     0.01950    0.10350
916       0.02084    0.10525     0.01950    0.10350
917       0.02084    0.10525     0.01950    0.10350
918       0.02084    0.10525     0.01950    0.10350
919       0.02084    0.10525     0.01950    0.10350
920       0.02084    0.10524     0.01950    0.10350
921       0.02084    0.10524     0.01950    0.10350
922       0.02084    0.10524     0.01950    0.10350
923       0.02084    0.10524     0.01950    0.10349
924       0.02083    0.10524     0.01950    0.10349
925       0.02083    0.10524     0.01950    0.10349
926       0.02083    0.10523     0.01950    0.10349
927       0.02083    0.10523     0.01950    0.10349
928       0.02083    0.10523     0.01950    0.10349
929       0.02083    0.10523     0.01950    0.10349
930       0.02083    0.10523     0.01950    0.10349
931       0.02083    0.10523     0.01950    0.10349
932       0.02083    0.10523     0.01950    0.10349
933       0.02083    0.10522     0.01950    0.10349
934       0.02083    0.10522     0.01950    0.10348
935       0.02083    0.10522     0.01950    0.10348
936       0.02083    0.10522     0.01950    0.10348
937       0.02083    0.10522     0.01950    0.10348
938       0.02083    0.10522     0.01950    0.10348
939       0.02083    0.10522     0.01950    0.10348
940       0.02083    0.10521     0.01949    0.10348
941       0.02083    0.10521     0.01949    0.10348
942       0.02083    0.10521     0.01949    0.10348
943       0.02083    0.10521     0.01949    0.10348
944       0.02083    0.10521     0.01949    0.10348
945       0.02083    0.10521     0.01949    0.10347
946       0.02083    0.10521     0.01949    0.10347
947       0.02082    0.10521     0.01949    0.10347
948       0.02082    0.10520     0.01949    0.10347
949       0.02082    0.10520     0.01949    0.10347
950       0.02082    0.10520     0.01949    0.10347
951       0.02082    0.10520     0.01949    0.10347
952       0.02082    0.10520     0.01949    0.10347
953       0.02082    0.10520     0.01949    0.10347
954       0.02082    0.10520     0.01949    0.10347
955       0.02082    0.10519     0.01949    0.10347
956       0.02082    0.10519     0.01949    0.10347
957       0.02082    0.10519     0.01949    0.10346
958       0.02082    0.10519     0.01949    0.10346
959       0.02082    0.10519     0.01949    0.10346
960       0.02082    0.10519     0.01949    0.10346
961       0.02082    0.10519     0.01949    0.10346
962       0.02082    0.10519     0.01949    0.10346
963       0.02082    0.10518     0.01949    0.10346
964       0.02082    0.10518     0.01949    0.10346
965       0.02082    0.10518     0.01949    0.10346
966       0.02082    0.10518     0.01949    0.10346
967       0.02082    0.10518     0.01949    0.10346
968       0.02082    0.10518     0.01949    0.10346
969       0.02082    0.10518     0.01949    0.10345
970       0.02082    0.10517     0.01949    0.10345
971       0.02082    0.10517     0.01949    0.10345
972       0.02081    0.10517     0.01949    0.10345
973       0.02081    0.10517     0.01949    0.10345
974       0.02081    0.10517     0.01948    0.10345
975       0.02081    0.10517     0.01948    0.10345
976       0.02081    0.10517     0.01948    0.10345
977       0.02081    0.10517     0.01948    0.10345
978       0.02081    0.10516     0.01948    0.10345
979       0.02081    0.10516     0.01948    0.10345
980       0.02081    0.10516     0.01948    0.10345
981       0.02081    0.10516     0.01948    0.10344
982       0.02081    0.10516     0.01948    0.10344
983       0.02081    0.10516     0.01948    0.10344
984       0.02081    0.10516     0.01948    0.10344
985       0.02081    0.10516     0.01948    0.10344
986       0.02081    0.10515     0.01948    0.10344
987       0.02081    0.10515     0.01948    0.10344
988       0.02081    0.10515     0.01948    0.10344
989       0.02081    0.10515     0.01948    0.10344
990       0.02081    0.10515     0.01948    0.10344
991       0.02081    0.10515     0.01948    0.10344
992       0.02081    0.10515     0.01948    0.10344
993       0.02081    0.10515     0.01948    0.10344
994       0.02081    0.10515     0.01948    0.10343
995       0.02081    0.10514     0.01948    0.10343
996       0.02081    0.10514     0.01948    0.10343
997       0.02081    0.10514     0.01948    0.10343
998       0.02081    0.10514     0.01948    0.10343
999       0.02080    0.10514     0.01948    0.10343
1000       0.02080    0.10514     0.01948    0.10343
1001       0.02080    0.10514     0.01948    0.10343
1002       0.02080    0.10514     0.01948    0.10343
1003       0.02080    0.10513     0.01948    0.10343
1004       0.02080    0.10513     0.01948    0.10343
1005       0.02080    0.10513     0.01948    0.10343
1006       0.02080    0.10513     0.01948    0.10343
1007       0.02080    0.10513     0.01948    0.10342
1008       0.02080    0.10513     0.01948    0.10342
1009       0.02080    0.10513     0.01948    0.10342
1010       0.02080    0.10513     0.01948    0.10342
1011       0.02080    0.10513     0.01948    0.10342
1012       0.02080    0.10512     0.01948    0.10342
1013       0.02080    0.10512     0.01948    0.10342
1014       0.02080    0.10512     0.01947    0.10342
1015       0.02080    0.10512     0.01947    0.10342
1016       0.02080    0.10512     0.01947    0.10342
1017       0.02080    0.10512     0.01947    0.10342
1018       0.02080    0.10512     0.01947    0.10342
1019       0.02080    0.10512     0.01947    0.10342
1020       0.02080    0.10512     0.01947    0.10342
1021       0.02080    0.10511     0.01947    0.10341
1022       0.02080    0.10511     0.01947    0.10341
1023       0.02080    0.10511     0.01947    0.10341
1024       0.02080    0.10511     0.01947    0.10341
1025       0.02080    0.10511     0.01947    0.10341
1026       0.02080    0.10511     0.01947    0.10341
1027       0.02080    0.10511     0.01947    0.10341
1028       0.02079    0.10511     0.01947    0.10341
1029       0.02079    0.10511     0.01947    0.10341
1030       0.02079    0.10511     0.01947    0.10341
1031       0.02079    0.10510     0.01947    0.10341
1032       0.02079    0.10510     0.01947    0.10341
1033       0.02079    0.10510     0.01947    0.10341
1034       0.02079    0.10510     0.01947    0.10341
1035       0.02079    0.10510     0.01947    0.10341
1036       0.02079    0.10510     0.01947    0.10340
1037       0.02079    0.10510     0.01947    0.10340
1038       0.02079    0.10510     0.01947    0.10340
1039       0.02079    0.10510     0.01947    0.10340
1040       0.02079    0.10509     0.01947    0.10340
1041       0.02079    0.10509     0.01947    0.10340
1042       0.02079    0.10509     0.01947    0.10340
1043       0.02079    0.10509     0.01947    0.10340
1044       0.02079    0.10509     0.01947    0.10340
1045       0.02079    0.10509     0.01947    0.10340
1046       0.02079    0.10509     0.01947    0.10340
1047       0.02079    0.10509     0.01947    0.10340
1048       0.02079    0.10509     0.01947    0.10340
1049       0.02079    0.10509     0.01947    0.10340
1050       0.02079    0.10509     0.01947    0.10340
1051       0.02079    0.10508     0.01947    0.10339
1052       0.02079    0.10508     0.01947    0.10339
1053       0.02079    0.10508     0.01947    0.10339
1054       0.02079    0.10508     0.01947    0.10339
1055       0.02079    0.10508     0.01947    0.10339
1056       0.02079    0.10508     0.01947    0.10339
1057       0.02079    0.10508     0.01947    0.10339
1058       0.02079    0.10508     0.01947    0.10339
1059       0.02079    0.10508     0.01947    0.10339
1060       0.02079    0.10508     0.01947    0.10339
1061       0.02078    0.10507     0.01947    0.10339
1062       0.02078    0.10507     0.01946    0.10339
1063       0.02078    0.10507     0.01946    0.10339
1064       0.02078    0.10507     0.01946    0.10339
1065       0.02078    0.10507     0.01946    0.10339
1066       0.02078    0.10507     0.01946    0.10339
1067       0.02078    0.10507     0.01946    0.10338
1068       0.02078    0.10507     0.01946    0.10338
1069       0.02078    0.10507     0.01946    0.10338
1070       0.02078    0.10507     0.01946    0.10338
1071       0.02078    0.10507     0.01946    0.10338
1072       0.02078    0.10506     0.01946    0.10338
1073       0.02078    0.10506     0.01946    0.10338
1074       0.02078    0.10506     0.01946    0.10338
1075       0.02078    0.10506     0.01946    0.10338
1076       0.02078    0.10506     0.01946    0.10338
1077       0.02078    0.10506     0.01946    0.10338
1078       0.02078    0.10506     0.01946    0.10338
1079       0.02078    0.10506     0.01946    0.10338
1080       0.02078    0.10506     0.01946    0.10338
1081       0.02078    0.10506     0.01946    0.10338
1082       0.02078    0.10506     0.01946    0.10338
1083       0.02078    0.10505     0.01946    0.10338
1084       0.02078    0.10505     0.01946    0.10337
1085       0.02078    0.10505     0.01946    0.10337
1086       0.02078    0.10505     0.01946    0.10337
1087       0.02078    0.10505     0.01946    0.10337
1088       0.02078    0.10505     0.01946    0.10337
1089       0.02078    0.10505     0.01946    0.10337
1090       0.02078    0.10505     0.01946    0.10337
1091       0.02078    0.10505     0.01946    0.10337
1092       0.02078    0.10505     0.01946    0.10337
1093       0.02078    0.10505     0.01946    0.10337
1094       0.02078    0.10504     0.01946    0.10337
1095       0.02078    0.10504     0.01946    0.10337
1096       0.02078    0.10504     0.01946    0.10337
1097       0.02077    0.10504     0.01946    0.10337
1098       0.02077    0.10504     0.01946    0.10337
1099       0.02077    0.10504     0.01946    0.10337
1100       0.02077    0.10504     0.01946    0.10337
1101       0.02077    0.10504     0.01946    0.10336
1102       0.02077    0.10504     0.01946    0.10336
1103       0.02077    0.10504     0.01946    0.10336
1104       0.02077    0.10504     0.01946    0.10336
1105       0.02077    0.10504     0.01946    0.10336
1106       0.02077    0.10503     0.01946    0.10336
1107       0.02077    0.10503     0.01946    0.10336
1108       0.02077    0.10503     0.01946    0.10336
1109       0.02077    0.10503     0.01946    0.10336
1110       0.02077    0.10503     0.01946    0.10336
1111       0.02077    0.10503     0.01946    0.10336
1112       0.02077    0.10503     0.01946    0.10336
1113       0.02077    0.10503     0.01946    0.10336
1114       0.02077    0.10503     0.01946    0.10336
1115       0.02077    0.10503     0.01946    0.10336
1116       0.02077    0.10503     0.01946    0.10336
1117       0.02077    0.10503     0.01946    0.10336
1118       0.02077    0.10503     0.01946    0.10336
1119       0.02077    0.10502     0.01946    0.10336
1120       0.02077    0.10502     0.01946    0.10335
1121       0.02077    0.10502     0.01946    0.10335
1122       0.02077    0.10502     0.01945    0.10335
1123       0.02077    0.10502     0.01945    0.10335
1124       0.02077    0.10502     0.01945    0.10335
1125       0.02077    0.10502     0.01945    0.10335
1126       0.02077    0.10502     0.01945    0.10335
1127       0.02077    0.10502     0.01945    0.10335
1128       0.02077    0.10502     0.01945    0.10335
1129       0.02077    0.10502     0.01945    0.10335
1130       0.02077    0.10502     0.01945    0.10335
1131       0.02077    0.10502     0.01945    0.10335
1132       0.02077    0.10501     0.01945    0.10335
1133       0.02077    0.10501     0.01945    0.10335
1134       0.02077    0.10501     0.01945    0.10335
1135       0.02077    0.10501     0.01945    0.10335
1136       0.02077    0.10501     0.01945    0.10335
1137       0.02076    0.10501     0.01945    0.10335
1138       0.02076    0.10501     0.01945    0.10335
1139       0.02076    0.10501     0.01945    0.10335
1140       0.02076    0.10501     0.01945    0.10335
1141       0.02076    0.10501     0.01945    0.10334
1142       0.02076    0.10501     0.01945    0.10334
1143       0.02076    0.10501     0.01945    0.10334
1144       0.02076    0.10501     0.01945    0.10334
1145       0.02076    0.10501     0.01945    0.10334
1146       0.02076    0.10500     0.01945    0.10334
1147       0.02076    0.10500     0.01945    0.10334
1148       0.02076    0.10500     0.01945    0.10334
1149       0.02076    0.10500     0.01945    0.10334
1150       0.02076    0.10500     0.01945    0.10334
1151       0.02076    0.10500     0.01945    0.10334
1152       0.02076    0.10500     0.01945    0.10334
1153       0.02076    0.10500     0.01945    0.10334
1154       0.02076    0.10500     0.01945    0.10334
1155       0.02076    0.10500     0.01945    0.10334
1156       0.02076    0.10500     0.01945    0.10334
1157       0.02076    0.10500     0.01945    0.10334
1158       0.02076    0.10500     0.01945    0.10334
1159       0.02076    0.10500     0.01945    0.10334
1160       0.02076    0.10500     0.01945    0.10334
1161       0.02076    0.10499     0.01945    0.10334
1162       0.02076    0.10499     0.01945    0.10333
1163       0.02076    0.10499     0.01945    0.10333
1164       0.02076    0.10499     0.01945    0.10333
1165       0.02076    0.10499     0.01945    0.10333
1166       0.02076    0.10499     0.01945    0.10333
1167       0.02076    0.10499     0.01945    0.10333
1168       0.02076    0.10499     0.01945    0.10333
1169       0.02076    0.10499     0.01945    0.10333
1170       0.02076    0.10499     0.01945    0.10333
1171       0.02076    0.10499     0.01945    0.10333
1172       0.02076    0.10499     0.01945    0.10333
1173       0.02076    0.10499     0.01945    0.10333
1174       0.02076    0.10499     0.01945    0.10333
1175       0.02076    0.10499     0.01945    0.10333
1176       0.02076    0.10498     0.01945    0.10333
1177       0.02076    0.10498     0.01945    0.10333
1178       0.02076    0.10498     0.01945    0.10333
1179       0.02076    0.10498     0.01945    0.10333
1180       0.02076    0.10498     0.01945    0.10333
1181       0.02076    0.10498     0.01945    0.10333
1182       0.02076    0.10498     0.01945    0.10333
1183       0.02075    0.10498     0.01945    0.10333
1184       0.02075    0.10498     0.01945    0.10333
1185       0.02075    0.10498     0.01945    0.10332
1186       0.02075    0.10498     0.01945    0.10332
1187       0.02075    0.10498     0.01945    0.10332
1188       0.02075    0.10498     0.01945    0.10332
1189       0.02075    0.10498     0.01945    0.10332
1190       0.02075    0.10498     0.01945    0.10332
1191       0.02075    0.10498     0.01945    0.10332
1192       0.02075    0.10497     0.01945    0.10332
1193       0.02075    0.10497     0.01945    0.10332
1194       0.02075    0.10497     0.01945    0.10332
1195       0.02075    0.10497     0.01945    0.10332
1196       0.02075    0.10497     0.01945    0.10332
1197       0.02075    0.10497     0.01945    0.10332
1198       0.02075    0.10497     0.01945    0.10332
1199       0.02075    0.10497     0.01945    0.10332
1200       0.02075    0.10497     0.01945    0.10332
1201       0.02075    0.10497     0.01945    0.10332
1202       0.02075    0.10497     0.01945    0.10332
1203       0.02075    0.10497     0.01945    0.10332
1204       0.02075    0.10497     0.01945    0.10332
1205       0.02075    0.10497     0.01945    0.10332
1206       0.02075    0.10497     0.01945    0.10332
1207       0.02075    0.10497     0.01944    0.10332
1208       0.02075    0.10497     0.01944    0.10332
1209       0.02075    0.10496     0.01944    0.10332
1210       0.02075    0.10496     0.01944    0.10332
1211       0.02075    0.10496     0.01944    0.10331
1212       0.02075    0.10496     0.01944    0.10331
1213       0.02075    0.10496     0.01944    0.10331
1214       0.02075    0.10496     0.01944    0.10331
1215       0.02075    0.10496     0.01944    0.10331
1216       0.02075    0.10496     0.01944    0.10331
1217       0.02075    0.10496     0.01944    0.10331
1218       0.02075    0.10496     0.01944    0.10331
1219       0.02075    0.10496     0.01944    0.10331
1220       0.02075    0.10496     0.01944    0.10331
1221       0.02075    0.10496     0.01944    0.10331
1222       0.02075    0.10496     0.01944    0.10331
1223       0.02075    0.10496     0.01944    0.10331
1224       0.02075    0.10496     0.01944    0.10331
1225       0.02075    0.10496     0.01944    0.10331
1226       0.02075    0.10496     0.01944    0.10331
1227       0.02075    0.10495     0.01944    0.10331
1228       0.02075    0.10495     0.01944    0.10331
1229       0.02075    0.10495     0.01944    0.10331
1230       0.02075    0.10495     0.01944    0.10331
1231       0.02075    0.10495     0.01944    0.10331
1232       0.02075    0.10495     0.01944    0.10331
1233       0.02075    0.10495     0.01944    0.10331
1234       0.02075    0.10495     0.01944    0.10331
1235       0.02075    0.10495     0.01944    0.10331
1236       0.02074    0.10495     0.01944    0.10331
1237       0.02074    0.10495     0.01944    0.10331
1238       0.02074    0.10495     0.01944    0.10331
1239       0.02074    0.10495     0.01944    0.10331
1240       0.02074    0.10495     0.01944    0.10331
1241       0.02074    0.10495     0.01944    0.10330
1242       0.02074    0.10495     0.01944    0.10330
1243       0.02074    0.10495     0.01944    0.10330
1244       0.02074    0.10495     0.01944    0.10330
1245       0.02074    0.10495     0.01944    0.10330
1246       0.02074    0.10495     0.01944    0.10330
1247       0.02074    0.10494     0.01944    0.10330
1248       0.02074    0.10494     0.01944    0.10330
1249       0.02074    0.10494     0.01944    0.10330
1250       0.02074    0.10494     0.01944    0.10330
1251       0.02074    0.10494     0.01944    0.10330
1252       0.02074    0.10494     0.01944    0.10330
1253       0.02074    0.10494     0.01944    0.10330
1254       0.02074    0.10494     0.01944    0.10330
1255       0.02074    0.10494     0.01944    0.10330
1256       0.02074    0.10494     0.01944    0.10330
1257       0.02074    0.10494     0.01944    0.10330
1258       0.02074    0.10494     0.01944    0.10330
1259       0.02074    0.10494     0.01944    0.10330
1260       0.02074    0.10494     0.01944    0.10330
1261       0.02074    0.10494     0.01944    0.10330
1262       0.02074    0.10494     0.01944    0.10330
1263       0.02074    0.10494     0.01944    0.10330
1264       0.02074    0.10494     0.01944    0.10330
1265       0.02074    0.10494     0.01944    0.10330
1266       0.02074    0.10494     0.01944    0.10330
1267       0.02074    0.10494     0.01944    0.10330
1268       0.02074    0.10493     0.01944    0.10330
1269       0.02074    0.10493     0.01944    0.10330
1270       0.02074    0.10493     0.01944    0.10330
1271       0.02074    0.10493     0.01944    0.10330
1272       0.02074    0.10493     0.01944    0.10330
1273       0.02074    0.10493     0.01944    0.10330
1274       0.02074    0.10493     0.01944    0.10330
1275       0.02074    0.10493     0.01944    0.10329
1276       0.02074    0.10493     0.01944    0.10329
1277       0.02074    0.10493     0.01944    0.10329
1278       0.02074    0.10493     0.01944    0.10329
1279       0.02074    0.10493     0.01944    0.10329
1280       0.02074    0.10493     0.01944    0.10329
1281       0.02074    0.10493     0.01944    0.10329
1282       0.02074    0.10493     0.01944    0.10329
1283       0.02074    0.10493     0.01944    0.10329
1284       0.02074    0.10493     0.01944    0.10329
1285       0.02074    0.10493     0.01944    0.10329
1286       0.02074    0.10493     0.01944    0.10329
1287       0.02074    0.10493     0.01944    0.10329
1288       0.02074    0.10493     0.01944    0.10329
1289       0.02074    0.10493     0.01944    0.10329
1290       0.02074    0.10493     0.01944    0.10329
1291       0.02074    0.10492     0.01944    0.10329
1292       0.02074    0.10492     0.01944    0.10329
1293       0.02074    0.10492     0.01944    0.10329
1294       0.02074    0.10492     0.01944    0.10329
1295       0.02074    0.10492     0.01944    0.10329
1296       0.02074    0.10492     0.01944    0.10329
1297       0.02074    0.10492     0.01944    0.10329
1298       0.02074    0.10492     0.01944    0.10329
1299       0.02073    0.10492     0.01944    0.10329
1300       0.02073    0.10492     0.01944    0.10329
1301       0.02073    0.10492     0.01944    0.10329
1302       0.02073    0.10492     0.01944    0.10329
1303       0.02073    0.10492     0.01944    0.10329
1304       0.02073    0.10492     0.01944    0.10329
1305       0.02073    0.10492     0.01944    0.10329
1306       0.02073    0.10492     0.01944    0.10329
1307       0.02073    0.10492     0.01944    0.10329
1308       0.02073    0.10492     0.01944    0.10329
1309       0.02073    0.10492     0.01944    0.10329
1310       0.02073    0.10492     0.01944    0.10329
1311       0.02073    0.10492     0.01944    0.10329
1312       0.02073    0.10492     0.01944    0.10329
1313       0.02073    0.10492     0.01944    0.10329
1314       0.02073    0.10492     0.01944    0.10329
1315       0.02073    0.10491     0.01944    0.10329
1316       0.02073    0.10491     0.01944    0.10329
1317       0.02073    0.10491     0.01944    0.10328
1318       0.02073    0.10491     0.01944    0.10328
1319       0.02073    0.10491     0.01944    0.10328
1320       0.02073    0.10491     0.01944    0.10328
1321       0.02073    0.10491     0.01944    0.10328
1322       0.02073    0.10491     0.01944    0.10328
1323       0.02073    0.10491     0.01944    0.10328
1324       0.02073    0.10491     0.01944    0.10328
1325       0.02073    0.10491     0.01944    0.10328
1326       0.02073    0.10491     0.01944    0.10328
1327       0.02073    0.10491     0.01944    0.10328
1328       0.02073    0.10491     0.01944    0.10328
1329       0.02073    0.10491     0.01944    0.10328
1330       0.02073    0.10491     0.01944    0.10328
1331       0.02073    0.10491     0.01944    0.10328
1332       0.02073    0.10491     0.01944    0.10328
1333       0.02073    0.10491     0.01944    0.10328
1334       0.02073    0.10491     0.01944    0.10328
1335       0.02073    0.10491     0.01944    0.10328
1336       0.02073    0.10491     0.01944    0.10328
1337       0.02073    0.10491     0.01944    0.10328
1338       0.02073    0.10491     0.01944    0.10328
1339       0.02073    0.10491     0.01944    0.10328
1340       0.02073    0.10491     0.01944    0.10328
1341       0.02073    0.10491     0.01944    0.10328
1342       0.02073    0.10490     0.01944    0.10328
1343       0.02073    0.10490     0.01944    0.10328
1344       0.02073    0.10490     0.01944    0.10328
1345       0.02073    0.10490     0.01944    0.10328
1346       0.02073    0.10490     0.01944    0.10328
1347       0.02073    0.10490     0.01944    0.10328
1348       0.02073    0.10490     0.01944    0.10328
1349       0.02073    0.10490     0.01944    0.10328
1350       0.02073    0.10490     0.01944    0.10328
1351       0.02073    0.10490     0.01944    0.10328
1352       0.02073    0.10490     0.01944    0.10328
1353       0.02073    0.10490     0.01944    0.10328
1354       0.02073    0.10490     0.01944    0.10328
1355       0.02073    0.10490     0.01944    0.10328
1356       0.02073    0.10490     0.01944    0.10328
1357       0.02073    0.10490     0.01944    0.10328
1358       0.02073    0.10490     0.01944    0.10328
1359       0.02073    0.10490     0.01943    0.10328
1360       0.02073    0.10490     0.01943    0.10328
1361       0.02073    0.10490     0.01943    0.10328
1362       0.02073    0.10490     0.01943    0.10328
1363       0.02073    0.10490     0.01943    0.10327
1364       0.02073    0.10490     0.01943    0.10327
1365       0.02073    0.10490     0.01943    0.10327
1366       0.02073    0.10490     0.01943    0.10327
1367       0.02073    0.10490     0.01943    0.10327
1368       0.02073    0.10490     0.01943    0.10327
1369       0.02073    0.10490     0.01943    0.10327
1370       0.02073    0.10490     0.01943    0.10327
1371       0.02073    0.10490     0.01943    0.10327
1372       0.02073    0.10489     0.01943    0.10327
1373       0.02073    0.10489     0.01943    0.10327
1374       0.02073    0.10489     0.01943    0.10327
1375       0.02072    0.10489     0.01943    0.10327
1376       0.02072    0.10489     0.01943    0.10327
1377       0.02072    0.10489     0.01943    0.10327
1378       0.02072    0.10489     0.01943    0.10327
1379       0.02072    0.10489     0.01943    0.10327
1380       0.02072    0.10489     0.01943    0.10327
1381       0.02072    0.10489     0.01943    0.10327
1382       0.02072    0.10489     0.01943    0.10327
1383       0.02072    0.10489     0.01943    0.10327
1384       0.02072    0.10489     0.01943    0.10327
1385       0.02072    0.10489     0.01943    0.10327
1386       0.02072    0.10489     0.01943    0.10327
1387       0.02072    0.10489     0.01943    0.10327
1388       0.02072    0.10489     0.01943    0.10327
1389       0.02072    0.10489     0.01943    0.10327
1390       0.02072    0.10489     0.01943    0.10327
1391       0.02072    0.10489     0.01943    0.10327
1392       0.02072    0.10489     0.01943    0.10327
1393       0.02072    0.10489     0.01943    0.10327
1394       0.02072    0.10489     0.01943    0.10327
1395       0.02072    0.10489     0.01943    0.10327
1396       0.02072    0.10489     0.01943    0.10327
1397       0.02072    0.10489     0.01943    0.10327
1398       0.02072    0.10489     0.01943    0.10327
1399       0.02072    0.10489     0.01943    0.10327
1400       0.02072    0.10489     0.01943    0.10327
1401       0.02072    0.10489     0.01943    0.10327
1402       0.02072    0.10489     0.01943    0.10327
1403       0.02072    0.10489     0.01943    0.10327
1404       0.02072    0.10489     0.01943    0.10327
1405       0.02072    0.10488     0.01943    0.10327
1406       0.02072    0.10488     0.01943    0.10327
1407       0.02072    0.10488     0.01943    0.10327
1408       0.02072    0.10488     0.01943    0.10327
1409       0.02072    0.10488     0.01943    0.10327
1410       0.02072    0.10488     0.01943    0.10327
1411       0.02072    0.10488     0.01943    0.10327
1412       0.02072    0.10488     0.01943    0.10327
1413       0.02072    0.10488     0.01943    0.10327
1414       0.02072    0.10488     0.01943    0.10327
1415       0.02072    0.10488     0.01943    0.10327
1416       0.02072    0.10488     0.01943    0.10327
1417       0.02072    0.10488     0.01943    0.10327
1418       0.02072    0.10488     0.01943    0.10326
1419       0.02072    0.10488     0.01943    0.10326
1420       0.02072    0.10488     0.01943    0.10326
1421       0.02072    0.10488     0.01943    0.10326
1422       0.02072    0.10488     0.01943    0.10326
1423       0.02072    0.10488     0.01943    0.10326
1424       0.02072    0.10488     0.01943    0.10326
1425       0.02072    0.10488     0.01943    0.10326
1426       0.02072    0.10488     0.01943    0.10326
1427       0.02072    0.10488     0.01943    0.10326
1428       0.02072    0.10488     0.01943    0.10326
1429       0.02072    0.10488     0.01943    0.10326
1430       0.02072    0.10488     0.01943    0.10326
1431       0.02072    0.10488     0.01943    0.10326
1432       0.02072    0.10488     0.01943    0.10326
1433       0.02072    0.10488     0.01943    0.10326
1434       0.02072    0.10488     0.01943    0.10326
1435       0.02072    0.10488     0.01943    0.10326
1436       0.02072    0.10488     0.01943    0.10326
1437       0.02072    0.10488     0.01943    0.10326
1438       0.02072    0.10488     0.01943    0.10326
1439       0.02072    0.10488     0.01943    0.10326
1440       0.02072    0.10488     0.01943    0.10326
1441       0.02072    0.10488     0.01943    0.10326
1442       0.02072    0.10487     0.01943    0.10326
1443       0.02072    0.10487     0.01943    0.10326
1444       0.02072    0.10487     0.01943    0.10326
1445       0.02072    0.10487     0.01943    0.10326
1446       0.02072    0.10487     0.01943    0.10326
1447       0.02072    0.10487     0.01943    0.10326
1448       0.02072    0.10487     0.01943    0.10326
1449       0.02072    0.10487     0.01943    0.10326
1450       0.02072    0.10487     0.01943    0.10326
1451       0.02072    0.10487     0.01943    0.10326
1452       0.02072    0.10487     0.01943    0.10326
1453       0.02072    0.10487     0.01943    0.10326
1454       0.02072    0.10487     0.01943    0.10326
1455       0.02072    0.10487     0.01943    0.10326
1456       0.02072    0.10487     0.01943    0.10326
1457       0.02072    0.10487     0.01943    0.10326
1458       0.02072    0.10487     0.01943    0.10326
1459       0.02072    0.10487     0.01943    0.10326
1460       0.02072    0.10487     0.01943    0.10326
1461       0.02072    0.10487     0.01943    0.10326
1462       0.02072    0.10487     0.01943    0.10326
1463       0.02072    0.10487     0.01943    0.10326
1464       0.02072    0.10487     0.01943    0.10326
1465       0.02072    0.10487     0.01943    0.10326
1466       0.02072    0.10487     0.01943    0.10326
1467       0.02072    0.10487     0.01943    0.10326
1468       0.02072    0.10487     0.01943    0.10326
1469       0.02072    0.10487     0.01943    0.10326
1470       0.02072    0.10487     0.01943    0.10326
1471       0.02072    0.10487     0.01943    0.10326
1472       0.02071    0.10487     0.01943    0.10326
1473       0.02071    0.10487     0.01943    0.10326
1474       0.02071    0.10487     0.01943    0.10326
1475       0.02071    0.10487     0.01943    0.10326
1476       0.02071    0.10487     0.01943    0.10326
1477       0.02071    0.10487     0.01943    0.10326
1478       0.02071    0.10487     0.01943    0.10326
1479       0.02071    0.10487     0.01943    0.10326
1480       0.02071    0.10487     0.01943    0.10326
1481       0.02071    0.10487     0.01943    0.10326
1482       0.02071    0.10487     0.01943    0.10326
1483       0.02071    0.10486     0.01943    0.10325
1484       0.02071    0.10486     0.01943    0.10325
1485       0.02071    0.10486     0.01943    0.10325
1486       0.02071    0.10486     0.01943    0.10325
1487       0.02071    0.10486     0.01943    0.10325
1488       0.02071    0.10486     0.01943    0.10325
1489       0.02071    0.10486     0.01943    0.10325
1490       0.02071    0.10486     0.01943    0.10325
1491       0.02071    0.10486     0.01943    0.10325
1492       0.02071    0.10486     0.01943    0.10325
1493       0.02071    0.10486     0.01943    0.10325
1494       0.02071    0.10486     0.01943    0.10325
1495       0.02071    0.10486     0.01943    0.10325
1496       0.02071    0.10486     0.01943    0.10325
1497       0.02071    0.10486     0.01943    0.10325
1498       0.02071    0.10486     0.01943    0.10325
1499       0.02071    0.10486     0.01943    0.10325
1500       0.02071    0.10486     0.01943    0.10325
1501       0.02071    0.10486     0.01943    0.10325
1502       0.02071    0.10486     0.01943    0.10325
1503       0.02071    0.10486     0.01943    0.10325
1504       0.02071    0.10486     0.01943    0.10325
1505       0.02071    0.10486     0.01943    0.10325
1506       0.02071    0.10486     0.01943    0.10325
1507       0.02071    0.10486     0.01943    0.10325
1508       0.02071    0.10486     0.01943    0.10325
1509       0.02071    0.10486     0.01943    0.10325
1510       0.02071    0.10486     0.01943    0.10325
1511       0.02071    0.10486     0.01943    0.10325
1512       0.02071    0.10486     0.01943    0.10325
1513       0.02071    0.10486     0.01943    0.10325
1514       0.02071    0.10486     0.01943    0.10325
1515       0.02071    0.10486     0.01943    0.10325
1516       0.02071    0.10486     0.01943    0.10325
1517       0.02071    0.10486     0.01943    0.10325
1518       0.02071    0.10486     0.01943    0.10325
1519       0.02071    0.10486     0.01943    0.10325
1520       0.02071    0.10486     0.01943    0.10325
1521       0.02071    0.10486     0.01943    0.10325
1522       0.02071    0.10486     0.01943    0.10325
1523       0.02071    0.10486     0.01943    0.10325
1524       0.02071    0.10486     0.01943    0.10325
1525       0.02071    0.10486     0.01943    0.10325
1526       0.02071    0.10486     0.01943    0.10325
1527       0.02071    0.10486     0.01943    0.10325
1528       0.02071    0.10486     0.01943    0.10325
1529       0.02071    0.10486     0.01943    0.10325
1530       0.02071    0.10485     0.01943    0.10325
1531       0.02071    0.10485     0.01943    0.10325
1532       0.02071    0.10485     0.01943    0.10325
1533       0.02071    0.10485     0.01943    0.10325
1534       0.02071    0.10485     0.01943    0.10325
1535       0.02071    0.10485     0.01943    0.10325
1536       0.02071    0.10485     0.01943    0.10325
1537       0.02071    0.10485     0.01943    0.10325
1538       0.02071    0.10485     0.01943    0.10325
1539       0.02071    0.10485     0.01943    0.10325
1540       0.02071    0.10485     0.01943    0.10325
1541       0.02071    0.10485     0.01943    0.10325
1542       0.02071    0.10485     0.01943    0.10325
1543       0.02071    0.10485     0.01943    0.10325
1544       0.02071    0.10485     0.01943    0.10325
1545       0.02071    0.10485     0.01943    0.10325
1546       0.02071    0.10485     0.01943    0.10325
1547       0.02071    0.10485     0.01943    0.10325
1548       0.02071    0.10485     0.01943    0.10325
1549       0.02071    0.10485     0.01943    0.10325
1550       0.02071    0.10485     0.01943    0.10325
1551       0.02071    0.10485     0.01943    0.10325
1552       0.02071    0.10485     0.01943    0.10325
1553       0.02071    0.10485     0.01943    0.10325
1554       0.02071    0.10485     0.01943    0.10325
1555       0.02071    0.10485     0.01943    0.10325
1556       0.02071    0.10485     0.01943    0.10325
1557       0.02071    0.10485     0.01943    0.10325
1558       0.02071    0.10485     0.01943    0.10325
1559       0.02071    0.10485     0.01943    0.10325
1560       0.02071    0.10485     0.01943    0.10325
1561       0.02071    0.10485     0.01943    0.10325
1562       0.02071    0.10485     0.01943    0.10325
1563       0.02071    0.10485     0.01943    0.10325
1564       0.02071    0.10485     0.01943    0.10325
1565       0.02071    0.10485     0.01943    0.10325
1566       0.02071    0.10485     0.01943    0.10325
1567       0.02071    0.10485     0.01943    0.10325
1568       0.02071    0.10485     0.01943    0.10325
1569       0.02071    0.10485     0.01943    0.10325
1570       0.02071    0.10485     0.01943    0.10325
1571       0.02071    0.10485     0.01943    0.10325
1572       0.02071    0.10485     0.01943    0.10325
1573       0.02071    0.10485     0.01943    0.10325
1574       0.02071    0.10485     0.01943    0.10324
1575       0.02071    0.10485     0.01943    0.10324
1576       0.02071    0.10485     0.01943    0.10324
1577       0.02071    0.10485     0.01943    0.10324
1578       0.02071    0.10485     0.01943    0.10324
1579       0.02071    0.10485     0.01943    0.10324
1580       0.02071    0.10485     0.01943    0.10324
1581       0.02071    0.10485     0.01943    0.10324
1582       0.02071    0.10485     0.01943    0.10324
1583       0.02071    0.10485     0.01943    0.10324
1584       0.02071    0.10485     0.01943    0.10324
1585       0.02071    0.10485     0.01943    0.10324
1586       0.02071    0.10484     0.01943    0.10324
1587       0.02071    0.10484     0.01943    0.10324
1588       0.02071    0.10484     0.01943    0.10324
1589       0.02071    0.10484     0.01943    0.10324
1590       0.02071    0.10484     0.01943    0.10324
1591       0.02071    0.10484     0.01943    0.10324
1592       0.02071    0.10484     0.01943    0.10324
1593       0.02071    0.10484     0.01943    0.10324
1594       0.02071    0.10484     0.01943    0.10324
1595       0.02071    0.10484     0.01943    0.10324
1596       0.02071    0.10484     0.01943    0.10324
1597       0.02071    0.10484     0.01943    0.10324
1598       0.02071    0.10484     0.01943    0.10324
1599       0.02071    0.10484     0.01943    0.10324
1600       0.02071    0.10484     0.01943    0.10324
1601       0.02071    0.10484     0.01943    0.10324
1602       0.02070    0.10484     0.01943    0.10324
1603       0.02070    0.10484     0.01943    0.10324
1604       0.02070    0.10484     0.01943    0.10324
1605       0.02070    0.10484     0.01943    0.10324
1606       0.02070    0.10484     0.01943    0.10324
1607       0.02070    0.10484     0.01943    0.10324
1608       0.02070    0.10484     0.01943    0.10324
1609       0.02070    0.10484     0.01943    0.10324
1610       0.02070    0.10484     0.01943    0.10324
1611       0.02070    0.10484     0.01943    0.10324
1612       0.02070    0.10484     0.01943    0.10324
1613       0.02070    0.10484     0.01943    0.10324
1614       0.02070    0.10484     0.01943    0.10324
1615       0.02070    0.10484     0.01943    0.10324
1616       0.02070    0.10484     0.01943    0.10324
1617       0.02070    0.10484     0.01943    0.10324
1618       0.02070    0.10484     0.01943    0.10324
1619       0.02070    0.10484     0.01943    0.10324
1620       0.02070    0.10484     0.01943    0.10324
1621       0.02070    0.10484     0.01943    0.10324
1622       0.02070    0.10484     0.01943    0.10324
1623       0.02070    0.10484     0.01943    0.10324
1624       0.02070    0.10484     0.01943    0.10324
1625       0.02070    0.10484     0.01943    0.10324
1626       0.02070    0.10484     0.01943    0.10324
1627       0.02070    0.10484     0.01943    0.10324
1628       0.02070    0.10484     0.01943    0.10324
1629       0.02070    0.10484     0.01943    0.10324
1630       0.02070    0.10484     0.01943    0.10324
1631       0.02070    0.10484     0.01943    0.10324
1632       0.02070    0.10484     0.01943    0.10324
1633       0.02070    0.10484     0.01943    0.10324
1634       0.02070    0.10484     0.01943    0.10324
1635       0.02070    0.10484     0.01943    0.10324
1636       0.02070    0.10484     0.01943    0.10324
1637       0.02070    0.10484     0.01943    0.10324
1638       0.02070    0.10484     0.01943    0.10324
1639       0.02070    0.10484     0.01943    0.10324
1640       0.02070    0.10484     0.01943    0.10324
1641       0.02070    0.10484     0.01943    0.10324
1642       0.02070    0.10484     0.01943    0.10324
1643       0.02070    0.10484     0.01943    0.10324
1644       0.02070    0.10484     0.01943    0.10324
1645       0.02070    0.10484     0.01943    0.10324
1646       0.02070    0.10484     0.01943    0.10324
1647       0.02070    0.10484     0.01943    0.10324
1648       0.02070    0.10484     0.01943    0.10324
1649       0.02070    0.10484     0.01943    0.10324
1650       0.02070    0.10484     0.01943    0.10324
1651       0.02070    0.10484     0.01943    0.10324    0.02123    0.10431