Ciclo   TrainMSE   TrainMAE   ValidMSE   ValidMAE   TestMSE     TestMAE
----------------------------------------------------------------------- 
0       0.05284    0.17907     0.05401    0.18055
1       0.03479    0.14294     0.03524    0.14366
2       0.02880    0.12735     0.02855    0.12706
3       0.02657    0.12062     0.02584    0.11938
4       0.02566    0.11755     0.02464    0.11577
5       0.02522    0.11604     0.02403    0.11389
6       0.02496    0.11521     0.02368    0.11282
7       0.02478    0.11465     0.02344    0.11213
8       0.02464    0.11423     0.02326    0.11166
9       0.02451    0.11389     0.02312    0.11132
10       0.02440    0.11361     0.02300    0.11104
11       0.02430    0.11337     0.02289    0.11082
12       0.02420    0.11316     0.02280    0.11062
13       0.02412    0.11297     0.02272    0.11045
14       0.02404    0.11280     0.02264    0.11029
15       0.02397    0.11264     0.02257    0.11015
16       0.02390    0.11250     0.02250    0.11002
17       0.02384    0.11236     0.02244    0.10989
18       0.02378    0.11224     0.02238    0.10977
19       0.02373    0.11212     0.02233    0.10966
20       0.02368    0.11201     0.02228    0.10955
21       0.02363    0.11190     0.02223    0.10945
22       0.02358    0.11181     0.02219    0.10935
23       0.02354    0.11171     0.02215    0.10926
24       0.02350    0.11162     0.02211    0.10918
25       0.02346    0.11154     0.02207    0.10909
26       0.02342    0.11145     0.02203    0.10902
27       0.02339    0.11138     0.02200    0.10894
28       0.02335    0.11130     0.02196    0.10887
29       0.02332    0.11122     0.02193    0.10880
30       0.02329    0.11115     0.02190    0.10872
31       0.02326    0.11108     0.02187    0.10865
32       0.02323    0.11101     0.02184    0.10858
33       0.02320    0.11094     0.02181    0.10852
34       0.02317    0.11088     0.02178    0.10845
35       0.02314    0.11081     0.02175    0.10838
36       0.02312    0.11075     0.02172    0.10832
37       0.02309    0.11068     0.02170    0.10825
38       0.02307    0.11062     0.02167    0.10819
39       0.02304    0.11056     0.02165    0.10813
40       0.02302    0.11049     0.02162    0.10807
41       0.02299    0.11043     0.02160    0.10801
42       0.02297    0.11037     0.02157    0.10795
43       0.02295    0.11031     0.02155    0.10789
44       0.02292    0.11025     0.02153    0.10783
45       0.02290    0.11019     0.02150    0.10777
46       0.02288    0.11013     0.02148    0.10771
47       0.02286    0.11007     0.02146    0.10765
48       0.02284    0.11001     0.02144    0.10759
49       0.02282    0.10995     0.02142    0.10754
50       0.02280    0.10990     0.02140    0.10748
51       0.02278    0.10984     0.02137    0.10743
52       0.02276    0.10978     0.02135    0.10737
53       0.02274    0.10972     0.02133    0.10732
54       0.02272    0.10966     0.02131    0.10726
55       0.02270    0.10961     0.02129    0.10721
56       0.02268    0.10955     0.02127    0.10716
57       0.02266    0.10950     0.02125    0.10711
58       0.02264    0.10944     0.02123    0.10705
59       0.02262    0.10939     0.02122    0.10700
60       0.02260    0.10933     0.02120    0.10695
61       0.02258    0.10928     0.02118    0.10690
62       0.02257    0.10923     0.02116    0.10685
63       0.02255    0.10917     0.02114    0.10680
64       0.02253    0.10912     0.02112    0.10675
65       0.02251    0.10907     0.02111    0.10670
66       0.02250    0.10902     0.02109    0.10665
67       0.02248    0.10896     0.02107    0.10660
68       0.02246    0.10891     0.02105    0.10655
69       0.02245    0.10886     0.02104    0.10651
70       0.02243    0.10881     0.02102    0.10646
71       0.02241    0.10876     0.02100    0.10641
72       0.02240    0.10871     0.02099    0.10636
73       0.02238    0.10866     0.02097    0.10631
74       0.02237    0.10861     0.02095    0.10627
75       0.02235    0.10857     0.02094    0.10622
76       0.02233    0.10852     0.02092    0.10617
77       0.02232    0.10847     0.02091    0.10613
78       0.02230    0.10842     0.02089    0.10608
79       0.02229    0.10838     0.02088    0.10604
80       0.02227    0.10833     0.02086    0.10599
81       0.02226    0.10828     0.02085    0.10595
82       0.02225    0.10824     0.02083    0.10591
83       0.02223    0.10819     0.02082    0.10586
84       0.02222    0.10815     0.02080    0.10582
85       0.02220    0.10811     0.02079    0.10578
86       0.02219    0.10806     0.02077    0.10573
87       0.02217    0.10802     0.02076    0.10569
88       0.02216    0.10798     0.02074    0.10565
89       0.02215    0.10793     0.02073    0.10561
90       0.02213    0.10789     0.02072    0.10557
91       0.02212    0.10785     0.02070    0.10553
92       0.02211    0.10781     0.02069    0.10549
93       0.02209    0.10777     0.02068    0.10545
94       0.02208    0.10773     0.02066    0.10541
95       0.02207    0.10769     0.02065    0.10537
96       0.02206    0.10765     0.02064    0.10533
97       0.02204    0.10761     0.02063    0.10529
98       0.02203    0.10757     0.02061    0.10525
99       0.02202    0.10753     0.02060    0.10521
100       0.02201    0.10749     0.02059    0.10518
101       0.02200    0.10745     0.02058    0.10514
102       0.02198    0.10742     0.02056    0.10510
103       0.02197    0.10738     0.02055    0.10506
104       0.02196    0.10734     0.02054    0.10502
105       0.02195    0.10731     0.02053    0.10499
106       0.02194    0.10727     0.02052    0.10495
107       0.02193    0.10724     0.02051    0.10492
108       0.02191    0.10720     0.02050    0.10488
109       0.02190    0.10716     0.02048    0.10485
110       0.02189    0.10713     0.02047    0.10481
111       0.02188    0.10709     0.02046    0.10478
112       0.02187    0.10706     0.02045    0.10474
113       0.02186    0.10703     0.02044    0.10471
114       0.02185    0.10699     0.02043    0.10468
115       0.02184    0.10696     0.02042    0.10464
116       0.02183    0.10693     0.02041    0.10461
117       0.02182    0.10689     0.02040    0.10458
118       0.02181    0.10686     0.02039    0.10455
119       0.02180    0.10683     0.02038    0.10452
120       0.02179    0.10680     0.02037    0.10449
121       0.02178    0.10676     0.02036    0.10446
122       0.02177    0.10673     0.02035    0.10444
123       0.02176    0.10670     0.02034    0.10441
124       0.02175    0.10667     0.02033    0.10438
125       0.02174    0.10664     0.02032    0.10436
126       0.02173    0.10661     0.02031    0.10433
127       0.02172    0.10658     0.02030    0.10431
128       0.02171    0.10655     0.02029    0.10428
129       0.02170    0.10652     0.02029    0.10426
130       0.02169    0.10649     0.02028    0.10424
131       0.02169    0.10646     0.02027    0.10421
132       0.02168    0.10644     0.02026    0.10419
133       0.02167    0.10641     0.02025    0.10417
134       0.02166    0.10638     0.02024    0.10415
135       0.02165    0.10635     0.02023    0.10413
136       0.02164    0.10632     0.02023    0.10410
137       0.02163    0.10630     0.02022    0.10408
138       0.02163    0.10627     0.02021    0.10406
139       0.02162    0.10624     0.02020    0.10404
140       0.02161    0.10621     0.02019    0.10402
141       0.02160    0.10619     0.02019    0.10400
142       0.02159    0.10616     0.02018    0.10398
143       0.02159    0.10614     0.02017    0.10396
144       0.02158    0.10611     0.02016    0.10394
145       0.02157    0.10608     0.02016    0.10392
146       0.02156    0.10606     0.02015    0.10390
147       0.02155    0.10603     0.02014    0.10388
148       0.02155    0.10601     0.02013    0.10386
149       0.02154    0.10599     0.02013    0.10384
150       0.02153    0.10596     0.02012    0.10382
151       0.02152    0.10594     0.02011    0.10380
152       0.02152    0.10591     0.02010    0.10378
153       0.02151    0.10589     0.02010    0.10376
154       0.02150    0.10587     0.02009    0.10374
155       0.02150    0.10584     0.02008    0.10373
156       0.02149    0.10582     0.02008    0.10371
157       0.02148    0.10580     0.02007    0.10369
158       0.02148    0.10578     0.02006    0.10367
159       0.02147    0.10575     0.02006    0.10366
160       0.02146    0.10573     0.02005    0.10364
161       0.02146    0.10571     0.02005    0.10363
162       0.02145    0.10569     0.02004    0.10361
163       0.02144    0.10567     0.02003    0.10359
164       0.02144    0.10565     0.02003    0.10358
165       0.02143    0.10563     0.02002    0.10356
166       0.02142    0.10561     0.02002    0.10355
167       0.02142    0.10559     0.02001    0.10353
168       0.02141    0.10557     0.02000    0.10352
169       0.02141    0.10555     0.02000    0.10350
170       0.02140    0.10553     0.01999    0.10349
171       0.02139    0.10551     0.01999    0.10347
172       0.02139    0.10549     0.01998    0.10346
173       0.02138    0.10548     0.01998    0.10345
174       0.02138    0.10546     0.01997    0.10343
175       0.02137    0.10544     0.01996    0.10342
176       0.02136    0.10542     0.01996    0.10340
177       0.02136    0.10540     0.01995    0.10339
178       0.02135    0.10539     0.01995    0.10338
179       0.02135    0.10537     0.01994    0.10336
180       0.02134    0.10535     0.01994    0.10335
181       0.02134    0.10534     0.01993    0.10334
182       0.02133    0.10532     0.01993    0.10332
183       0.02133    0.10530     0.01992    0.10331
184       0.02132    0.10529     0.01992    0.10330
185       0.02132    0.10527     0.01991    0.10329
186       0.02131    0.10526     0.01991    0.10327
187       0.02131    0.10524     0.01990    0.10326
188       0.02130    0.10523     0.01990    0.10325
189       0.02130    0.10521     0.01990    0.10323
190       0.02129    0.10520     0.01989    0.10322
191       0.02129    0.10518     0.01989    0.10321
192       0.02128    0.10517     0.01988    0.10320
193       0.02128    0.10515     0.01988    0.10318
194       0.02127    0.10514     0.01987    0.10317
195       0.02127    0.10512     0.01987    0.10316
196       0.02126    0.10511     0.01986    0.10315
197       0.02126    0.10510     0.01986    0.10314
198       0.02125    0.10508     0.01986    0.10313
199       0.02125    0.10507     0.01985    0.10311
200       0.02124    0.10506     0.01985    0.10310
201       0.02124    0.10504     0.01984    0.10309
202       0.02123    0.10503     0.01984    0.10308
203       0.02123    0.10502     0.01984    0.10307
204       0.02123    0.10501     0.01983    0.10306
205       0.02122    0.10499     0.01983    0.10305
206       0.02122    0.10498     0.01982    0.10304
207       0.02121    0.10497     0.01982    0.10303
208       0.02121    0.10496     0.01982    0.10302
209       0.02121    0.10494     0.01981    0.10301
210       0.02120    0.10493     0.01981    0.10300
211       0.02120    0.10492     0.01981    0.10299
212       0.02119    0.10491     0.01980    0.10298
213       0.02119    0.10490     0.01980    0.10297
214       0.02119    0.10489     0.01980    0.10297
215       0.02118    0.10488     0.01979    0.10296
216       0.02118    0.10486     0.01979    0.10295
217       0.02117    0.10485     0.01979    0.10294
218       0.02117    0.10484     0.01978    0.10293
219       0.02117    0.10483     0.01978    0.10292
220       0.02116    0.10482     0.01978    0.10291
221       0.02116    0.10481     0.01977    0.10291
222       0.02116    0.10480     0.01977    0.10290
223       0.02115    0.10479     0.01977    0.10289
224       0.02115    0.10478     0.01976    0.10288
225       0.02115    0.10477     0.01976    0.10287
226       0.02114    0.10476     0.01976    0.10286
227       0.02114    0.10475     0.01975    0.10286
228       0.02114    0.10474     0.01975    0.10285
229       0.02113    0.10473     0.01975    0.10284
230       0.02113    0.10472     0.01975    0.10283
231       0.02113    0.10471     0.01974    0.10283
232       0.02112    0.10470     0.01974    0.10282
233       0.02112    0.10470     0.01974    0.10281
234       0.02112    0.10469     0.01973    0.10280
235       0.02111    0.10468     0.01973    0.10280
236       0.02111    0.10467     0.01973    0.10279
237       0.02111    0.10466     0.01973    0.10278
238       0.02110    0.10465     0.01972    0.10278
239       0.02110    0.10464     0.01972    0.10277
240       0.02110    0.10463     0.01972    0.10276
241       0.02109    0.10463     0.01972    0.10276
242       0.02109    0.10462     0.01971    0.10275
243       0.02109    0.10461     0.01971    0.10274
244       0.02109    0.10460     0.01971    0.10274
245       0.02108    0.10459     0.01971    0.10273
246       0.02108    0.10458     0.01970    0.10272
247       0.02108    0.10458     0.01970    0.10272
248       0.02107    0.10457     0.01970    0.10271
249       0.02107    0.10456     0.01970    0.10271
250       0.02107    0.10455     0.01970    0.10270
251       0.02107    0.10455     0.01969    0.10270
252       0.02106    0.10454     0.01969    0.10269
253       0.02106    0.10453     0.01969    0.10268
254       0.02106    0.10452     0.01969    0.10268
255       0.02106    0.10452     0.01968    0.10267
256       0.02105    0.10451     0.01968    0.10267
257       0.02105    0.10450     0.01968    0.10266
258       0.02105    0.10450     0.01968    0.10266
259       0.02105    0.10449     0.01968    0.10265
260       0.02104    0.10448     0.01967    0.10265
261       0.02104    0.10448     0.01967    0.10264
262       0.02104    0.10447     0.01967    0.10264
263       0.02104    0.10446     0.01967    0.10263
264       0.02103    0.10446     0.01967    0.10263
265       0.02103    0.10445     0.01966    0.10262
266       0.02103    0.10444     0.01966    0.10262
267       0.02103    0.10444     0.01966    0.10261
268       0.02102    0.10443     0.01966    0.10261
269       0.02102    0.10443     0.01966    0.10260
270       0.02102    0.10442     0.01966    0.10260
271       0.02102    0.10441     0.01965    0.10259
272       0.02102    0.10441     0.01965    0.10259
273       0.02101    0.10440     0.01965    0.10259
274       0.02101    0.10440     0.01965    0.10258
275       0.02101    0.10439     0.01965    0.10258
276       0.02101    0.10439     0.01965    0.10257
277       0.02100    0.10438     0.01964    0.10257
278       0.02100    0.10437     0.01964    0.10257
279       0.02100    0.10437     0.01964    0.10256
280       0.02100    0.10436     0.01964    0.10256
281       0.02100    0.10436     0.01964    0.10255
282       0.02099    0.10435     0.01964    0.10255
283       0.02099    0.10435     0.01963    0.10255
284       0.02099    0.10434     0.01963    0.10254
285       0.02099    0.10434     0.01963    0.10254
286       0.02099    0.10433     0.01963    0.10254
287       0.02099    0.10433     0.01963    0.10253
288       0.02098    0.10432     0.01963    0.10253
289       0.02098    0.10432     0.01963    0.10252
290       0.02098    0.10431     0.01962    0.10252
291       0.02098    0.10431     0.01962    0.10252
292       0.02098    0.10430     0.01962    0.10252
293       0.02097    0.10430     0.01962    0.10251
294       0.02097    0.10429     0.01962    0.10251
295       0.02097    0.10429     0.01962    0.10251
296       0.02097    0.10428     0.01962    0.10250
297       0.02097    0.10428     0.01962    0.10250
298       0.02097    0.10427     0.01961    0.10250
299       0.02096    0.10427     0.01961    0.10249
300       0.02096    0.10427     0.01961    0.10249
301       0.02096    0.10426     0.01961    0.10249
302       0.02096    0.10426     0.01961    0.10248
303       0.02096    0.10425     0.01961    0.10248
304       0.02096    0.10425     0.01961    0.10248
305       0.02095    0.10424     0.01961    0.10248
306       0.02095    0.10424     0.01961    0.10247
307       0.02095    0.10423     0.01960    0.10247
308       0.02095    0.10423     0.01960    0.10247
309       0.02095    0.10423     0.01960    0.10246
310       0.02095    0.10422     0.01960    0.10246
311       0.02095    0.10422     0.01960    0.10246
312       0.02094    0.10421     0.01960    0.10246
313       0.02094    0.10421     0.01960    0.10245
314       0.02094    0.10421     0.01960    0.10245
315       0.02094    0.10420     0.01960    0.10245
316       0.02094    0.10420     0.01959    0.10245
317       0.02094    0.10420     0.01959    0.10245
318       0.02094    0.10419     0.01959    0.10244
319       0.02093    0.10419     0.01959    0.10244
320       0.02093    0.10418     0.01959    0.10244
321       0.02093    0.10418     0.01959    0.10244
322       0.02093    0.10418     0.01959    0.10243
323       0.02093    0.10417     0.01959    0.10243
324       0.02093    0.10417     0.01959    0.10243
325       0.02093    0.10417     0.01959    0.10243
326       0.02092    0.10416     0.01959    0.10242
327       0.02092    0.10416     0.01958    0.10242
328       0.02092    0.10416     0.01958    0.10242
329       0.02092    0.10415     0.01958    0.10242
330       0.02092    0.10415     0.01958    0.10242
331       0.02092    0.10415     0.01958    0.10241
332       0.02092    0.10414     0.01958    0.10241
333       0.02092    0.10414     0.01958    0.10241
334       0.02092    0.10414     0.01958    0.10241
335       0.02091    0.10414     0.01958    0.10241
336       0.02091    0.10413     0.01958    0.10240
337       0.02091    0.10413     0.01958    0.10240
338       0.02091    0.10413     0.01958    0.10240
339       0.02091    0.10412     0.01958    0.10240
340       0.02091    0.10412     0.01958    0.10240
341       0.02091    0.10412     0.01957    0.10239
342       0.02091    0.10412     0.01957    0.10239
343       0.02091    0.10411     0.01957    0.10239
344       0.02090    0.10411     0.01957    0.10239
345       0.02090    0.10411     0.01957    0.10239
346       0.02090    0.10411     0.01957    0.10239
347       0.02090    0.10410     0.01957    0.10238
348       0.02090    0.10410     0.01957    0.10238
349       0.02090    0.10410     0.01957    0.10238
350       0.02090    0.10409     0.01957    0.10238
351       0.02090    0.10409     0.01957    0.10238
352       0.02090    0.10409     0.01957    0.10237
353       0.02089    0.10409     0.01957    0.10237
354       0.02089    0.10409     0.01957    0.10237
355       0.02089    0.10408     0.01957    0.10237
356       0.02089    0.10408     0.01957    0.10237
357       0.02089    0.10408     0.01956    0.10237
358       0.02089    0.10408     0.01956    0.10237
359       0.02089    0.10407     0.01956    0.10236
360       0.02089    0.10407     0.01956    0.10236
361       0.02089    0.10407     0.01956    0.10236
362       0.02089    0.10407     0.01956    0.10236
363       0.02089    0.10406     0.01956    0.10236
364       0.02088    0.10406     0.01956    0.10236
365       0.02088    0.10406     0.01956    0.10235
366       0.02088    0.10406     0.01956    0.10235
367       0.02088    0.10406     0.01956    0.10235
368       0.02088    0.10405     0.01956    0.10235
369       0.02088    0.10405     0.01956    0.10235
370       0.02088    0.10405     0.01956    0.10235
371       0.02088    0.10405     0.01956    0.10235
372       0.02088    0.10405     0.01956    0.10235
373       0.02088    0.10405     0.01956    0.10234
374       0.02088    0.10404     0.01956    0.10234
375       0.02088    0.10404     0.01956    0.10234
376       0.02088    0.10404     0.01956    0.10234
377       0.02087    0.10404     0.01956    0.10234
378       0.02087    0.10404     0.01956    0.10234
379       0.02087    0.10403     0.01956    0.10234
380       0.02087    0.10403     0.01955    0.10234
381       0.02087    0.10403     0.01955    0.10234
382       0.02087    0.10403     0.01955    0.10233
383       0.02087    0.10403     0.01955    0.10233
384       0.02087    0.10403     0.01955    0.10233
385       0.02087    0.10402     0.01955    0.10233
386       0.02087    0.10402     0.01955    0.10233
387       0.02087    0.10402     0.01955    0.10233
388       0.02087    0.10402     0.01955    0.10233
389       0.02087    0.10402     0.01955    0.10233
390       0.02087    0.10402     0.01955    0.10233
391       0.02086    0.10402     0.01955    0.10232
392       0.02086    0.10401     0.01955    0.10232
393       0.02086    0.10401     0.01955    0.10232
394       0.02086    0.10401     0.01955    0.10232
395       0.02086    0.10401     0.01955    0.10232
396       0.02086    0.10401     0.01955    0.10232
397       0.02086    0.10401     0.01955    0.10232
398       0.02086    0.10401     0.01955    0.10232
399       0.02086    0.10400     0.01955    0.10232
400       0.02086    0.10400     0.01955    0.10232
401       0.02086    0.10400     0.01955    0.10231
402       0.02086    0.10400     0.01955    0.10231
403       0.02086    0.10400     0.01955    0.10231
404       0.02086    0.10400     0.01955    0.10231
405       0.02086    0.10400     0.01955    0.10231
406       0.02086    0.10399     0.01955    0.10231
407       0.02085    0.10399     0.01955    0.10231
408       0.02085    0.10399     0.01955    0.10231
409       0.02085    0.10399     0.01955    0.10231
410       0.02085    0.10399     0.01955    0.10231
411       0.02085    0.10399     0.01955    0.10231
412       0.02085    0.10399     0.01955    0.10231
413       0.02085    0.10399     0.01955    0.10230
414       0.02085    0.10399     0.01955    0.10230
415       0.02085    0.10398     0.01955    0.10230
416       0.02085    0.10398     0.01955    0.10230
417       0.02085    0.10398     0.01955    0.10230
418       0.02085    0.10398     0.01955    0.10230
419       0.02085    0.10398     0.01954    0.10230
420       0.02085    0.10398     0.01954    0.10230
421       0.02085    0.10398     0.01954    0.10230
422       0.02085    0.10398     0.01954    0.10230
423       0.02085    0.10398     0.01954    0.10230
424       0.02085    0.10397     0.01954    0.10230
425       0.02085    0.10397     0.01954    0.10230
426       0.02085    0.10397     0.01954    0.10229
427       0.02084    0.10397     0.01954    0.10229
428       0.02084    0.10397     0.01954    0.10229
429       0.02084    0.10397     0.01954    0.10229
430       0.02084    0.10397     0.01954    0.10229
431       0.02084    0.10397     0.01954    0.10229
432       0.02084    0.10397     0.01954    0.10229
433       0.02084    0.10397     0.01954    0.10229
434       0.02084    0.10397     0.01954    0.10229
435       0.02084    0.10397     0.01954    0.10229
436       0.02084    0.10396     0.01954    0.10229
437       0.02084    0.10396     0.01954    0.10229
438       0.02084    0.10396     0.01954    0.10229
439       0.02084    0.10396     0.01954    0.10229
440       0.02084    0.10396     0.01954    0.10229
441       0.02084    0.10396     0.01954    0.10229
442       0.02084    0.10396     0.01954    0.10229
443       0.02084    0.10396     0.01954    0.10228
444       0.02084    0.10396     0.01954    0.10228
445       0.02084    0.10396     0.01954    0.10228
446       0.02084    0.10396     0.01954    0.10228
447       0.02084    0.10396     0.01954    0.10228
448       0.02084    0.10396     0.01954    0.10228
449       0.02084    0.10396     0.01954    0.10228
450       0.02084    0.10395     0.01954    0.10228
451       0.02083    0.10395     0.01954    0.10228
452       0.02083    0.10395     0.01954    0.10228
453       0.02083    0.10395     0.01954    0.10228
454       0.02083    0.10395     0.01954    0.10228
455       0.02083    0.10395     0.01954    0.10228
456       0.02083    0.10395     0.01954    0.10228
457       0.02083    0.10395     0.01954    0.10228
458       0.02083    0.10395     0.01954    0.10228
459       0.02083    0.10395     0.01954    0.10228
460       0.02083    0.10395     0.01954    0.10228
461       0.02083    0.10395     0.01954    0.10228
462       0.02083    0.10395     0.01954    0.10228
463       0.02083    0.10395     0.01954    0.10228
464       0.02083    0.10395     0.01954    0.10228
465       0.02083    0.10395     0.01954    0.10228
466       0.02083    0.10394     0.01954    0.10228
467       0.02083    0.10394     0.01954    0.10228
468       0.02083    0.10394     0.01954    0.10228
469       0.02083    0.10394     0.01954    0.10228
470       0.02083    0.10394     0.01954    0.10227
471       0.02083    0.10394     0.01954    0.10227
472       0.02083    0.10394     0.01954    0.10227
473       0.02083    0.10394     0.01954    0.10227
474       0.02083    0.10394     0.01954    0.10227
475       0.02083    0.10394     0.01954    0.10227
476       0.02083    0.10394     0.01954    0.10227
477       0.02083    0.10394     0.01954    0.10227
478       0.02083    0.10394     0.01954    0.10227
479       0.02083    0.10394     0.01954    0.10227
480       0.02083    0.10394     0.01954    0.10227
481       0.02083    0.10394     0.01954    0.10227
482       0.02083    0.10394     0.01954    0.10227
483       0.02082    0.10394     0.01954    0.10227
484       0.02082    0.10394     0.01954    0.10227
485       0.02082    0.10394     0.01954    0.10227
486       0.02082    0.10393     0.01954    0.10227
487       0.02082    0.10393     0.01954    0.10227
488       0.02082    0.10393     0.01954    0.10227
489       0.02082    0.10393     0.01954    0.10227
490       0.02082    0.10393     0.01954    0.10227
491       0.02082    0.10393     0.01954    0.10227
492       0.02082    0.10393     0.01954    0.10227
493       0.02082    0.10393     0.01954    0.10227
494       0.02082    0.10393     0.01954    0.10227
495       0.02082    0.10393     0.01954    0.10227
496       0.02082    0.10393     0.01954    0.10227
497       0.02082    0.10393     0.01954    0.10227
498       0.02082    0.10393     0.01954    0.10227
499       0.02082    0.10393     0.01954    0.10227
500       0.02082    0.10393     0.01954    0.10227
501       0.02082    0.10393     0.01954    0.10227
502       0.02082    0.10393     0.01954    0.10227
503       0.02082    0.10393     0.01954    0.10227
504       0.02082    0.10393     0.01954    0.10227
505       0.02082    0.10393     0.01954    0.10227
506       0.02082    0.10393     0.01954    0.10227
507       0.02082    0.10393     0.01954    0.10227
508       0.02082    0.10393     0.01954    0.10227
509       0.02082    0.10393     0.01954    0.10227
510       0.02082    0.10393     0.01954    0.10227
511       0.02082    0.10393     0.01954    0.10227
512       0.02082    0.10393     0.01954    0.10227
513       0.02082    0.10392     0.01954    0.10227
514       0.02082    0.10392     0.01954    0.10227
515       0.02082    0.10392     0.01954    0.10227
516       0.02082    0.10392     0.01954    0.10227
517       0.02082    0.10392     0.01954    0.10227
518       0.02082    0.10392     0.01954    0.10227
519       0.02082    0.10392     0.01954    0.10227
520       0.02082    0.10392     0.01954    0.10227
521       0.02082    0.10392     0.01954    0.10227
522       0.02082    0.10392     0.01954    0.10227
523       0.02082    0.10392     0.01954    0.10227
524       0.02082    0.10392     0.01954    0.10227
525       0.02082    0.10392     0.01954    0.10227
526       0.02082    0.10392     0.01954    0.10227
527       0.02082    0.10392     0.01954    0.10227
528       0.02082    0.10392     0.01954    0.10227
529       0.02082    0.10392     0.01954    0.10227
530       0.02082    0.10392     0.01954    0.10227
531       0.02081    0.10392     0.01954    0.10227
532       0.02081    0.10392     0.01954    0.10227
533       0.02081    0.10392     0.01954    0.10227
534       0.02081    0.10392     0.01954    0.10227
535       0.02081    0.10392     0.01954    0.10227
536       0.02081    0.10392     0.01954    0.10227
537       0.02081    0.10392     0.01954    0.10227
538       0.02081    0.10392     0.01954    0.10227
539       0.02081    0.10392     0.01954    0.10227
540       0.02081    0.10392     0.01954    0.10227
541       0.02081    0.10392     0.01954    0.10227
542       0.02081    0.10392     0.01954    0.10227
543       0.02081    0.10392     0.01954    0.10227
544       0.02081    0.10392     0.01954    0.10227
545       0.02081    0.10392     0.01954    0.10227
546       0.02081    0.10392     0.01954    0.10227
547       0.02081    0.10392     0.01954    0.10227
548       0.02081    0.10392     0.01954    0.10227
549       0.02081    0.10392     0.01954    0.10227
550       0.02081    0.10392     0.01954    0.10227
551       0.02081    0.10392     0.01954    0.10227
552       0.02081    0.10392     0.01954    0.10227
553       0.02081    0.10392     0.01954    0.10227
554       0.02081    0.10391     0.01954    0.10227
555       0.02081    0.10391     0.01954    0.10227
556       0.02081    0.10391     0.01954    0.10227
557       0.02081    0.10391     0.01954    0.10227
558       0.02081    0.10391     0.01954    0.10227
559       0.02081    0.10391     0.01954    0.10227
560       0.02081    0.10391     0.01954    0.10227
561       0.02081    0.10391     0.01954    0.10227
562       0.02081    0.10391     0.01954    0.10227
563       0.02081    0.10391     0.01954    0.10227
564       0.02081    0.10391     0.01954    0.10227
565       0.02081    0.10391     0.01954    0.10227
566       0.02081    0.10391     0.01955    0.10227
567       0.02081    0.10391     0.01955    0.10227
568       0.02081    0.10391     0.01955    0.10227
569       0.02081    0.10391     0.01955    0.10227
570       0.02081    0.10391     0.01955    0.10227
571       0.02081    0.10391     0.01955    0.10227
572       0.02081    0.10391     0.01955    0.10227
573       0.02081    0.10391     0.01955    0.10227
574       0.02081    0.10391     0.01955    0.10227
575       0.02081    0.10391     0.01955    0.10227
576       0.02081    0.10391     0.01955    0.10227
577       0.02081    0.10391     0.01955    0.10227
578       0.02081    0.10391     0.01955    0.10227
579       0.02081    0.10391     0.01955    0.10227
580       0.02081    0.10391     0.01955    0.10227
581       0.02081    0.10391     0.01955    0.10227
582       0.02081    0.10391     0.01955    0.10227
583       0.02081    0.10391     0.01955    0.10227
584       0.02081    0.10391     0.01955    0.10227
585       0.02081    0.10391     0.01955    0.10227
586       0.02081    0.10391     0.01955    0.10227
587       0.02081    0.10391     0.01955    0.10227
588       0.02081    0.10391     0.01955    0.10227
589       0.02081    0.10391     0.01955    0.10227
590       0.02081    0.10391     0.01955    0.10227
591       0.02081    0.10391     0.01955    0.10227
592       0.02081    0.10391     0.01955    0.10227
593       0.02081    0.10391     0.01955    0.10227
594       0.02081    0.10391     0.01955    0.10227
595       0.02081    0.10391     0.01955    0.10228
596       0.02081    0.10391     0.01955    0.10228
597       0.02081    0.10391     0.01955    0.10228
598       0.02081    0.10391     0.01955    0.10228
599       0.02081    0.10391     0.01955    0.10228
600       0.02081    0.10391     0.01955    0.10228
601       0.02081    0.10391     0.01955    0.10228
602       0.02081    0.10391     0.01955    0.10228
603       0.02081    0.10391     0.01955    0.10228
604       0.02081    0.10391     0.01955    0.10228
605       0.02081    0.10391     0.01955    0.10228
606       0.02081    0.10391     0.01955    0.10228
607       0.02081    0.10391     0.01955    0.10228
608       0.02081    0.10391     0.01955    0.10228
609       0.02081    0.10391     0.01955    0.10228
610       0.02081    0.10391     0.01955    0.10228
611       0.02081    0.10391     0.01955    0.10228
612       0.02081    0.10391     0.01955    0.10228
613       0.02081    0.10391     0.01955    0.10228
614       0.02081    0.10391     0.01955    0.10228
615       0.02081    0.10391     0.01955    0.10228
616       0.02081    0.10391     0.01955    0.10228
617       0.02081    0.10391     0.01955    0.10228
618       0.02081    0.10391     0.01955    0.10228
619       0.02081    0.10391     0.01955    0.10228
620       0.02081    0.10391     0.01955    0.10228
621       0.02081    0.10391     0.01955    0.10228
622       0.02081    0.10391     0.01955    0.10228
623       0.02081    0.10391     0.01955    0.10228
624       0.02081    0.10391     0.01955    0.10228
625       0.02080    0.10391     0.01955    0.10228
626       0.02080    0.10391     0.01955    0.10228
627       0.02080    0.10391     0.01955    0.10228
628       0.02080    0.10391     0.01955    0.10228
629       0.02080    0.10391     0.01955    0.10228
630       0.02080    0.10391     0.01955    0.10228
631       0.02080    0.10391     0.01955    0.10228
632       0.02080    0.10391     0.01955    0.10228
633       0.02080    0.10391     0.01955    0.10228
634       0.02080    0.10391     0.01955    0.10228
635       0.02080    0.10391     0.01955    0.10228
636       0.02080    0.10391     0.01955    0.10228
637       0.02080    0.10391     0.01955    0.10228
638       0.02080    0.10391     0.01955    0.10228
639       0.02080    0.10391     0.01955    0.10228
640       0.02080    0.10391     0.01955    0.10228
641       0.02080    0.10391     0.01955    0.10228
642       0.02080    0.10391     0.01955    0.10228
643       0.02080    0.10391     0.01955    0.10228
644       0.02080    0.10391     0.01955    0.10228
645       0.02080    0.10391     0.01955    0.10228
646       0.02080    0.10391     0.01955    0.10228
647       0.02080    0.10391     0.01955    0.10228
648       0.02080    0.10391     0.01955    0.10228
649       0.02080    0.10391     0.01955    0.10228
650       0.02080    0.10391     0.01955    0.10228
651       0.02080    0.10391     0.01955    0.10228
652       0.02080    0.10391     0.01955    0.10228
653       0.02080    0.10391     0.01955    0.10228
654       0.02080    0.10391     0.01955    0.10228
655       0.02080    0.10391     0.01955    0.10228
656       0.02080    0.10391     0.01955    0.10229
657       0.02080    0.10391     0.01955    0.10229
658       0.02080    0.10391     0.01955    0.10229
659       0.02080    0.10391     0.01955    0.10229
660       0.02080    0.10391     0.01955    0.10229
661       0.02080    0.10391     0.01955    0.10229
662       0.02080    0.10391     0.01955    0.10229
663       0.02080    0.10391     0.01955    0.10229
664       0.02080    0.10391     0.01955    0.10229
665       0.02080    0.10391     0.01955    0.10229
666       0.02080    0.10391     0.01955    0.10229
667       0.02080    0.10391     0.01955    0.10229
668       0.02080    0.10391     0.01955    0.10229
669       0.02080    0.10391     0.01955    0.10229
670       0.02080    0.10391     0.01955    0.10229
671       0.02080    0.10391     0.01955    0.10229
672       0.02080    0.10391     0.01955    0.10229
673       0.02080    0.10391     0.01955    0.10229
674       0.02080    0.10391     0.01955    0.10229
675       0.02080    0.10391     0.01955    0.10229
676       0.02080    0.10391     0.01955    0.10229
677       0.02080    0.10391     0.01956    0.10229
678       0.02080    0.10391     0.01956    0.10229
679       0.02080    0.10391     0.01956    0.10229
680       0.02080    0.10391     0.01956    0.10229
681       0.02080    0.10391     0.01956    0.10229
682       0.02080    0.10391     0.01956    0.10229
683       0.02080    0.10391     0.01956    0.10229
684       0.02080    0.10391     0.01956    0.10229
685       0.02080    0.10391     0.01956    0.10229
686       0.02080    0.10391     0.01956    0.10229
687       0.02080    0.10391     0.01956    0.10229
688       0.02080    0.10391     0.01956    0.10229
689       0.02080    0.10391     0.01956    0.10229
690       0.02080    0.10391     0.01956    0.10229
691       0.02080    0.10391     0.01956    0.10229
692       0.02080    0.10391     0.01956    0.10229
693       0.02080    0.10391     0.01956    0.10229
694       0.02080    0.10391     0.01956    0.10229
695       0.02080    0.10391     0.01956    0.10229
696       0.02080    0.10391     0.01956    0.10229
697       0.02080    0.10391     0.01956    0.10229
698       0.02080    0.10391     0.01956    0.10229
699       0.02080    0.10391     0.01956    0.10229
700       0.02080    0.10391     0.01956    0.10229
701       0.02080    0.10391     0.01956    0.10229
702       0.02080    0.10391     0.01956    0.10229
703       0.02080    0.10391     0.01956    0.10229
704       0.02080    0.10391     0.01956    0.10229
705       0.02080    0.10391     0.01956    0.10229
706       0.02080    0.10391     0.01956    0.10229
707       0.02080    0.10391     0.01956    0.10229
708       0.02080    0.10391     0.01956    0.10229
709       0.02080    0.10391     0.01956    0.10229
710       0.02080    0.10391     0.01956    0.10229
711       0.02080    0.10391     0.01956    0.10229
712       0.02080    0.10391     0.01956    0.10230
713       0.02080    0.10391     0.01956    0.10230
714       0.02080    0.10391     0.01956    0.10230
715       0.02080    0.10391     0.01956    0.10230
716       0.02080    0.10391     0.01956    0.10230
717       0.02080    0.10391     0.01956    0.10230
718       0.02080    0.10391     0.01956    0.10230
719       0.02080    0.10391     0.01956    0.10230
720       0.02080    0.10391     0.01956    0.10230
721       0.02080    0.10391     0.01956    0.10230
722       0.02080    0.10391     0.01956    0.10230
723       0.02080    0.10391     0.01956    0.10230
724       0.02080    0.10391     0.01956    0.10230
725       0.02080    0.10391     0.01956    0.10230
726       0.02080    0.10391     0.01956    0.10230
727       0.02080    0.10391     0.01956    0.10230
728       0.02080    0.10391     0.01956    0.10230
729       0.02080    0.10391     0.01956    0.10230
730       0.02080    0.10391     0.01956    0.10230
731       0.02080    0.10391     0.01956    0.10230
732       0.02080    0.10391     0.01956    0.10230
733       0.02080    0.10391     0.01956    0.10230
734       0.02080    0.10391     0.01956    0.10230
735       0.02080    0.10391     0.01956    0.10230
736       0.02080    0.10391     0.01956    0.10230
737       0.02080    0.10391     0.01956    0.10230
738       0.02080    0.10391     0.01956    0.10230
739       0.02080    0.10391     0.01956    0.10230
740       0.02080    0.10391     0.01956    0.10230
741       0.02080    0.10391     0.01956    0.10230
742       0.02080    0.10391     0.01956    0.10230
743       0.02080    0.10391     0.01956    0.10230
744       0.02080    0.10391     0.01956    0.10230
745       0.02080    0.10391     0.01956    0.10230
746       0.02080    0.10391     0.01956    0.10230
747       0.02080    0.10391     0.01956    0.10230
748       0.02080    0.10391     0.01956    0.10230
749       0.02080    0.10391     0.01956    0.10230
750       0.02080    0.10391     0.01956    0.10230
751       0.02080    0.10391     0.01956    0.10230
752       0.02080    0.10391     0.01956    0.10230
753       0.02080    0.10391     0.01956    0.10230
754       0.02080    0.10391     0.01956    0.10230
755       0.02080    0.10392     0.01956    0.10230
756       0.02080    0.10392     0.01956    0.10230
757       0.02080    0.10392     0.01956    0.10230
758       0.02080    0.10392     0.01956    0.10230
759       0.02080    0.10392     0.01956    0.10230
760       0.02080    0.10392     0.01956    0.10230
761       0.02080    0.10392     0.01956    0.10230
762       0.02080    0.10392     0.01956    0.10230
763       0.02080    0.10392     0.01956    0.10230
764       0.02080    0.10392     0.01956    0.10230
765       0.02080    0.10392     0.01956    0.10230
766       0.02080    0.10392     0.01956    0.10231
767       0.02080    0.10392     0.01956    0.10231
768       0.02080    0.10392     0.01956    0.10231
769       0.02080    0.10392     0.01956    0.10231
770       0.02080    0.10392     0.01956    0.10231
771       0.02080    0.10392     0.01956    0.10231
772       0.02080    0.10392     0.01956    0.10231
773       0.02080    0.10392     0.01956    0.10231
774       0.02080    0.10392     0.01956    0.10231
775       0.02080    0.10392     0.01956    0.10231
776       0.02080    0.10392     0.01956    0.10231
777       0.02080    0.10392     0.01956    0.10231
778       0.02080    0.10392     0.01956    0.10231
779       0.02080    0.10392     0.01956    0.10231
780       0.02080    0.10392     0.01956    0.10231
781       0.02080    0.10392     0.01956    0.10231
782       0.02080    0.10392     0.01956    0.10231
783       0.02080    0.10392     0.01956    0.10231
784       0.02080    0.10392     0.01956    0.10231
785       0.02080    0.10392     0.01956    0.10231
786       0.02080    0.10392     0.01956    0.10231
787       0.02080    0.10392     0.01956    0.10231
788       0.02080    0.10392     0.01956    0.10231
789       0.02080    0.10392     0.01956    0.10231
790       0.02080    0.10392     0.01956    0.10231
791       0.02080    0.10392     0.01956    0.10231
792       0.02080    0.10392     0.01956    0.10231
793       0.02080    0.10392     0.01956    0.10231
794       0.02080    0.10392     0.01956    0.10231
795       0.02080    0.10392     0.01956    0.10231
796       0.02080    0.10392     0.01956    0.10231
797       0.02080    0.10392     0.01956    0.10231
798       0.02080    0.10392     0.01956    0.10231
799       0.02080    0.10392     0.01956    0.10231
800       0.02080    0.10392     0.01956    0.10231
801       0.02080    0.10392     0.01956    0.10231
802       0.02080    0.10392     0.01956    0.10231
803       0.02080    0.10392     0.01956    0.10231
804       0.02080    0.10392     0.01956    0.10231
805       0.02080    0.10392     0.01957    0.10231
806       0.02080    0.10392     0.01957    0.10231
807       0.02080    0.10392     0.01957    0.10231
808       0.02080    0.10392     0.01957    0.10231
809       0.02080    0.10392     0.01957    0.10231
810       0.02080    0.10392     0.01957    0.10231
811       0.02080    0.10392     0.01957    0.10231
812       0.02080    0.10392     0.01957    0.10231
813       0.02080    0.10392     0.01957    0.10231
814       0.02080    0.10392     0.01957    0.10231
815       0.02080    0.10392     0.01957    0.10231
816       0.02080    0.10392     0.01957    0.10231
817       0.02080    0.10392     0.01957    0.10231
818       0.02080    0.10392     0.01957    0.10231
819       0.02080    0.10392     0.01957    0.10231
820       0.02080    0.10392     0.01957    0.10231
821       0.02080    0.10392     0.01957    0.10231
822       0.02080    0.10392     0.01957    0.10231
823       0.02080    0.10392     0.01957    0.10231
824       0.02080    0.10392     0.01957    0.10231
825       0.02080    0.10392     0.01957    0.10231
826       0.02080    0.10392     0.01957    0.10231
827       0.02080    0.10392     0.01957    0.10231
828       0.02080    0.10392     0.01957    0.10231
829       0.02080    0.10392     0.01957    0.10231
830       0.02080    0.10392     0.01957    0.10232
831       0.02080    0.10392     0.01957    0.10232
832       0.02080    0.10392     0.01957    0.10232
833       0.02080    0.10392     0.01957    0.10232
834       0.02080    0.10392     0.01957    0.10232
835       0.02080    0.10392     0.01957    0.10232
836       0.02080    0.10392     0.01957    0.10232
837       0.02080    0.10392     0.01957    0.10232
838       0.02080    0.10392     0.01957    0.10232
839       0.02080    0.10392     0.01957    0.10232
840       0.02080    0.10392     0.01957    0.10232
841       0.02080    0.10392     0.01957    0.10232
842       0.02080    0.10392     0.01957    0.10232
843       0.02080    0.10392     0.01957    0.10232
844       0.02080    0.10392     0.01957    0.10232
845       0.02080    0.10392     0.01957    0.10232
846       0.02080    0.10392     0.01957    0.10232
847       0.02080    0.10392     0.01957    0.10232
848       0.02080    0.10392     0.01957    0.10232
849       0.02080    0.10392     0.01957    0.10232
850       0.02080    0.10392     0.01957    0.10232
851       0.02080    0.10392     0.01957    0.10232
852       0.02080    0.10392     0.01957    0.10232
853       0.02080    0.10392     0.01957    0.10232
854       0.02080    0.10392     0.01957    0.10232
855       0.02080    0.10392     0.01957    0.10232
856       0.02080    0.10392     0.01957    0.10232
857       0.02080    0.10392     0.01957    0.10232
858       0.02080    0.10392     0.01957    0.10232
859       0.02080    0.10392     0.01957    0.10232
860       0.02080    0.10392     0.01957    0.10232
861       0.02080    0.10392     0.01957    0.10232
862       0.02080    0.10392     0.01957    0.10232
863       0.02080    0.10392     0.01957    0.10232
864       0.02080    0.10392     0.01957    0.10232
865       0.02080    0.10392     0.01957    0.10232
866       0.02080    0.10392     0.01957    0.10232
867       0.02080    0.10392     0.01957    0.10232
868       0.02080    0.10392     0.01957    0.10232
869       0.02080    0.10392     0.01957    0.10232
870       0.02080    0.10392     0.01957    0.10232
871       0.02080    0.10392     0.01957    0.10232
872       0.02080    0.10392     0.01957    0.10232
873       0.02080    0.10392     0.01957    0.10232
874       0.02080    0.10392     0.01957    0.10232
875       0.02080    0.10392     0.01957    0.10232
876       0.02080    0.10392     0.01957    0.10232
877       0.02080    0.10392     0.01957    0.10232
878       0.02080    0.10392     0.01957    0.10232
879       0.02080    0.10392     0.01957    0.10232
880       0.02080    0.10392     0.01957    0.10232
881       0.02080    0.10392     0.01957    0.10232
882       0.02080    0.10392     0.01957    0.10232
883       0.02080    0.10392     0.01957    0.10232
884       0.02080    0.10392     0.01957    0.10232
885       0.02080    0.10392     0.01957    0.10232
886       0.02080    0.10392     0.01957    0.10232
887       0.02080    0.10392     0.01957    0.10232
888       0.02080    0.10392     0.01957    0.10232
889       0.02080    0.10392     0.01957    0.10232
890       0.02080    0.10392     0.01957    0.10232
891       0.02080    0.10392     0.01957    0.10232
892       0.02080    0.10392     0.01957    0.10232
893       0.02080    0.10392     0.01957    0.10232
894       0.02080    0.10392     0.01957    0.10232
895       0.02080    0.10393     0.01957    0.10232
896       0.02080    0.10393     0.01957    0.10232
897       0.02080    0.10393     0.01957    0.10232
898       0.02080    0.10393     0.01957    0.10232
899       0.02080    0.10393     0.01957    0.10232
900       0.02080    0.10393     0.01957    0.10232
901       0.02080    0.10393     0.01957    0.10232
902       0.02080    0.10393     0.01957    0.10232
903       0.02080    0.10393     0.01957    0.10232
904       0.02080    0.10393     0.01957    0.10232
905       0.02080    0.10393     0.01957    0.10232
906       0.02080    0.10393     0.01957    0.10232
907       0.02080    0.10393     0.01957    0.10233
908       0.02080    0.10393     0.01957    0.10233
909       0.02080    0.10393     0.01957    0.10233
910       0.02080    0.10393     0.01957    0.10233
911       0.02080    0.10393     0.01957    0.10233
912       0.02080    0.10393     0.01957    0.10233
913       0.02080    0.10393     0.01957    0.10233
914       0.02080    0.10393     0.01957    0.10233
915       0.02080    0.10393     0.01957    0.10233
916       0.02080    0.10393     0.01957    0.10233
917       0.02080    0.10393     0.01957    0.10233
918       0.02080    0.10393     0.01957    0.10233
919       0.02080    0.10393     0.01957    0.10233
920       0.02080    0.10393     0.01957    0.10233
921       0.02080    0.10393     0.01957    0.10233
922       0.02080    0.10393     0.01957    0.10233
923       0.02080    0.10393     0.01957    0.10233
924       0.02080    0.10393     0.01957    0.10233
925       0.02080    0.10393     0.01957    0.10233
926       0.02080    0.10393     0.01957    0.10233
927       0.02080    0.10393     0.01957    0.10233
928       0.02080    0.10393     0.01957    0.10233
929       0.02080    0.10393     0.01957    0.10233
930       0.02080    0.10393     0.01957    0.10233
931       0.02080    0.10393     0.01957    0.10233
932       0.02080    0.10393     0.01957    0.10233
933       0.02080    0.10393     0.01957    0.10233
934       0.02080    0.10393     0.01957    0.10233
935       0.02080    0.10393     0.01957    0.10233
936       0.02080    0.10393     0.01957    0.10233
937       0.02080    0.10393     0.01957    0.10233
938       0.02080    0.10393     0.01957    0.10233
939       0.02080    0.10393     0.01957    0.10233
940       0.02080    0.10393     0.01957    0.10233
941       0.02080    0.10393     0.01957    0.10233
942       0.02080    0.10393     0.01957    0.10233
943       0.02080    0.10393     0.01957    0.10233
944       0.02080    0.10393     0.01957    0.10233
945       0.02080    0.10393     0.01957    0.10233
946       0.02080    0.10393     0.01957    0.10233
947       0.02080    0.10393     0.01957    0.10233
948       0.02080    0.10393     0.01957    0.10233
949       0.02080    0.10393     0.01957    0.10233
950       0.02080    0.10393     0.01957    0.10233
951       0.02080    0.10393     0.01957    0.10233
952       0.02080    0.10393     0.01957    0.10233
953       0.02080    0.10393     0.01957    0.10233
954       0.02080    0.10393     0.01957    0.10233
955       0.02080    0.10393     0.01957    0.10233
956       0.02080    0.10393     0.01957    0.10233
957       0.02080    0.10393     0.01957    0.10233
958       0.02080    0.10393     0.01957    0.10233
959       0.02080    0.10393     0.01957    0.10233
960       0.02080    0.10393     0.01957    0.10233
961       0.02080    0.10393     0.01957    0.10233
962       0.02080    0.10393     0.01957    0.10233
963       0.02080    0.10393     0.01957    0.10233
964       0.02080    0.10393     0.01957    0.10233
965       0.02080    0.10393     0.01957    0.10233
966       0.02080    0.10393     0.01957    0.10233
967       0.02080    0.10393     0.01957    0.10233
968       0.02080    0.10393     0.01957    0.10233
969       0.02080    0.10393     0.01957    0.10233
970       0.02080    0.10393     0.01957    0.10233
971       0.02080    0.10393     0.01957    0.10233
972       0.02080    0.10393     0.01957    0.10233
973       0.02080    0.10393     0.01957    0.10233
974       0.02080    0.10393     0.01957    0.10233
975       0.02080    0.10393     0.01957    0.10233
976       0.02080    0.10393     0.01957    0.10233
977       0.02080    0.10393     0.01957    0.10233
978       0.02080    0.10393     0.01957    0.10233
979       0.02080    0.10393     0.01957    0.10233
980       0.02080    0.10393     0.01957    0.10233
981       0.02080    0.10393     0.01957    0.10233
982       0.02080    0.10393     0.01957    0.10233
983       0.02080    0.10393     0.01957    0.10233
984       0.02080    0.10393     0.01957    0.10233
985       0.02080    0.10393     0.01957    0.10233
986       0.02080    0.10393     0.01957    0.10233
987       0.02080    0.10393     0.01957    0.10233
988       0.02080    0.10393     0.01957    0.10233
989       0.02080    0.10393     0.01957    0.10233
990       0.02080    0.10393     0.01957    0.10233
991       0.02080    0.10393     0.01957    0.10233
992       0.02080    0.10393     0.01957    0.10233
993       0.02080    0.10393     0.01957    0.10233
994       0.02080    0.10393     0.01957    0.10233
995       0.02080    0.10393     0.01957    0.10233
996       0.02080    0.10393     0.01957    0.10233
997       0.02080    0.10393     0.01957    0.10233
998       0.02080    0.10393     0.01957    0.10233
999       0.02080    0.10393     0.01957    0.10233
1000       0.02080    0.10393     0.01957    0.10233
1001       0.02080    0.10393     0.01957    0.10233
1002       0.02080    0.10393     0.01957    0.10233
1003       0.02080    0.10393     0.01957    0.10233
1004       0.02080    0.10393     0.01957    0.10233
1005       0.02080    0.10393     0.01957    0.10233
1006       0.02080    0.10393     0.01957    0.10234
1007       0.02080    0.10393     0.01957    0.10234
1008       0.02080    0.10393     0.01957    0.10234
1009       0.02080    0.10393     0.01957    0.10234
1010       0.02080    0.10393     0.01957    0.10234
1011       0.02080    0.10393     0.01957    0.10234
1012       0.02080    0.10393     0.01958    0.10234
1013       0.02080    0.10393     0.01958    0.10234
1014       0.02080    0.10393     0.01958    0.10234
1015       0.02080    0.10393     0.01958    0.10234
1016       0.02080    0.10393     0.01958    0.10234
1017       0.02080    0.10393     0.01958    0.10234
1018       0.02080    0.10393     0.01958    0.10234
1019       0.02080    0.10393     0.01958    0.10234
1020       0.02080    0.10393     0.01958    0.10234
1021       0.02080    0.10393     0.01958    0.10234
1022       0.02080    0.10393     0.01958    0.10234
1023       0.02080    0.10393     0.01958    0.10234
1024       0.02080    0.10393     0.01958    0.10234
1025       0.02080    0.10393     0.01958    0.10234
1026       0.02080    0.10393     0.01958    0.10234
1027       0.02080    0.10393     0.01958    0.10234
1028       0.02080    0.10393     0.01958    0.10234
1029       0.02080    0.10393     0.01958    0.10234
1030       0.02080    0.10393     0.01958    0.10234
1031       0.02080    0.10393     0.01958    0.10234
1032       0.02080    0.10393     0.01958    0.10234
1033       0.02080    0.10393     0.01958    0.10234
1034       0.02080    0.10393     0.01958    0.10234
1035       0.02080    0.10393     0.01958    0.10234
1036       0.02080    0.10393     0.01958    0.10234
1037       0.02080    0.10393     0.01958    0.10234
1038       0.02080    0.10393     0.01958    0.10234
1039       0.02080    0.10393     0.01958    0.10234
1040       0.02080    0.10393     0.01958    0.10234
1041       0.02080    0.10393     0.01958    0.10234
1042       0.02080    0.10393     0.01958    0.10234
1043       0.02080    0.10393     0.01958    0.10234
1044       0.02080    0.10393     0.01958    0.10234
1045       0.02080    0.10393     0.01958    0.10234
1046       0.02080    0.10393     0.01958    0.10234
1047       0.02080    0.10393     0.01958    0.10234
1048       0.02080    0.10393     0.01958    0.10234
1049       0.02080    0.10393     0.01958    0.10234
1050       0.02080    0.10393     0.01958    0.10234
1051       0.02080    0.10393     0.01958    0.10234
1052       0.02080    0.10393     0.01958    0.10234
1053       0.02080    0.10393     0.01958    0.10234
1054       0.02080    0.10393     0.01958    0.10234
1055       0.02080    0.10393     0.01958    0.10234
1056       0.02080    0.10393     0.01958    0.10234
1057       0.02080    0.10394     0.01958    0.10234
1058       0.02080    0.10394     0.01958    0.10234
1059       0.02080    0.10394     0.01958    0.10234
1060       0.02080    0.10394     0.01958    0.10234
1061       0.02080    0.10394     0.01958    0.10234
1062       0.02080    0.10394     0.01958    0.10234
1063       0.02080    0.10394     0.01958    0.10234
1064       0.02080    0.10394     0.01958    0.10234
1065       0.02080    0.10394     0.01958    0.10234
1066       0.02080    0.10394     0.01958    0.10234
1067       0.02080    0.10394     0.01958    0.10234
1068       0.02080    0.10394     0.01958    0.10234
1069       0.02080    0.10394     0.01958    0.10234
1070       0.02080    0.10394     0.01958    0.10234
1071       0.02080    0.10394     0.01958    0.10234
1072       0.02080    0.10394     0.01958    0.10234
1073       0.02080    0.10394     0.01958    0.10234
1074       0.02080    0.10394     0.01958    0.10234
1075       0.02080    0.10394     0.01958    0.10234
1076       0.02080    0.10394     0.01958    0.10234
1077       0.02080    0.10394     0.01958    0.10234
1078       0.02080    0.10394     0.01958    0.10234
1079       0.02080    0.10394     0.01958    0.10234
1080       0.02080    0.10394     0.01958    0.10234
1081       0.02080    0.10394     0.01958    0.10234
1082       0.02080    0.10394     0.01958    0.10234
1083       0.02080    0.10394     0.01958    0.10234
1084       0.02080    0.10394     0.01958    0.10234
1085       0.02080    0.10394     0.01958    0.10234
1086       0.02080    0.10394     0.01958    0.10234
1087       0.02080    0.10394     0.01958    0.10234
1088       0.02080    0.10394     0.01958    0.10234
1089       0.02080    0.10394     0.01958    0.10234
1090       0.02080    0.10394     0.01958    0.10234
1091       0.02080    0.10394     0.01958    0.10234
1092       0.02080    0.10394     0.01958    0.10234
1093       0.02080    0.10394     0.01958    0.10234
1094       0.02080    0.10394     0.01958    0.10234
1095       0.02080    0.10394     0.01958    0.10234
1096       0.02080    0.10394     0.01958    0.10234
1097       0.02080    0.10394     0.01958    0.10234
1098       0.02080    0.10394     0.01958    0.10234
1099       0.02080    0.10394     0.01958    0.10234
1100       0.02080    0.10394     0.01958    0.10234
1101       0.02080    0.10394     0.01958    0.10234
1102       0.02080    0.10394     0.01958    0.10234
1103       0.02080    0.10394     0.01958    0.10234
1104       0.02080    0.10394     0.01958    0.10234
1105       0.02080    0.10394     0.01958    0.10234
1106       0.02080    0.10394     0.01958    0.10234
1107       0.02080    0.10394     0.01958    0.10234
1108       0.02080    0.10394     0.01958    0.10234
1109       0.02080    0.10394     0.01958    0.10234
1110       0.02080    0.10394     0.01958    0.10234
1111       0.02080    0.10394     0.01958    0.10234
1112       0.02080    0.10394     0.01958    0.10234
1113       0.02080    0.10394     0.01958    0.10234
1114       0.02080    0.10394     0.01958    0.10234
1115       0.02080    0.10394     0.01958    0.10234
1116       0.02080    0.10394     0.01958    0.10234
1117       0.02080    0.10394     0.01958    0.10234
1118       0.02080    0.10394     0.01958    0.10234
1119       0.02080    0.10394     0.01958    0.10234
1120       0.02080    0.10394     0.01958    0.10234
1121       0.02080    0.10394     0.01958    0.10234
1122       0.02080    0.10394     0.01958    0.10234
1123       0.02080    0.10394     0.01958    0.10234
1124       0.02080    0.10394     0.01958    0.10234
1125       0.02080    0.10394     0.01958    0.10234
1126       0.02080    0.10394     0.01958    0.10234
1127       0.02080    0.10394     0.01958    0.10234
1128       0.02080    0.10394     0.01958    0.10234
1129       0.02080    0.10394     0.01958    0.10234
1130       0.02080    0.10394     0.01958    0.10234
1131       0.02080    0.10394     0.01958    0.10234
1132       0.02080    0.10394     0.01958    0.10234
1133       0.02080    0.10394     0.01958    0.10234
1134       0.02080    0.10394     0.01958    0.10234
1135       0.02080    0.10394     0.01958    0.10234
1136       0.02080    0.10394     0.01958    0.10234
1137       0.02080    0.10394     0.01958    0.10234
1138       0.02080    0.10394     0.01958    0.10234
1139       0.02080    0.10394     0.01958    0.10234
1140       0.02080    0.10394     0.01958    0.10235
1141       0.02080    0.10394     0.01958    0.10235
1142       0.02080    0.10394     0.01958    0.10235
1143       0.02080    0.10394     0.01958    0.10235
1144       0.02080    0.10394     0.01958    0.10235
1145       0.02080    0.10394     0.01958    0.10235
1146       0.02080    0.10394     0.01958    0.10235
1147       0.02080    0.10394     0.01958    0.10235
1148       0.02080    0.10394     0.01958    0.10235
1149       0.02080    0.10394     0.01958    0.10235
1150       0.02080    0.10394     0.01958    0.10235
1151       0.02080    0.10394     0.01958    0.10235
1152       0.02080    0.10394     0.01958    0.10235
1153       0.02080    0.10394     0.01958    0.10235
1154       0.02080    0.10394     0.01958    0.10235
1155       0.02080    0.10394     0.01958    0.10235
1156       0.02080    0.10394     0.01958    0.10235
1157       0.02080    0.10394     0.01958    0.10235
1158       0.02080    0.10394     0.01958    0.10235
1159       0.02080    0.10394     0.01958    0.10235
1160       0.02080    0.10394     0.01958    0.10235
1161       0.02080    0.10394     0.01958    0.10235
1162       0.02080    0.10394     0.01958    0.10235
1163       0.02080    0.10394     0.01958    0.10235
1164       0.02080    0.10394     0.01958    0.10235
1165       0.02080    0.10394     0.01958    0.10235
1166       0.02080    0.10394     0.01958    0.10235
1167       0.02080    0.10394     0.01958    0.10235
1168       0.02080    0.10394     0.01958    0.10235
1169       0.02080    0.10394     0.01958    0.10235
1170       0.02080    0.10394     0.01958    0.10235
1171       0.02080    0.10394     0.01958    0.10235
1172       0.02080    0.10394     0.01958    0.10235
1173       0.02080    0.10394     0.01958    0.10235
1174       0.02080    0.10394     0.01958    0.10235
1175       0.02080    0.10394     0.01958    0.10235
1176       0.02080    0.10394     0.01958    0.10235
1177       0.02080    0.10394     0.01958    0.10235
1178       0.02080    0.10394     0.01958    0.10235
1179       0.02080    0.10394     0.01958    0.10235
1180       0.02080    0.10394     0.01958    0.10235
1181       0.02080    0.10394     0.01958    0.10235
1182       0.02080    0.10394     0.01958    0.10235
1183       0.02080    0.10394     0.01958    0.10235
1184       0.02080    0.10394     0.01958    0.10235
1185       0.02080    0.10394     0.01958    0.10235
1186       0.02080    0.10394     0.01958    0.10235
1187       0.02080    0.10394     0.01958    0.10235
1188       0.02080    0.10394     0.01958    0.10235
1189       0.02080    0.10394     0.01958    0.10235
1190       0.02080    0.10394     0.01958    0.10235
1191       0.02080    0.10394     0.01958    0.10235
1192       0.02080    0.10394     0.01958    0.10235
1193       0.02080    0.10394     0.01958    0.10235
1194       0.02080    0.10394     0.01958    0.10235
1195       0.02080    0.10394     0.01958    0.10235
1196       0.02080    0.10394     0.01958    0.10235
1197       0.02080    0.10394     0.01958    0.10235
1198       0.02080    0.10394     0.01958    0.10235
1199       0.02080    0.10394     0.01958    0.10235
1200       0.02080    0.10394     0.01958    0.10235
1201       0.02080    0.10394     0.01958    0.10235
1202       0.02080    0.10394     0.01958    0.10235
1203       0.02080    0.10394     0.01958    0.10235
1204       0.02080    0.10394     0.01958    0.10235
1205       0.02080    0.10394     0.01958    0.10235
1206       0.02080    0.10394     0.01958    0.10235
1207       0.02080    0.10394     0.01958    0.10235
1208       0.02080    0.10394     0.01958    0.10235
1209       0.02080    0.10394     0.01958    0.10235
1210       0.02080    0.10394     0.01958    0.10235
1211       0.02080    0.10394     0.01958    0.10235
1212       0.02080    0.10394     0.01958    0.10235
1213       0.02080    0.10394     0.01958    0.10235
1214       0.02080    0.10394     0.01958    0.10235
1215       0.02080    0.10394     0.01958    0.10235
1216       0.02080    0.10394     0.01958    0.10235
1217       0.02080    0.10394     0.01958    0.10235
1218       0.02080    0.10394     0.01958    0.10235
1219       0.02080    0.10394     0.01958    0.10235
1220       0.02080    0.10394     0.01958    0.10235
1221       0.02080    0.10394     0.01958    0.10235
1222       0.02080    0.10394     0.01958    0.10235
1223       0.02080    0.10394     0.01958    0.10235
1224       0.02080    0.10394     0.01958    0.10235
1225       0.02080    0.10394     0.01958    0.10235
1226       0.02080    0.10394     0.01958    0.10235
1227       0.02080    0.10394     0.01958    0.10235
1228       0.02080    0.10394     0.01958    0.10235
1229       0.02080    0.10394     0.01958    0.10235
1230       0.02080    0.10394     0.01958    0.10235
1231       0.02080    0.10394     0.01958    0.10235
1232       0.02080    0.10394     0.01958    0.10235
1233       0.02080    0.10394     0.01958    0.10235
1234       0.02080    0.10394     0.01958    0.10235
1235       0.02080    0.10394     0.01958    0.10235
1236       0.02080    0.10394     0.01958    0.10235
1237       0.02080    0.10394     0.01958    0.10235
1238       0.02080    0.10394     0.01958    0.10235
1239       0.02080    0.10394     0.01958    0.10235
1240       0.02080    0.10394     0.01958    0.10235
1241       0.02080    0.10394     0.01958    0.10235
1242       0.02080    0.10394     0.01958    0.10235
1243       0.02080    0.10394     0.01958    0.10235
1244       0.02080    0.10394     0.01958    0.10235
1245       0.02080    0.10394     0.01958    0.10235
1246       0.02080    0.10394     0.01958    0.10235
1247       0.02080    0.10394     0.01958    0.10235
1248       0.02080    0.10394     0.01958    0.10235
1249       0.02080    0.10394     0.01958    0.10235
1250       0.02080    0.10394     0.01958    0.10235
1251       0.02080    0.10394     0.01958    0.10235
1252       0.02080    0.10394     0.01958    0.10235
1253       0.02080    0.10394     0.01958    0.10235
1254       0.02080    0.10394     0.01958    0.10235
1255       0.02080    0.10394     0.01958    0.10235
1256       0.02080    0.10394     0.01958    0.10235
1257       0.02080    0.10394     0.01958    0.10235
1258       0.02080    0.10394     0.01958    0.10235
1259       0.02080    0.10394     0.01958    0.10235
1260       0.02080    0.10394     0.01958    0.10235
1261       0.02080    0.10394     0.01958    0.10235
1262       0.02080    0.10394     0.01958    0.10235
1263       0.02080    0.10394     0.01958    0.10235
1264       0.02080    0.10394     0.01958    0.10235
1265       0.02080    0.10394     0.01958    0.10235
1266       0.02080    0.10394     0.01958    0.10235
1267       0.02080    0.10394     0.01958    0.10235
1268       0.02080    0.10394     0.01958    0.10235
1269       0.02080    0.10394     0.01958    0.10235
1270       0.02080    0.10394     0.01958    0.10235
1271       0.02080    0.10394     0.01958    0.10235
1272       0.02080    0.10394     0.01958    0.10235
1273       0.02080    0.10394     0.01958    0.10235
1274       0.02080    0.10394     0.01958    0.10235
1275       0.02080    0.10394     0.01958    0.10235
1276       0.02080    0.10394     0.01958    0.10235
1277       0.02080    0.10394     0.01958    0.10235
1278       0.02080    0.10394     0.01958    0.10235
1279       0.02080    0.10394     0.01958    0.10235
1280       0.02080    0.10394     0.01958    0.10235
1281       0.02080    0.10394     0.01958    0.10235
1282       0.02080    0.10394     0.01958    0.10235
1283       0.02080    0.10394     0.01958    0.10235
1284       0.02080    0.10394     0.01958    0.10235
1285       0.02080    0.10395     0.01958    0.10235
1286       0.02080    0.10395     0.01958    0.10235
1287       0.02080    0.10395     0.01958    0.10235
1288       0.02080    0.10395     0.01958    0.10235
1289       0.02080    0.10395     0.01958    0.10235
1290       0.02080    0.10395     0.01958    0.10235
1291       0.02080    0.10395     0.01958    0.10235
1292       0.02080    0.10395     0.01958    0.10235
1293       0.02080    0.10395     0.01958    0.10235
1294       0.02080    0.10395     0.01958    0.10235
1295       0.02080    0.10395     0.01958    0.10235
1296       0.02080    0.10395     0.01958    0.10235
1297       0.02080    0.10395     0.01958    0.10235
1298       0.02080    0.10395     0.01958    0.10235
1299       0.02080    0.10395     0.01958    0.10235
1300       0.02080    0.10395     0.01958    0.10235
1301       0.02080    0.10395     0.01958    0.10235
1302       0.02080    0.10395     0.01958    0.10235
1303       0.02080    0.10395     0.01958    0.10235
1304       0.02080    0.10395     0.01958    0.10235
1305       0.02080    0.10395     0.01958    0.10235
1306       0.02080    0.10395     0.01958    0.10235
1307       0.02080    0.10395     0.01958    0.10235
1308       0.02080    0.10395     0.01958    0.10235
1309       0.02080    0.10395     0.01958    0.10235
1310       0.02080    0.10395     0.01958    0.10235
1311       0.02080    0.10395     0.01958    0.10235
1312       0.02080    0.10395     0.01958    0.10235    0.02168    0.10359