Ciclo   TrainMSE   TrainMAE   ValidMSE   ValidMAE   TestMSE     TestMAE
----------------------------------------------------------------------- 
0       0.02505    0.11031     0.02380    0.10817
1       0.02443    0.10874     0.02318    0.10681
2       0.02405    0.10778     0.02278    0.10590
3       0.02373    0.10699     0.02245    0.10512
4       0.02346    0.10632     0.02216    0.10447
5       0.02322    0.10576     0.02192    0.10394
6       0.02302    0.10530     0.02171    0.10351
7       0.02285    0.10492     0.02154    0.10318
8       0.02270    0.10461     0.02139    0.10292
9       0.02257    0.10435     0.02126    0.10271
10       0.02246    0.10413     0.02115    0.10253
11       0.02237    0.10396     0.02106    0.10240
12       0.02229    0.10382     0.02098    0.10230
13       0.02222    0.10371     0.02092    0.10222
14       0.02216    0.10362     0.02086    0.10215
15       0.02211    0.10354     0.02081    0.10211
16       0.02206    0.10349     0.02077    0.10207
17       0.02202    0.10344     0.02074    0.10204
18       0.02199    0.10341     0.02071    0.10202
19       0.02196    0.10338     0.02068    0.10200
20       0.02193    0.10336     0.02066    0.10198
21       0.02191    0.10335     0.02065    0.10198
22       0.02189    0.10334     0.02063    0.10198
23       0.02187    0.10333     0.02062    0.10198
24       0.02186    0.10333     0.02061    0.10198
25       0.02184    0.10332     0.02060    0.10199
26       0.02183    0.10332     0.02059    0.10199
27       0.02182    0.10332     0.02058    0.10200
28       0.02181    0.10333     0.02058    0.10201
29       0.02180    0.10333     0.02057    0.10201
30       0.02179    0.10333     0.02057    0.10202
31       0.02179    0.10334     0.02056    0.10203
32       0.02178    0.10334     0.02056    0.10204
33       0.02178    0.10335     0.02056    0.10204
34       0.02177    0.10335     0.02056    0.10205
35       0.02177    0.10336     0.02055    0.10206
36       0.02176    0.10336     0.02055    0.10206
37       0.02176    0.10337     0.02055    0.10207
38       0.02175    0.10337     0.02055    0.10208
39       0.02175    0.10338     0.02055    0.10208
40       0.02175    0.10338     0.02055    0.10209
41       0.02175    0.10338     0.02055    0.10209
42       0.02174    0.10339     0.02055    0.10210
43       0.02174    0.10339     0.02055    0.10210
44       0.02174    0.10340     0.02055    0.10211
45       0.02174    0.10340     0.02054    0.10211
46       0.02174    0.10340     0.02054    0.10212
47       0.02174    0.10341     0.02054    0.10212
48       0.02173    0.10341     0.02054    0.10213
49       0.02173    0.10341     0.02054    0.10213
50       0.02173    0.10342     0.02054    0.10213
51       0.02173    0.10342     0.02054    0.10214
52       0.02173    0.10342     0.02054    0.10214
53       0.02173    0.10342     0.02054    0.10214
54       0.02173    0.10343     0.02054    0.10215
55       0.02173    0.10343     0.02054    0.10215
56       0.02173    0.10343     0.02054    0.10215
57       0.02173    0.10343     0.02054    0.10215
58       0.02172    0.10344     0.02054    0.10216
59       0.02172    0.10344     0.02054    0.10216
60       0.02172    0.10344     0.02054    0.10216
61       0.02172    0.10344     0.02054    0.10216
62       0.02172    0.10344     0.02054    0.10217
63       0.02172    0.10345     0.02054    0.10217
64       0.02172    0.10345     0.02054    0.10217
65       0.02172    0.10345     0.02054    0.10217
66       0.02172    0.10345     0.02054    0.10217
67       0.02172    0.10345     0.02054    0.10217
68       0.02172    0.10345     0.02054    0.10218
69       0.02172    0.10345     0.02054    0.10218
70       0.02172    0.10346     0.02054    0.10218
71       0.02172    0.10346     0.02054    0.10218
72       0.02172    0.10346     0.02054    0.10218
73       0.02172    0.10346     0.02054    0.10218
74       0.02172    0.10346     0.02054    0.10218
75       0.02172    0.10346     0.02054    0.10219
76       0.02172    0.10346     0.02054    0.10219
77       0.02172    0.10346     0.02054    0.10219
78       0.02172    0.10346     0.02054    0.10219
79       0.02172    0.10347     0.02054    0.10219
80       0.02172    0.10347     0.02054    0.10219
81       0.02172    0.10347     0.02054    0.10219
82       0.02172    0.10347     0.02054    0.10219
83       0.02172    0.10347     0.02054    0.10219
84       0.02172    0.10347     0.02054    0.10220
85       0.02172    0.10347     0.02054    0.10220
86       0.02172    0.10347     0.02054    0.10220
87       0.02172    0.10347     0.02054    0.10220
88       0.02172    0.10347     0.02054    0.10220
89       0.02172    0.10347     0.02054    0.10220
90       0.02172    0.10347     0.02054    0.10220
91       0.02172    0.10347     0.02054    0.10220
92       0.02172    0.10348     0.02054    0.10220
93       0.02172    0.10348     0.02054    0.10220
94       0.02171    0.10348     0.02054    0.10220
95       0.02171    0.10348     0.02054    0.10220
96       0.02171    0.10348     0.02054    0.10220
97       0.02171    0.10348     0.02054    0.10220
98       0.02171    0.10348     0.02054    0.10221
99       0.02171    0.10348     0.02054    0.10221
100       0.02171    0.10348     0.02054    0.10221
101       0.02171    0.10348     0.02054    0.10221
102       0.02171    0.10348     0.02054    0.10221
103       0.02171    0.10348     0.02054    0.10221
104       0.02171    0.10348     0.02054    0.10221
105       0.02171    0.10348     0.02054    0.10221
106       0.02171    0.10348     0.02054    0.10221
107       0.02171    0.10348     0.02054    0.10221
108       0.02171    0.10348     0.02054    0.10221
109       0.02171    0.10348     0.02054    0.10221
110       0.02171    0.10348     0.02054    0.10221
111       0.02171    0.10348     0.02054    0.10221
112       0.02171    0.10348     0.02054    0.10221
113       0.02171    0.10348     0.02054    0.10221
114       0.02171    0.10349     0.02054    0.10221
115       0.02171    0.10349     0.02054    0.10221
116       0.02171    0.10349     0.02054    0.10221
117       0.02171    0.10349     0.02054    0.10221
118       0.02171    0.10349     0.02054    0.10221
119       0.02171    0.10349     0.02054    0.10221
120       0.02171    0.10349     0.02054    0.10221
121       0.02171    0.10349     0.02054    0.10221
122       0.02171    0.10349     0.02054    0.10221
123       0.02171    0.10349     0.02054    0.10222
124       0.02171    0.10349     0.02054    0.10222
125       0.02171    0.10349     0.02054    0.10222
126       0.02171    0.10349     0.02054    0.10222
127       0.02171    0.10349     0.02054    0.10222
128       0.02171    0.10349     0.02054    0.10222
129       0.02171    0.10349     0.02054    0.10222
130       0.02171    0.10349     0.02054    0.10222
131       0.02171    0.10349     0.02054    0.10222
132       0.02171    0.10349     0.02054    0.10222
133       0.02171    0.10349     0.02054    0.10222
134       0.02171    0.10349     0.02054    0.10222
135       0.02171    0.10349     0.02054    0.10222
136       0.02171    0.10349     0.02054    0.10222
137       0.02171    0.10349     0.02054    0.10222
138       0.02171    0.10349     0.02054    0.10222
139       0.02171    0.10349     0.02054    0.10222
140       0.02171    0.10349     0.02054    0.10222
141       0.02171    0.10349     0.02054    0.10222
142       0.02171    0.10349     0.02054    0.10222
143       0.02171    0.10349     0.02054    0.10222
144       0.02171    0.10349     0.02054    0.10222
145       0.02171    0.10349     0.02054    0.10222
146       0.02171    0.10349     0.02054    0.10222
147       0.02171    0.10349     0.02054    0.10222
148       0.02171    0.10349     0.02054    0.10222
149       0.02171    0.10349     0.02054    0.10222
150       0.02171    0.10349     0.02054    0.10222
151       0.02171    0.10349     0.02054    0.10222
152       0.02171    0.10349     0.02054    0.10222
153       0.02171    0.10349     0.02054    0.10222
154       0.02171    0.10349     0.02054    0.10222
155       0.02171    0.10349     0.02054    0.10222
156       0.02171    0.10349     0.02054    0.10222
157       0.02171    0.10349     0.02054    0.10222
158       0.02171    0.10349     0.02054    0.10222
159       0.02171    0.10349     0.02054    0.10222
160       0.02171    0.10349     0.02054    0.10222
161       0.02171    0.10349     0.02054    0.10222
162       0.02171    0.10349     0.02054    0.10222
163       0.02171    0.10349     0.02054    0.10222
164       0.02171    0.10349     0.02054    0.10222
165       0.02171    0.10349     0.02054    0.10222
166       0.02171    0.10349     0.02054    0.10222
167       0.02171    0.10349     0.02054    0.10222
168       0.02171    0.10349     0.02054    0.10222
169       0.02171    0.10349     0.02054    0.10222
170       0.02171    0.10349     0.02054    0.10222
171       0.02171    0.10349     0.02054    0.10222
172       0.02171    0.10349     0.02054    0.10222
173       0.02171    0.10350     0.02054    0.10222
174       0.02171    0.10350     0.02054    0.10222
175       0.02171    0.10350     0.02054    0.10222
176       0.02171    0.10350     0.02054    0.10222
177       0.02171    0.10350     0.02054    0.10222
178       0.02171    0.10350     0.02054    0.10222
179       0.02171    0.10350     0.02054    0.10222
180       0.02171    0.10350     0.02054    0.10222
181       0.02171    0.10350     0.02054    0.10222
182       0.02171    0.10350     0.02054    0.10222
183       0.02171    0.10350     0.02054    0.10222
184       0.02171    0.10350     0.02054    0.10222
185       0.02171    0.10350     0.02054    0.10222
186       0.02171    0.10350     0.02054    0.10222
187       0.02171    0.10350     0.02054    0.10222
188       0.02171    0.10350     0.02054    0.10222
189       0.02171    0.10350     0.02054    0.10222
190       0.02171    0.10350     0.02054    0.10222
191       0.02171    0.10350     0.02054    0.10222
192       0.02171    0.10350     0.02054    0.10222
193       0.02171    0.10350     0.02054    0.10222
194       0.02171    0.10350     0.02054    0.10222
195       0.02171    0.10350     0.02054    0.10222
196       0.02171    0.10350     0.02054    0.10222
197       0.02171    0.10350     0.02054    0.10222
198       0.02171    0.10350     0.02054    0.10222
199       0.02171    0.10350     0.02054    0.10222
200       0.02171    0.10350     0.02054    0.10222
201       0.02171    0.10350     0.02054    0.10222
202       0.02171    0.10350     0.02054    0.10222
203       0.02171    0.10350     0.02054    0.10222
204       0.02171    0.10350     0.02054    0.10222
205       0.02171    0.10350     0.02054    0.10222
206       0.02171    0.10350     0.02054    0.10222
207       0.02171    0.10350     0.02054    0.10222
208       0.02171    0.10350     0.02054    0.10222
209       0.02171    0.10350     0.02054    0.10222
210       0.02171    0.10350     0.02054    0.10222
211       0.02171    0.10350     0.02054    0.10222    0.02258    0.10347