Ciclo   TrainMSE   TrainMAE   ValidMSE   ValidMAE   TestMSE     TestMAE
----------------------------------------------------------------------- 
0       0.02462    0.10904     0.02337    0.10698
1       0.02396    0.10737     0.02270    0.10544
2       0.02345    0.10620     0.02217    0.10442
3       0.02307    0.10537     0.02179    0.10369
4       0.02279    0.10483     0.02150    0.10323
5       0.02257    0.10445     0.02130    0.10291
6       0.02242    0.10420     0.02115    0.10271
7       0.02230    0.10403     0.02104    0.10258
8       0.02221    0.10393     0.02096    0.10250
9       0.02214    0.10386     0.02090    0.10245
10       0.02209    0.10382     0.02086    0.10243
11       0.02205    0.10380     0.02083    0.10242
12       0.02201    0.10379     0.02081    0.10241
13       0.02199    0.10378     0.02079    0.10242
14       0.02197    0.10378     0.02078    0.10242
15       0.02195    0.10378     0.02077    0.10242
16       0.02194    0.10378     0.02076    0.10243
17       0.02193    0.10379     0.02075    0.10244
18       0.02192    0.10379     0.02075    0.10245
19       0.02192    0.10380     0.02075    0.10246
20       0.02191    0.10380     0.02074    0.10246
21       0.02191    0.10381     0.02074    0.10247
22       0.02190    0.10381     0.02074    0.10248
23       0.02190    0.10382     0.02074    0.10248
24       0.02190    0.10382     0.02074    0.10249
25       0.02190    0.10382     0.02074    0.10249
26       0.02189    0.10383     0.02074    0.10249
27       0.02189    0.10383     0.02074    0.10250
28       0.02189    0.10383     0.02074    0.10250
29       0.02189    0.10383     0.02073    0.10250
30       0.02189    0.10384     0.02073    0.10250
31       0.02189    0.10384     0.02073    0.10251
32       0.02189    0.10384     0.02073    0.10251
33       0.02189    0.10384     0.02073    0.10251
34       0.02189    0.10384     0.02073    0.10251
35       0.02189    0.10384     0.02073    0.10251
36       0.02188    0.10384     0.02073    0.10251
37       0.02188    0.10384     0.02073    0.10251
38       0.02188    0.10384     0.02073    0.10251
39       0.02188    0.10384     0.02073    0.10251
40       0.02188    0.10384     0.02073    0.10251
41       0.02188    0.10384     0.02073    0.10251
42       0.02188    0.10384     0.02073    0.10252
43       0.02188    0.10384     0.02073    0.10252
44       0.02188    0.10384     0.02073    0.10252
45       0.02188    0.10384     0.02073    0.10252
46       0.02188    0.10384     0.02073    0.10252
47       0.02188    0.10384     0.02073    0.10252
48       0.02188    0.10384     0.02073    0.10252
49       0.02188    0.10384     0.02073    0.10252
50       0.02188    0.10385     0.02073    0.10252
51       0.02188    0.10385     0.02073    0.10252
52       0.02188    0.10385     0.02073    0.10252
53       0.02188    0.10385     0.02073    0.10252
54       0.02188    0.10385     0.02073    0.10252
55       0.02188    0.10385     0.02073    0.10252
56       0.02188    0.10385     0.02073    0.10252
57       0.02188    0.10385     0.02073    0.10252
58       0.02188    0.10385     0.02073    0.10252
59       0.02188    0.10385     0.02073    0.10252
60       0.02188    0.10385     0.02073    0.10252
61       0.02188    0.10385     0.02073    0.10252
62       0.02188    0.10385     0.02073    0.10252
63       0.02188    0.10385     0.02073    0.10252
64       0.02188    0.10385     0.02073    0.10252
65       0.02188    0.10385     0.02073    0.10252
66       0.02188    0.10385     0.02073    0.10252
67       0.02188    0.10385     0.02073    0.10252
68       0.02188    0.10385     0.02073    0.10252
69       0.02188    0.10385     0.02073    0.10252
70       0.02188    0.10385     0.02073    0.10252
71       0.02188    0.10385     0.02073    0.10252
72       0.02188    0.10385     0.02073    0.10252
73       0.02188    0.10385     0.02073    0.10252
74       0.02188    0.10385     0.02073    0.10252
75       0.02188    0.10385     0.02073    0.10252
76       0.02188    0.10385     0.02073    0.10252
77       0.02188    0.10385     0.02073    0.10252
78       0.02188    0.10385     0.02073    0.10252
79       0.02188    0.10385     0.02073    0.10252
80       0.02188    0.10385     0.02073    0.10252
81       0.02188    0.10385     0.02073    0.10252
82       0.02188    0.10385     0.02073    0.10252
83       0.02188    0.10385     0.02073    0.10252
84       0.02188    0.10385     0.02073    0.10252
85       0.02188    0.10385     0.02073    0.10252
86       0.02188    0.10385     0.02073    0.10252
87       0.02188    0.10385     0.02073    0.10252
88       0.02188    0.10385     0.02073    0.10252
89       0.02188    0.10385     0.02073    0.10252
90       0.02188    0.10385     0.02073    0.10252
91       0.02188    0.10385     0.02073    0.10252
92       0.02188    0.10385     0.02073    0.10252
93       0.02188    0.10385     0.02073    0.10252
94       0.02188    0.10385     0.02073    0.10252
95       0.02188    0.10385     0.02073    0.10252
96       0.02188    0.10385     0.02073    0.10252
97       0.02188    0.10385     0.02073    0.10252
98       0.02188    0.10385     0.02073    0.10252
99       0.02188    0.10385     0.02073    0.10252
100       0.02188    0.10385     0.02073    0.10252
101       0.02188    0.10385     0.02073    0.10252
102       0.02188    0.10385     0.02073    0.10252
103       0.02188    0.10385     0.02073    0.10252
104       0.02188    0.10385     0.02073    0.10252
105       0.02188    0.10385     0.02073    0.10252
106       0.02188    0.10385     0.02073    0.10252
107       0.02188    0.10385     0.02073    0.10252
108       0.02188    0.10385     0.02073    0.10252
109       0.02188    0.10385     0.02073    0.10252
110       0.02188    0.10385     0.02073    0.10252
111       0.02188    0.10385     0.02073    0.10252
112       0.02188    0.10385     0.02073    0.10252
113       0.02188    0.10385     0.02073    0.10252
114       0.02188    0.10385     0.02073    0.10252
115       0.02188    0.10385     0.02073    0.10252
116       0.02188    0.10385     0.02073    0.10252
117       0.02188    0.10385     0.02073    0.10252
118       0.02188    0.10385     0.02073    0.10252
119       0.02188    0.10385     0.02073    0.10252
120       0.02188    0.10385     0.02073    0.10252
121       0.02188    0.10385     0.02073    0.10252
122       0.02188    0.10385     0.02073    0.10252
123       0.02188    0.10385     0.02073    0.10252
124       0.02188    0.10385     0.02073    0.10252
125       0.02188    0.10385     0.02073    0.10252
126       0.02188    0.10385     0.02073    0.10252
127       0.02188    0.10385     0.02073    0.10252
128       0.02188    0.10385     0.02073    0.10252
129       0.02188    0.10385     0.02073    0.10252
130       0.02188    0.10385     0.02073    0.10252
131       0.02188    0.10385     0.02073    0.10252
132       0.02188    0.10385     0.02073    0.10252
133       0.02188    0.10385     0.02073    0.10252
134       0.02188    0.10385     0.02073    0.10252
135       0.02188    0.10385     0.02073    0.10252
136       0.02188    0.10385     0.02073    0.10252
137       0.02188    0.10385     0.02073    0.10252
138       0.02188    0.10385     0.02073    0.10252
139       0.02188    0.10385     0.02073    0.10252
140       0.02188    0.10385     0.02073    0.10252
141       0.02188    0.10385     0.02073    0.10252
142       0.02188    0.10385     0.02073    0.10252
143       0.02188    0.10385     0.02073    0.10252
144       0.02188    0.10385     0.02073    0.10252
145       0.02188    0.10385     0.02073    0.10252
146       0.02188    0.10385     0.02073    0.10252
147       0.02188    0.10385     0.02073    0.10252
148       0.02188    0.10385     0.02073    0.10252
149       0.02188    0.10385     0.02073    0.10252
150       0.02188    0.10385     0.02073    0.10252
151       0.02188    0.10385     0.02073    0.10252
152       0.02188    0.10385     0.02073    0.10252
153       0.02188    0.10385     0.02073    0.10252
154       0.02188    0.10385     0.02073    0.10252
155       0.02188    0.10385     0.02073    0.10252
156       0.02188    0.10385     0.02073    0.10252
157       0.02188    0.10385     0.02073    0.10252
158       0.02188    0.10385     0.02073    0.10252
159       0.02188    0.10385     0.02073    0.10252
160       0.02188    0.10385     0.02073    0.10252
161       0.02188    0.10385     0.02073    0.10252
162       0.02188    0.10385     0.02073    0.10252
163       0.02188    0.10385     0.02073    0.10252
164       0.02188    0.10385     0.02073    0.10252
165       0.02188    0.10385     0.02073    0.10252
166       0.02188    0.10385     0.02073    0.10252
167       0.02188    0.10385     0.02073    0.10252
168       0.02188    0.10385     0.02073    0.10252
169       0.02188    0.10385     0.02073    0.10252
170       0.02188    0.10385     0.02073    0.10252
171       0.02188    0.10385     0.02073    0.10252
172       0.02188    0.10385     0.02073    0.10252
173       0.02188    0.10385     0.02073    0.10252
174       0.02188    0.10385     0.02073    0.10252
175       0.02188    0.10385     0.02073    0.10252
176       0.02188    0.10385     0.02073    0.10252
177       0.02188    0.10385     0.02073    0.10252
178       0.02188    0.10385     0.02073    0.10252
179       0.02188    0.10385     0.02073    0.10252
180       0.02188    0.10385     0.02073    0.10252
181       0.02188    0.10385     0.02073    0.10252
182       0.02188    0.10385     0.02073    0.10252
183       0.02188    0.10385     0.02073    0.10252
184       0.02188    0.10385     0.02073    0.10252
185       0.02188    0.10385     0.02073    0.10252
186       0.02188    0.10385     0.02073    0.10252
187       0.02188    0.10385     0.02073    0.10252
188       0.02188    0.10385     0.02073    0.10252
189       0.02188    0.10385     0.02073    0.10252
190       0.02188    0.10385     0.02073    0.10252
191       0.02188    0.10385     0.02073    0.10252
192       0.02188    0.10385     0.02073    0.10252
193       0.02188    0.10385     0.02073    0.10252
194       0.02188    0.10385     0.02073    0.10252
195       0.02188    0.10385     0.02073    0.10252
196       0.02188    0.10385     0.02073    0.10252
197       0.02188    0.10385     0.02073    0.10252
198       0.02188    0.10385     0.02073    0.10252
199       0.02188    0.10385     0.02073    0.10252
200       0.02188    0.10385     0.02073    0.10252
201       0.02188    0.10385     0.02073    0.10252
202       0.02188    0.10385     0.02073    0.10252
203       0.02188    0.10385     0.02073    0.10252
204       0.02188    0.10385     0.02073    0.10252
205       0.02188    0.10385     0.02073    0.10252
206       0.02188    0.10385     0.02073    0.10252    0.02281    0.10383