Ciclo   TrainMSE   TrainMAE   ValidMSE   ValidMAE   TestMSE     TestMAE
----------------------------------------------------------------------- 
0       0.02672    0.11256     0.02558    0.11099
1       0.02524    0.10948     0.02403    0.10786
2       0.02436    0.10792     0.02313    0.10634
3       0.02384    0.10713     0.02262    0.10555
4       0.02352    0.10670     0.02231    0.10513
5       0.02331    0.10647     0.02213    0.10490
6       0.02317    0.10633     0.02200    0.10478
7       0.02307    0.10623     0.02192    0.10471
8       0.02301    0.10618     0.02187    0.10466
9       0.02296    0.10614     0.02183    0.10464
10       0.02292    0.10611     0.02180    0.10462
11       0.02289    0.10609     0.02178    0.10460
12       0.02287    0.10608     0.02176    0.10459
13       0.02285    0.10606     0.02175    0.10458
14       0.02283    0.10605     0.02174    0.10457
15       0.02282    0.10604     0.02173    0.10457
16       0.02281    0.10604     0.02172    0.10456
17       0.02280    0.10603     0.02171    0.10456
18       0.02280    0.10602     0.02171    0.10455
19       0.02279    0.10602     0.02170    0.10455
20       0.02279    0.10601     0.02170    0.10454
21       0.02278    0.10601     0.02169    0.10454
22       0.02278    0.10601     0.02169    0.10454
23       0.02277    0.10600     0.02169    0.10454
24       0.02277    0.10600     0.02168    0.10453
25       0.02277    0.10600     0.02168    0.10453
26       0.02277    0.10599     0.02168    0.10453
27       0.02276    0.10599     0.02168    0.10453
28       0.02276    0.10599     0.02168    0.10453
29       0.02276    0.10599     0.02168    0.10453
30       0.02276    0.10599     0.02167    0.10452
31       0.02276    0.10599     0.02167    0.10452
32       0.02275    0.10599     0.02167    0.10452
33       0.02275    0.10598     0.02167    0.10452
34       0.02275    0.10598     0.02167    0.10452
35       0.02275    0.10598     0.02167    0.10452
36       0.02275    0.10598     0.02167    0.10452
37       0.02275    0.10598     0.02167    0.10452
38       0.02275    0.10598     0.02167    0.10452
39       0.02275    0.10598     0.02167    0.10452
40       0.02275    0.10598     0.02167    0.10452
41       0.02275    0.10598     0.02167    0.10452
42       0.02275    0.10598     0.02167    0.10452
43       0.02275    0.10598     0.02167    0.10452
44       0.02275    0.10598     0.02167    0.10452
45       0.02275    0.10598     0.02167    0.10452
46       0.02275    0.10598     0.02167    0.10452
47       0.02275    0.10598     0.02166    0.10452
48       0.02275    0.10598     0.02166    0.10452
49       0.02275    0.10598     0.02166    0.10452
50       0.02275    0.10598     0.02166    0.10452
51       0.02275    0.10598     0.02166    0.10452
52       0.02275    0.10598     0.02166    0.10452
53       0.02274    0.10598     0.02166    0.10452
54       0.02274    0.10598     0.02166    0.10452
55       0.02274    0.10598     0.02166    0.10452
56       0.02274    0.10598     0.02166    0.10452
57       0.02274    0.10598     0.02166    0.10452
58       0.02274    0.10598     0.02166    0.10452
59       0.02274    0.10598     0.02166    0.10452
60       0.02274    0.10598     0.02166    0.10452
61       0.02274    0.10598     0.02166    0.10452
62       0.02274    0.10598     0.02166    0.10452
63       0.02274    0.10598     0.02166    0.10452
64       0.02274    0.10598     0.02166    0.10452
65       0.02274    0.10598     0.02166    0.10452
66       0.02274    0.10598     0.02166    0.10452
67       0.02274    0.10598     0.02166    0.10452
68       0.02274    0.10598     0.02166    0.10451
69       0.02274    0.10598     0.02166    0.10451
70       0.02274    0.10598     0.02166    0.10451
71       0.02274    0.10598     0.02166    0.10451
72       0.02274    0.10598     0.02166    0.10451
73       0.02274    0.10598     0.02166    0.10451
74       0.02274    0.10598     0.02166    0.10451
75       0.02274    0.10598     0.02166    0.10451
76       0.02274    0.10598     0.02166    0.10451
77       0.02274    0.10598     0.02166    0.10451
78       0.02274    0.10598     0.02166    0.10451
79       0.02274    0.10598     0.02166    0.10451
80       0.02274    0.10598     0.02166    0.10451
81       0.02274    0.10598     0.02166    0.10451
82       0.02274    0.10598     0.02166    0.10451
83       0.02274    0.10598     0.02166    0.10451
84       0.02274    0.10598     0.02166    0.10451
85       0.02274    0.10598     0.02166    0.10451
86       0.02274    0.10598     0.02166    0.10451
87       0.02274    0.10598     0.02166    0.10451
88       0.02274    0.10598     0.02166    0.10451
89       0.02274    0.10598     0.02166    0.10451
90       0.02274    0.10598     0.02166    0.10451
91       0.02274    0.10598     0.02166    0.10451
92       0.02274    0.10598     0.02166    0.10451
93       0.02274    0.10598     0.02166    0.10451
94       0.02274    0.10598     0.02166    0.10451
95       0.02274    0.10598     0.02166    0.10451
96       0.02274    0.10598     0.02166    0.10451
97       0.02274    0.10598     0.02166    0.10451
98       0.02274    0.10598     0.02166    0.10451
99       0.02274    0.10598     0.02166    0.10451
100       0.02274    0.10598     0.02166    0.10451
101       0.02274    0.10598     0.02166    0.10451
102       0.02274    0.10598     0.02166    0.10451
103       0.02274    0.10598     0.02166    0.10451
104       0.02274    0.10598     0.02166    0.10451
105       0.02274    0.10598     0.02166    0.10451
106       0.02274    0.10598     0.02166    0.10451
107       0.02274    0.10598     0.02166    0.10451
108       0.02274    0.10598     0.02166    0.10451
109       0.02274    0.10598     0.02166    0.10451
110       0.02274    0.10598     0.02166    0.10451
111       0.02274    0.10598     0.02166    0.10451
112       0.02274    0.10598     0.02166    0.10451
113       0.02274    0.10598     0.02166    0.10451
114       0.02274    0.10598     0.02166    0.10451
115       0.02274    0.10598     0.02166    0.10451
116       0.02274    0.10598     0.02166    0.10451
117       0.02274    0.10598     0.02166    0.10451
118       0.02274    0.10598     0.02166    0.10451
119       0.02274    0.10598     0.02166    0.10451
120       0.02274    0.10598     0.02166    0.10451
121       0.02274    0.10598     0.02166    0.10451
122       0.02274    0.10598     0.02166    0.10451
123       0.02274    0.10598     0.02166    0.10451
124       0.02274    0.10598     0.02166    0.10451
125       0.02274    0.10598     0.02166    0.10451
126       0.02274    0.10598     0.02166    0.10451
127       0.02274    0.10598     0.02166    0.10451
128       0.02274    0.10598     0.02166    0.10451
129       0.02274    0.10598     0.02166    0.10451
130       0.02274    0.10598     0.02166    0.10451
131       0.02274    0.10598     0.02166    0.10451
132       0.02274    0.10598     0.02166    0.10451
133       0.02274    0.10598     0.02166    0.10451
134       0.02274    0.10598     0.02166    0.10451
135       0.02274    0.10598     0.02166    0.10451
136       0.02274    0.10598     0.02166    0.10451
137       0.02274    0.10598     0.02166    0.10451
138       0.02274    0.10598     0.02166    0.10451
139       0.02274    0.10598     0.02166    0.10451
140       0.02274    0.10598     0.02166    0.10451
141       0.02274    0.10598     0.02166    0.10451
142       0.02274    0.10598     0.02166    0.10451
143       0.02274    0.10598     0.02166    0.10451
144       0.02274    0.10598     0.02166    0.10451
145       0.02274    0.10598     0.02166    0.10451
146       0.02274    0.10598     0.02166    0.10451
147       0.02274    0.10598     0.02166    0.10451
148       0.02274    0.10598     0.02166    0.10451
149       0.02274    0.10598     0.02166    0.10451
150       0.02274    0.10598     0.02166    0.10451
151       0.02274    0.10598     0.02166    0.10451
152       0.02274    0.10598     0.02166    0.10451
153       0.02274    0.10598     0.02166    0.10451
154       0.02274    0.10598     0.02166    0.10451
155       0.02274    0.10598     0.02166    0.10451
156       0.02274    0.10598     0.02166    0.10451
157       0.02274    0.10598     0.02166    0.10451
158       0.02274    0.10598     0.02166    0.10451
159       0.02274    0.10598     0.02166    0.10451
160       0.02274    0.10598     0.02166    0.10451
161       0.02274    0.10598     0.02166    0.10451
162       0.02274    0.10598     0.02166    0.10451
163       0.02274    0.10598     0.02166    0.10451
164       0.02274    0.10598     0.02166    0.10451
165       0.02274    0.10598     0.02166    0.10451
166       0.02274    0.10598     0.02166    0.10451
167       0.02274    0.10598     0.02166    0.10451
168       0.02274    0.10598     0.02166    0.10451
169       0.02274    0.10598     0.02166    0.10451
170       0.02274    0.10598     0.02166    0.10451
171       0.02274    0.10598     0.02166    0.10451
172       0.02274    0.10598     0.02166    0.10451
173       0.02274    0.10598     0.02166    0.10451
174       0.02274    0.10598     0.02166    0.10451
175       0.02274    0.10598     0.02166    0.10451
176       0.02274    0.10598     0.02166    0.10451
177       0.02274    0.10598     0.02166    0.10451
178       0.02274    0.10598     0.02166    0.10451
179       0.02274    0.10598     0.02166    0.10451
180       0.02274    0.10598     0.02166    0.10451
181       0.02274    0.10598     0.02166    0.10451
182       0.02274    0.10598     0.02166    0.10451
183       0.02274    0.10598     0.02166    0.10451
184       0.02274    0.10598     0.02166    0.10451
185       0.02274    0.10598     0.02166    0.10451
186       0.02274    0.10598     0.02166    0.10451
187       0.02274    0.10598     0.02166    0.10451
188       0.02274    0.10598     0.02166    0.10451
189       0.02274    0.10598     0.02166    0.10451
190       0.02274    0.10598     0.02166    0.10451
191       0.02274    0.10598     0.02166    0.10451
192       0.02274    0.10598     0.02166    0.10451
193       0.02274    0.10598     0.02166    0.10451
194       0.02274    0.10598     0.02166    0.10451
195       0.02274    0.10598     0.02166    0.10451
196       0.02274    0.10598     0.02166    0.10451
197       0.02274    0.10598     0.02166    0.10451
198       0.02274    0.10598     0.02166    0.10451
199       0.02274    0.10598     0.02166    0.10451
200       0.02274    0.10598     0.02166    0.10451
201       0.02274    0.10598     0.02166    0.10451
202       0.02274    0.10598     0.02166    0.10451
203       0.02274    0.10598     0.02166    0.10451
204       0.02274    0.10598     0.02166    0.10451
205       0.02274    0.10598     0.02166    0.10451
206       0.02274    0.10598     0.02166    0.10451
207       0.02274    0.10598     0.02166    0.10451
208       0.02274    0.10598     0.02166    0.10451
209       0.02274    0.10598     0.02166    0.10451
210       0.02274    0.10598     0.02166    0.10451    0.02378    0.10595