Ciclo   TrainMSE   TrainMAE   ValidMSE   ValidMAE   TestMSE     TestMAE
----------------------------------------------------------------------- 
0       0.06776    0.20566     0.07152    0.21084
1       0.04536    0.16713     0.04697    0.16984
2       0.03566    0.14609     0.03627    0.14741
3       0.03073    0.13341     0.03073    0.13372
4       0.02810    0.12589     0.02767    0.12543
5       0.02663    0.12131     0.02589    0.12040
6       0.02577    0.11841     0.02481    0.11723
7       0.02522    0.11654     0.02411    0.11509
8       0.02485    0.11530     0.02363    0.11356
9       0.02458    0.11442     0.02329    0.11244
10       0.02436    0.11375     0.02302    0.11162
11       0.02419    0.11323     0.02281    0.11097
12       0.02404    0.11279     0.02263    0.11047
13       0.02390    0.11242     0.02249    0.11005
14       0.02378    0.11211     0.02236    0.10969
15       0.02367    0.11183     0.02224    0.10938
16       0.02357    0.11158     0.02214    0.10911
17       0.02348    0.11136     0.02204    0.10887
18       0.02339    0.11115     0.02196    0.10865
19       0.02332    0.11097     0.02188    0.10847
20       0.02324    0.11079     0.02181    0.10831
21       0.02317    0.11063     0.02174    0.10816
22       0.02311    0.11049     0.02168    0.10803
23       0.02305    0.11036     0.02162    0.10791
24       0.02299    0.11024     0.02156    0.10780
25       0.02294    0.11013     0.02151    0.10769
26       0.02289    0.11002     0.02146    0.10759
27       0.02284    0.10992     0.02142    0.10750
28       0.02280    0.10983     0.02138    0.10742
29       0.02276    0.10975     0.02134    0.10734
30       0.02272    0.10967     0.02130    0.10727
31       0.02268    0.10959     0.02126    0.10720
32       0.02265    0.10952     0.02123    0.10713
33       0.02262    0.10946     0.02120    0.10707
34       0.02258    0.10939     0.02117    0.10701
35       0.02256    0.10933     0.02114    0.10695
36       0.02253    0.10927     0.02111    0.10689
37       0.02250    0.10922     0.02109    0.10684
38       0.02248    0.10917     0.02107    0.10679
39       0.02245    0.10912     0.02104    0.10674
40       0.02243    0.10907     0.02102    0.10669
41       0.02241    0.10902     0.02100    0.10665
42       0.02239    0.10898     0.02098    0.10661
43       0.02237    0.10894     0.02096    0.10656
44       0.02235    0.10890     0.02094    0.10653
45       0.02233    0.10886     0.02092    0.10649
46       0.02231    0.10883     0.02091    0.10645
47       0.02229    0.10879     0.02089    0.10642
48       0.02228    0.10875     0.02087    0.10639
49       0.02226    0.10872     0.02086    0.10635
50       0.02224    0.10869     0.02084    0.10632
51       0.02223    0.10866     0.02083    0.10629
52       0.02222    0.10863     0.02081    0.10626
53       0.02220    0.10860     0.02080    0.10623
54       0.02219    0.10857     0.02079    0.10620
55       0.02217    0.10854     0.02077    0.10617
56       0.02216    0.10851     0.02076    0.10615
57       0.02215    0.10848     0.02075    0.10612
58       0.02214    0.10845     0.02074    0.10609
59       0.02212    0.10842     0.02072    0.10607
60       0.02211    0.10840     0.02071    0.10604
61       0.02210    0.10837     0.02070    0.10601
62       0.02209    0.10835     0.02069    0.10599
63       0.02208    0.10832     0.02068    0.10596
64       0.02207    0.10829     0.02067    0.10594
65       0.02206    0.10827     0.02066    0.10592
66       0.02205    0.10824     0.02065    0.10589
67       0.02204    0.10822     0.02064    0.10587
68       0.02203    0.10819     0.02063    0.10585
69       0.02202    0.10817     0.02062    0.10582
70       0.02201    0.10814     0.02061    0.10580
71       0.02200    0.10812     0.02060    0.10578
72       0.02199    0.10810     0.02059    0.10575
73       0.02198    0.10807     0.02058    0.10573
74       0.02197    0.10805     0.02057    0.10571
75       0.02196    0.10802     0.02056    0.10569
76       0.02195    0.10800     0.02055    0.10567
77       0.02194    0.10798     0.02054    0.10565
78       0.02193    0.10795     0.02054    0.10562
79       0.02192    0.10793     0.02053    0.10560
80       0.02191    0.10791     0.02052    0.10558
81       0.02191    0.10788     0.02051    0.10556
82       0.02190    0.10786     0.02050    0.10554
83       0.02189    0.10784     0.02049    0.10552
84       0.02188    0.10781     0.02048    0.10550
85       0.02187    0.10779     0.02048    0.10548
86       0.02187    0.10777     0.02047    0.10546
87       0.02186    0.10775     0.02046    0.10544
88       0.02185    0.10772     0.02045    0.10542
89       0.02184    0.10770     0.02044    0.10540
90       0.02183    0.10768     0.02044    0.10538
91       0.02183    0.10766     0.02043    0.10536
92       0.02182    0.10763     0.02042    0.10534
93       0.02181    0.10761     0.02041    0.10532
94       0.02180    0.10759     0.02041    0.10530
95       0.02180    0.10757     0.02040    0.10528
96       0.02179    0.10755     0.02039    0.10526
97       0.02178    0.10753     0.02038    0.10524
98       0.02177    0.10750     0.02038    0.10522
99       0.02177    0.10748     0.02037    0.10520
100       0.02176    0.10746     0.02036    0.10519
101       0.02175    0.10744     0.02036    0.10517
102       0.02174    0.10742     0.02035    0.10515
103       0.02174    0.10740     0.02034    0.10513
104       0.02173    0.10738     0.02034    0.10512
105       0.02172    0.10736     0.02033    0.10510
106       0.02172    0.10734     0.02032    0.10508
107       0.02171    0.10732     0.02031    0.10507
108       0.02170    0.10730     0.02031    0.10505
109       0.02170    0.10728     0.02030    0.10503
110       0.02169    0.10726     0.02029    0.10502
111       0.02168    0.10724     0.02029    0.10500
112       0.02168    0.10722     0.02028    0.10498
113       0.02167    0.10720     0.02028    0.10497
114       0.02166    0.10718     0.02027    0.10495
115       0.02166    0.10716     0.02026    0.10493
116       0.02165    0.10714     0.02026    0.10492
117       0.02165    0.10712     0.02025    0.10490
118       0.02164    0.10710     0.02024    0.10489
119       0.02163    0.10708     0.02024    0.10487
120       0.02163    0.10706     0.02023    0.10485
121       0.02162    0.10704     0.02023    0.10484
122       0.02161    0.10702     0.02022    0.10482
123       0.02161    0.10700     0.02021    0.10481
124       0.02160    0.10699     0.02021    0.10479
125       0.02160    0.10697     0.02020    0.10478
126       0.02159    0.10695     0.02020    0.10476
127       0.02158    0.10693     0.02019    0.10474
128       0.02158    0.10691     0.02018    0.10473
129       0.02157    0.10689     0.02018    0.10471
130       0.02157    0.10688     0.02017    0.10470
131       0.02156    0.10686     0.02017    0.10468
132       0.02156    0.10684     0.02016    0.10467
133       0.02155    0.10682     0.02016    0.10465
134       0.02154    0.10681     0.02015    0.10464
135       0.02154    0.10679     0.02015    0.10462
136       0.02153    0.10677     0.02014    0.10461
137       0.02153    0.10675     0.02013    0.10460
138       0.02152    0.10674     0.02013    0.10458
139       0.02152    0.10672     0.02012    0.10457
140       0.02151    0.10670     0.02012    0.10455
141       0.02151    0.10669     0.02011    0.10454
142       0.02150    0.10667     0.02011    0.10452
143       0.02150    0.10665     0.02010    0.10451
144       0.02149    0.10664     0.02010    0.10450
145       0.02149    0.10662     0.02009    0.10448
146       0.02148    0.10660     0.02009    0.10447
147       0.02148    0.10659     0.02008    0.10446
148       0.02147    0.10657     0.02008    0.10444
149       0.02147    0.10655     0.02007    0.10443
150       0.02146    0.10654     0.02007    0.10442
151       0.02146    0.10652     0.02006    0.10440
152       0.02145    0.10651     0.02006    0.10439
153       0.02145    0.10649     0.02005    0.10438
154       0.02144    0.10648     0.02005    0.10436
155       0.02144    0.10646     0.02004    0.10435
156       0.02143    0.10645     0.02004    0.10434
157       0.02143    0.10643     0.02004    0.10432
158       0.02142    0.10642     0.02003    0.10431
159       0.02142    0.10640     0.02003    0.10430
160       0.02141    0.10639     0.02002    0.10429
161       0.02141    0.10637     0.02002    0.10427
162       0.02140    0.10636     0.02001    0.10426
163       0.02140    0.10634     0.02001    0.10425
164       0.02139    0.10633     0.02000    0.10424
165       0.02139    0.10631     0.02000    0.10423
166       0.02138    0.10630     0.02000    0.10421
167       0.02138    0.10628     0.01999    0.10420
168       0.02138    0.10627     0.01999    0.10419
169       0.02137    0.10626     0.01998    0.10418
170       0.02137    0.10624     0.01998    0.10417
171       0.02136    0.10623     0.01997    0.10415
172       0.02136    0.10622     0.01997    0.10414
173       0.02135    0.10620     0.01997    0.10413
174       0.02135    0.10619     0.01996    0.10412
175       0.02135    0.10618     0.01996    0.10411
176       0.02134    0.10616     0.01995    0.10410
177       0.02134    0.10615     0.01995    0.10408
178       0.02133    0.10614     0.01995    0.10407
179       0.02133    0.10612     0.01994    0.10406
180       0.02133    0.10611     0.01994    0.10405
181       0.02132    0.10610     0.01993    0.10404
182       0.02132    0.10608     0.01993    0.10403
183       0.02131    0.10607     0.01993    0.10402
184       0.02131    0.10606     0.01992    0.10401
185       0.02131    0.10605     0.01992    0.10400
186       0.02130    0.10603     0.01992    0.10399
187       0.02130    0.10602     0.01991    0.10398
188       0.02129    0.10601     0.01991    0.10396
189       0.02129    0.10600     0.01990    0.10395
190       0.02129    0.10599     0.01990    0.10394
191       0.02128    0.10597     0.01990    0.10393
192       0.02128    0.10596     0.01989    0.10392
193       0.02127    0.10595     0.01989    0.10391
194       0.02127    0.10594     0.01989    0.10390
195       0.02127    0.10593     0.01988    0.10389
196       0.02126    0.10591     0.01988    0.10388
197       0.02126    0.10590     0.01988    0.10387
198       0.02126    0.10589     0.01987    0.10386
199       0.02125    0.10588     0.01987    0.10385
200       0.02125    0.10587     0.01987    0.10384
201       0.02125    0.10586     0.01986    0.10383
202       0.02124    0.10585     0.01986    0.10382
203       0.02124    0.10583     0.01986    0.10381
204       0.02124    0.10582     0.01985    0.10380
205       0.02123    0.10581     0.01985    0.10380
206       0.02123    0.10580     0.01985    0.10379
207       0.02123    0.10579     0.01984    0.10378
208       0.02122    0.10578     0.01984    0.10377
209       0.02122    0.10577     0.01984    0.10376
210       0.02122    0.10576     0.01983    0.10375
211       0.02121    0.10575     0.01983    0.10374
212       0.02121    0.10574     0.01983    0.10373
213       0.02121    0.10573     0.01982    0.10372
214       0.02120    0.10571     0.01982    0.10372
215       0.02120    0.10570     0.01982    0.10371
216       0.02120    0.10569     0.01982    0.10370
217       0.02119    0.10568     0.01981    0.10369
218       0.02119    0.10567     0.01981    0.10368
219       0.02119    0.10566     0.01981    0.10367
220       0.02118    0.10565     0.01980    0.10367
221       0.02118    0.10564     0.01980    0.10366
222       0.02118    0.10563     0.01980    0.10365
223       0.02117    0.10562     0.01980    0.10364
224       0.02117    0.10562     0.01979    0.10363
225       0.02117    0.10561     0.01979    0.10363
226       0.02117    0.10560     0.01979    0.10362
227       0.02116    0.10559     0.01978    0.10361
228       0.02116    0.10558     0.01978    0.10360
229       0.02116    0.10557     0.01978    0.10360
230       0.02115    0.10556     0.01978    0.10359
231       0.02115    0.10555     0.01977    0.10358
232       0.02115    0.10554     0.01977    0.10357
233       0.02115    0.10553     0.01977    0.10357
234       0.02114    0.10552     0.01977    0.10356
235       0.02114    0.10551     0.01976    0.10355
236       0.02114    0.10550     0.01976    0.10355
237       0.02113    0.10550     0.01976    0.10354
238       0.02113    0.10549     0.01976    0.10353
239       0.02113    0.10548     0.01975    0.10352
240       0.02113    0.10547     0.01975    0.10352
241       0.02112    0.10546     0.01975    0.10351
242       0.02112    0.10545     0.01975    0.10350
243       0.02112    0.10544     0.01974    0.10350
244       0.02112    0.10544     0.01974    0.10349
245       0.02111    0.10543     0.01974    0.10348
246       0.02111    0.10542     0.01974    0.10348
247       0.02111    0.10541     0.01973    0.10347
248       0.02110    0.10540     0.01973    0.10347
249       0.02110    0.10539     0.01973    0.10346
250       0.02110    0.10539     0.01973    0.10345
251       0.02110    0.10538     0.01973    0.10345
252       0.02109    0.10537     0.01972    0.10344
253       0.02109    0.10536     0.01972    0.10343
254       0.02109    0.10536     0.01972    0.10343
255       0.02109    0.10535     0.01972    0.10342
256       0.02109    0.10534     0.01971    0.10342
257       0.02108    0.10533     0.01971    0.10341
258       0.02108    0.10532     0.01971    0.10340
259       0.02108    0.10532     0.01971    0.10340
260       0.02108    0.10531     0.01971    0.10339
261       0.02107    0.10530     0.01970    0.10339
262       0.02107    0.10530     0.01970    0.10338
263       0.02107    0.10529     0.01970    0.10337
264       0.02107    0.10528     0.01970    0.10337
265       0.02106    0.10527     0.01970    0.10336
266       0.02106    0.10527     0.01969    0.10336
267       0.02106    0.10526     0.01969    0.10335
268       0.02106    0.10525     0.01969    0.10335
269       0.02106    0.10524     0.01969    0.10334
270       0.02105    0.10524     0.01969    0.10333
271       0.02105    0.10523     0.01968    0.10333
272       0.02105    0.10522     0.01968    0.10332
273       0.02105    0.10522     0.01968    0.10332
274       0.02104    0.10521     0.01968    0.10331
275       0.02104    0.10520     0.01968    0.10331
276       0.02104    0.10520     0.01967    0.10330
277       0.02104    0.10519     0.01967    0.10330
278       0.02104    0.10518     0.01967    0.10329
279       0.02103    0.10518     0.01967    0.10329
280       0.02103    0.10517     0.01967    0.10328
281       0.02103    0.10516     0.01967    0.10328
282       0.02103    0.10516     0.01966    0.10327
283       0.02103    0.10515     0.01966    0.10327
284       0.02102    0.10514     0.01966    0.10326
285       0.02102    0.10514     0.01966    0.10326
286       0.02102    0.10513     0.01966    0.10325
287       0.02102    0.10513     0.01965    0.10325
288       0.02102    0.10512     0.01965    0.10324
289       0.02101    0.10511     0.01965    0.10324
290       0.02101    0.10511     0.01965    0.10323
291       0.02101    0.10510     0.01965    0.10323
292       0.02101    0.10510     0.01965    0.10323
293       0.02101    0.10509     0.01964    0.10322
294       0.02100    0.10508     0.01964    0.10322
295       0.02100    0.10508     0.01964    0.10321
296       0.02100    0.10507     0.01964    0.10321
297       0.02100    0.10507     0.01964    0.10320
298       0.02100    0.10506     0.01964    0.10320
299       0.02100    0.10506     0.01964    0.10320
300       0.02099    0.10505     0.01963    0.10319
301       0.02099    0.10504     0.01963    0.10319
302       0.02099    0.10504     0.01963    0.10318
303       0.02099    0.10503     0.01963    0.10318
304       0.02099    0.10503     0.01963    0.10317
305       0.02098    0.10502     0.01963    0.10317
306       0.02098    0.10502     0.01962    0.10317
307       0.02098    0.10501     0.01962    0.10316
308       0.02098    0.10501     0.01962    0.10316
309       0.02098    0.10500     0.01962    0.10315
310       0.02098    0.10500     0.01962    0.10315
311       0.02097    0.10499     0.01962    0.10315
312       0.02097    0.10499     0.01962    0.10314
313       0.02097    0.10498     0.01962    0.10314
314       0.02097    0.10498     0.01961    0.10314
315       0.02097    0.10497     0.01961    0.10313
316       0.02097    0.10497     0.01961    0.10313
317       0.02096    0.10496     0.01961    0.10312
318       0.02096    0.10496     0.01961    0.10312
319       0.02096    0.10495     0.01961    0.10312
320       0.02096    0.10495     0.01961    0.10311
321       0.02096    0.10494     0.01960    0.10311
322       0.02096    0.10494     0.01960    0.10311
323       0.02096    0.10493     0.01960    0.10310
324       0.02095    0.10493     0.01960    0.10310
325       0.02095    0.10492     0.01960    0.10310
326       0.02095    0.10492     0.01960    0.10309
327       0.02095    0.10491     0.01960    0.10309
328       0.02095    0.10491     0.01960    0.10309
329       0.02095    0.10490     0.01959    0.10308
330       0.02094    0.10490     0.01959    0.10308
331       0.02094    0.10490     0.01959    0.10308
332       0.02094    0.10489     0.01959    0.10307
333       0.02094    0.10489     0.01959    0.10307
334       0.02094    0.10488     0.01959    0.10307
335       0.02094    0.10488     0.01959    0.10306
336       0.02094    0.10487     0.01959    0.10306
337       0.02093    0.10487     0.01959    0.10306
338       0.02093    0.10487     0.01958    0.10305
339       0.02093    0.10486     0.01958    0.10305
340       0.02093    0.10486     0.01958    0.10305
341       0.02093    0.10485     0.01958    0.10304
342       0.02093    0.10485     0.01958    0.10304
343       0.02093    0.10484     0.01958    0.10304
344       0.02093    0.10484     0.01958    0.10303
345       0.02092    0.10484     0.01958    0.10303
346       0.02092    0.10483     0.01958    0.10303
347       0.02092    0.10483     0.01957    0.10302
348       0.02092    0.10482     0.01957    0.10302
349       0.02092    0.10482     0.01957    0.10302
350       0.02092    0.10482     0.01957    0.10302
351       0.02092    0.10481     0.01957    0.10301
352       0.02091    0.10481     0.01957    0.10301
353       0.02091    0.10481     0.01957    0.10301
354       0.02091    0.10480     0.01957    0.10300
355       0.02091    0.10480     0.01957    0.10300
356       0.02091    0.10479     0.01957    0.10300
357       0.02091    0.10479     0.01956    0.10300
358       0.02091    0.10479     0.01956    0.10299
359       0.02091    0.10478     0.01956    0.10299
360       0.02091    0.10478     0.01956    0.10299
361       0.02090    0.10478     0.01956    0.10299
362       0.02090    0.10477     0.01956    0.10298
363       0.02090    0.10477     0.01956    0.10298
364       0.02090    0.10477     0.01956    0.10298
365       0.02090    0.10476     0.01956    0.10297
366       0.02090    0.10476     0.01956    0.10297
367       0.02090    0.10475     0.01956    0.10297
368       0.02090    0.10475     0.01955    0.10297
369       0.02089    0.10475     0.01955    0.10296
370       0.02089    0.10474     0.01955    0.10296
371       0.02089    0.10474     0.01955    0.10296
372       0.02089    0.10474     0.01955    0.10296
373       0.02089    0.10473     0.01955    0.10296
374       0.02089    0.10473     0.01955    0.10295
375       0.02089    0.10473     0.01955    0.10295
376       0.02089    0.10472     0.01955    0.10295
377       0.02089    0.10472     0.01955    0.10295
378       0.02089    0.10472     0.01955    0.10294
379       0.02088    0.10471     0.01955    0.10294
380       0.02088    0.10471     0.01954    0.10294
381       0.02088    0.10471     0.01954    0.10294
382       0.02088    0.10470     0.01954    0.10294
383       0.02088    0.10470     0.01954    0.10293
384       0.02088    0.10470     0.01954    0.10293
385       0.02088    0.10469     0.01954    0.10293
386       0.02088    0.10469     0.01954    0.10293
387       0.02088    0.10469     0.01954    0.10292
388       0.02087    0.10468     0.01954    0.10292
389       0.02087    0.10468     0.01954    0.10292
390       0.02087    0.10468     0.01954    0.10292
391       0.02087    0.10467     0.01954    0.10292
392       0.02087    0.10467     0.01954    0.10291
393       0.02087    0.10467     0.01954    0.10291
394       0.02087    0.10467     0.01953    0.10291
395       0.02087    0.10466     0.01953    0.10291
396       0.02087    0.10466     0.01953    0.10291
397       0.02087    0.10466     0.01953    0.10290
398       0.02087    0.10465     0.01953    0.10290
399       0.02086    0.10465     0.01953    0.10290
400       0.02086    0.10465     0.01953    0.10290
401       0.02086    0.10465     0.01953    0.10290
402       0.02086    0.10464     0.01953    0.10289
403       0.02086    0.10464     0.01953    0.10289
404       0.02086    0.10464     0.01953    0.10289
405       0.02086    0.10463     0.01953    0.10289
406       0.02086    0.10463     0.01953    0.10289
407       0.02086    0.10463     0.01953    0.10289
408       0.02086    0.10463     0.01953    0.10288
409       0.02086    0.10462     0.01953    0.10288
410       0.02085    0.10462     0.01952    0.10288
411       0.02085    0.10462     0.01952    0.10288
412       0.02085    0.10462     0.01952    0.10288
413       0.02085    0.10461     0.01952    0.10287
414       0.02085    0.10461     0.01952    0.10287
415       0.02085    0.10461     0.01952    0.10287
416       0.02085    0.10461     0.01952    0.10287
417       0.02085    0.10460     0.01952    0.10287
418       0.02085    0.10460     0.01952    0.10287
419       0.02085    0.10460     0.01952    0.10286
420       0.02085    0.10460     0.01952    0.10286
421       0.02085    0.10459     0.01952    0.10286
422       0.02084    0.10459     0.01952    0.10286
423       0.02084    0.10459     0.01952    0.10286
424       0.02084    0.10459     0.01952    0.10286
425       0.02084    0.10458     0.01952    0.10285
426       0.02084    0.10458     0.01952    0.10285
427       0.02084    0.10458     0.01952    0.10285
428       0.02084    0.10458     0.01951    0.10285
429       0.02084    0.10457     0.01951    0.10285
430       0.02084    0.10457     0.01951    0.10285
431       0.02084    0.10457     0.01951    0.10284
432       0.02084    0.10457     0.01951    0.10284
433       0.02084    0.10456     0.01951    0.10284
434       0.02084    0.10456     0.01951    0.10284
435       0.02084    0.10456     0.01951    0.10284
436       0.02083    0.10456     0.01951    0.10284
437       0.02083    0.10456     0.01951    0.10283
438       0.02083    0.10455     0.01951    0.10283
439       0.02083    0.10455     0.01951    0.10283
440       0.02083    0.10455     0.01951    0.10283
441       0.02083    0.10455     0.01951    0.10283
442       0.02083    0.10455     0.01951    0.10283
443       0.02083    0.10454     0.01951    0.10283
444       0.02083    0.10454     0.01951    0.10282
445       0.02083    0.10454     0.01951    0.10282
446       0.02083    0.10454     0.01951    0.10282
447       0.02083    0.10453     0.01951    0.10282
448       0.02083    0.10453     0.01951    0.10282
449       0.02083    0.10453     0.01951    0.10282
450       0.02083    0.10453     0.01950    0.10282
451       0.02082    0.10453     0.01950    0.10281
452       0.02082    0.10452     0.01950    0.10281
453       0.02082    0.10452     0.01950    0.10281
454       0.02082    0.10452     0.01950    0.10281
455       0.02082    0.10452     0.01950    0.10281
456       0.02082    0.10452     0.01950    0.10281
457       0.02082    0.10452     0.01950    0.10281
458       0.02082    0.10451     0.01950    0.10281
459       0.02082    0.10451     0.01950    0.10280
460       0.02082    0.10451     0.01950    0.10280
461       0.02082    0.10451     0.01950    0.10280
462       0.02082    0.10451     0.01950    0.10280
463       0.02082    0.10450     0.01950    0.10280
464       0.02082    0.10450     0.01950    0.10280
465       0.02082    0.10450     0.01950    0.10280
466       0.02082    0.10450     0.01950    0.10280
467       0.02081    0.10450     0.01950    0.10279
468       0.02081    0.10450     0.01950    0.10279
469       0.02081    0.10449     0.01950    0.10279
470       0.02081    0.10449     0.01950    0.10279
471       0.02081    0.10449     0.01950    0.10279
472       0.02081    0.10449     0.01950    0.10279
473       0.02081    0.10449     0.01950    0.10279
474       0.02081    0.10449     0.01950    0.10279
475       0.02081    0.10448     0.01950    0.10279
476       0.02081    0.10448     0.01950    0.10278
477       0.02081    0.10448     0.01950    0.10278
478       0.02081    0.10448     0.01949    0.10278
479       0.02081    0.10448     0.01949    0.10278
480       0.02081    0.10448     0.01949    0.10278
481       0.02081    0.10447     0.01949    0.10278
482       0.02081    0.10447     0.01949    0.10278
483       0.02081    0.10447     0.01949    0.10278
484       0.02081    0.10447     0.01949    0.10278
485       0.02080    0.10447     0.01949    0.10277
486       0.02080    0.10447     0.01949    0.10277
487       0.02080    0.10447     0.01949    0.10277
488       0.02080    0.10446     0.01949    0.10277
489       0.02080    0.10446     0.01949    0.10277
490       0.02080    0.10446     0.01949    0.10277
491       0.02080    0.10446     0.01949    0.10277
492       0.02080    0.10446     0.01949    0.10277
493       0.02080    0.10446     0.01949    0.10277
494       0.02080    0.10446     0.01949    0.10276
495       0.02080    0.10445     0.01949    0.10276
496       0.02080    0.10445     0.01949    0.10276
497       0.02080    0.10445     0.01949    0.10276
498       0.02080    0.10445     0.01949    0.10276
499       0.02080    0.10445     0.01949    0.10276
500       0.02080    0.10445     0.01949    0.10276
501       0.02080    0.10445     0.01949    0.10276
502       0.02080    0.10445     0.01949    0.10276
503       0.02080    0.10444     0.01949    0.10276
504       0.02080    0.10444     0.01949    0.10275
505       0.02080    0.10444     0.01949    0.10275
506       0.02079    0.10444     0.01949    0.10275
507       0.02079    0.10444     0.01949    0.10275
508       0.02079    0.10444     0.01949    0.10275
509       0.02079    0.10444     0.01949    0.10275
510       0.02079    0.10444     0.01949    0.10275
511       0.02079    0.10443     0.01949    0.10275
512       0.02079    0.10443     0.01949    0.10275
513       0.02079    0.10443     0.01949    0.10275
514       0.02079    0.10443     0.01949    0.10275
515       0.02079    0.10443     0.01949    0.10274
516       0.02079    0.10443     0.01949    0.10274
517       0.02079    0.10443     0.01949    0.10274
518       0.02079    0.10443     0.01949    0.10274
519       0.02079    0.10442     0.01948    0.10274
520       0.02079    0.10442     0.01948    0.10274
521       0.02079    0.10442     0.01948    0.10274
522       0.02079    0.10442     0.01948    0.10274
523       0.02079    0.10442     0.01948    0.10274
524       0.02079    0.10442     0.01948    0.10274
525       0.02079    0.10442     0.01948    0.10274
526       0.02079    0.10442     0.01948    0.10273
527       0.02079    0.10442     0.01948    0.10273
528       0.02079    0.10441     0.01948    0.10273
529       0.02079    0.10441     0.01948    0.10273
530       0.02079    0.10441     0.01948    0.10273
531       0.02078    0.10441     0.01948    0.10273
532       0.02078    0.10441     0.01948    0.10273
533       0.02078    0.10441     0.01948    0.10273
534       0.02078    0.10441     0.01948    0.10273
535       0.02078    0.10441     0.01948    0.10273
536       0.02078    0.10441     0.01948    0.10273
537       0.02078    0.10440     0.01948    0.10273
538       0.02078    0.10440     0.01948    0.10272
539       0.02078    0.10440     0.01948    0.10272
540       0.02078    0.10440     0.01948    0.10272
541       0.02078    0.10440     0.01948    0.10272
542       0.02078    0.10440     0.01948    0.10272
543       0.02078    0.10440     0.01948    0.10272
544       0.02078    0.10440     0.01948    0.10272
545       0.02078    0.10440     0.01948    0.10272
546       0.02078    0.10440     0.01948    0.10272
547       0.02078    0.10439     0.01948    0.10272
548       0.02078    0.10439     0.01948    0.10272
549       0.02078    0.10439     0.01948    0.10272
550       0.02078    0.10439     0.01948    0.10271
551       0.02078    0.10439     0.01948    0.10271
552       0.02078    0.10439     0.01948    0.10271
553       0.02078    0.10439     0.01948    0.10271
554       0.02078    0.10439     0.01948    0.10271
555       0.02078    0.10439     0.01948    0.10271
556       0.02078    0.10439     0.01948    0.10271
557       0.02078    0.10439     0.01948    0.10271
558       0.02078    0.10438     0.01948    0.10271
559       0.02078    0.10438     0.01948    0.10271
560       0.02077    0.10438     0.01948    0.10271
561       0.02077    0.10438     0.01948    0.10271
562       0.02077    0.10438     0.01948    0.10271
563       0.02077    0.10438     0.01948    0.10271
564       0.02077    0.10438     0.01948    0.10270
565       0.02077    0.10438     0.01948    0.10270
566       0.02077    0.10438     0.01948    0.10270
567       0.02077    0.10438     0.01948    0.10270
568       0.02077    0.10438     0.01948    0.10270
569       0.02077    0.10437     0.01948    0.10270
570       0.02077    0.10437     0.01948    0.10270
571       0.02077    0.10437     0.01948    0.10270
572       0.02077    0.10437     0.01948    0.10270
573       0.02077    0.10437     0.01948    0.10270
574       0.02077    0.10437     0.01948    0.10270
575       0.02077    0.10437     0.01948    0.10270
576       0.02077    0.10437     0.01948    0.10270
577       0.02077    0.10437     0.01948    0.10270
578       0.02077    0.10437     0.01948    0.10269
579       0.02077    0.10437     0.01948    0.10269
580       0.02077    0.10437     0.01948    0.10269
581       0.02077    0.10437     0.01948    0.10269
582       0.02077    0.10436     0.01948    0.10269
583       0.02077    0.10436     0.01948    0.10269
584       0.02077    0.10436     0.01948    0.10269
585       0.02077    0.10436     0.01948    0.10269
586       0.02077    0.10436     0.01948    0.10269
587       0.02077    0.10436     0.01948    0.10269
588       0.02077    0.10436     0.01948    0.10269
589       0.02077    0.10436     0.01948    0.10269
590       0.02077    0.10436     0.01948    0.10269
591       0.02077    0.10436     0.01948    0.10269
592       0.02077    0.10436     0.01948    0.10269
593       0.02077    0.10436     0.01948    0.10269
594       0.02077    0.10436     0.01948    0.10269
595       0.02077    0.10436     0.01948    0.10269
596       0.02077    0.10435     0.01948    0.10269
597       0.02076    0.10435     0.01948    0.10268
598       0.02076    0.10435     0.01948    0.10268
599       0.02076    0.10435     0.01948    0.10268
600       0.02076    0.10435     0.01948    0.10268
601       0.02076    0.10435     0.01948    0.10268
602       0.02076    0.10435     0.01948    0.10268
603       0.02076    0.10435     0.01948    0.10268
604       0.02076    0.10435     0.01948    0.10268
605       0.02076    0.10435     0.01948    0.10268
606       0.02076    0.10435     0.01948    0.10268
607       0.02076    0.10435     0.01948    0.10268
608       0.02076    0.10435     0.01948    0.10268
609       0.02076    0.10435     0.01948    0.10268
610       0.02076    0.10435     0.01948    0.10268
611       0.02076    0.10435     0.01948    0.10268
612       0.02076    0.10434     0.01948    0.10268
613       0.02076    0.10434     0.01948    0.10268
614       0.02076    0.10434     0.01948    0.10268
615       0.02076    0.10434     0.01948    0.10268
616       0.02076    0.10434     0.01948    0.10268
617       0.02076    0.10434     0.01948    0.10268
618       0.02076    0.10434     0.01948    0.10268
619       0.02076    0.10434     0.01948    0.10268
620       0.02076    0.10434     0.01948    0.10267
621       0.02076    0.10434     0.01948    0.10267
622       0.02076    0.10434     0.01948    0.10267
623       0.02076    0.10434     0.01948    0.10267
624       0.02076    0.10434     0.01947    0.10267
625       0.02076    0.10434     0.01947    0.10267
626       0.02076    0.10434     0.01947    0.10267
627       0.02076    0.10434     0.01947    0.10267
628       0.02076    0.10434     0.01947    0.10267
629       0.02076    0.10433     0.01947    0.10267
630       0.02076    0.10433     0.01947    0.10267
631       0.02076    0.10433     0.01947    0.10267
632       0.02076    0.10433     0.01947    0.10267
633       0.02076    0.10433     0.01947    0.10267
634       0.02076    0.10433     0.01947    0.10267
635       0.02076    0.10433     0.01947    0.10267
636       0.02076    0.10433     0.01947    0.10267
637       0.02076    0.10433     0.01947    0.10267
638       0.02076    0.10433     0.01947    0.10267
639       0.02076    0.10433     0.01947    0.10267
640       0.02076    0.10433     0.01947    0.10267
641       0.02076    0.10433     0.01947    0.10267
642       0.02076    0.10433     0.01947    0.10267
643       0.02076    0.10433     0.01947    0.10267
644       0.02076    0.10433     0.01947    0.10267
645       0.02075    0.10433     0.01947    0.10267
646       0.02075    0.10433     0.01947    0.10267
647       0.02075    0.10433     0.01947    0.10266
648       0.02075    0.10433     0.01947    0.10266
649       0.02075    0.10432     0.01947    0.10266
650       0.02075    0.10432     0.01947    0.10266
651       0.02075    0.10432     0.01947    0.10266
652       0.02075    0.10432     0.01947    0.10266
653       0.02075    0.10432     0.01947    0.10266
654       0.02075    0.10432     0.01947    0.10266
655       0.02075    0.10432     0.01947    0.10266
656       0.02075    0.10432     0.01947    0.10266
657       0.02075    0.10432     0.01947    0.10266
658       0.02075    0.10432     0.01947    0.10266
659       0.02075    0.10432     0.01947    0.10266
660       0.02075    0.10432     0.01947    0.10266
661       0.02075    0.10432     0.01947    0.10266
662       0.02075    0.10432     0.01947    0.10266
663       0.02075    0.10432     0.01947    0.10266
664       0.02075    0.10432     0.01947    0.10266
665       0.02075    0.10432     0.01947    0.10266
666       0.02075    0.10432     0.01947    0.10266
667       0.02075    0.10432     0.01947    0.10266
668       0.02075    0.10432     0.01947    0.10266
669       0.02075    0.10432     0.01947    0.10266
670       0.02075    0.10432     0.01947    0.10266
671       0.02075    0.10432     0.01947    0.10266
672       0.02075    0.10431     0.01947    0.10266
673       0.02075    0.10431     0.01947    0.10266
674       0.02075    0.10431     0.01947    0.10266
675       0.02075    0.10431     0.01947    0.10266
676       0.02075    0.10431     0.01947    0.10266
677       0.02075    0.10431     0.01947    0.10266
678       0.02075    0.10431     0.01947    0.10266
679       0.02075    0.10431     0.01947    0.10266
680       0.02075    0.10431     0.01947    0.10266
681       0.02075    0.10431     0.01947    0.10266
682       0.02075    0.10431     0.01947    0.10266
683       0.02075    0.10431     0.01947    0.10266
684       0.02075    0.10431     0.01947    0.10266
685       0.02075    0.10431     0.01947    0.10265
686       0.02075    0.10431     0.01947    0.10265
687       0.02075    0.10431     0.01947    0.10265
688       0.02075    0.10431     0.01947    0.10265
689       0.02075    0.10431     0.01947    0.10265
690       0.02075    0.10431     0.01947    0.10265
691       0.02075    0.10431     0.01947    0.10265
692       0.02075    0.10431     0.01948    0.10265
693       0.02075    0.10431     0.01948    0.10265
694       0.02075    0.10431     0.01948    0.10265
695       0.02075    0.10431     0.01948    0.10265
696       0.02075    0.10431     0.01948    0.10265
697       0.02075    0.10431     0.01948    0.10265
698       0.02075    0.10431     0.01948    0.10265
699       0.02075    0.10431     0.01948    0.10265
700       0.02075    0.10430     0.01948    0.10265
701       0.02075    0.10430     0.01948    0.10265
702       0.02075    0.10430     0.01948    0.10265
703       0.02075    0.10430     0.01948    0.10265
704       0.02075    0.10430     0.01948    0.10265
705       0.02075    0.10430     0.01948    0.10265
706       0.02075    0.10430     0.01948    0.10265
707       0.02075    0.10430     0.01948    0.10265
708       0.02075    0.10430     0.01948    0.10265
709       0.02075    0.10430     0.01948    0.10265
710       0.02075    0.10430     0.01948    0.10265
711       0.02075    0.10430     0.01948    0.10265
712       0.02075    0.10430     0.01948    0.10265
713       0.02075    0.10430     0.01948    0.10265
714       0.02075    0.10430     0.01948    0.10265
715       0.02075    0.10430     0.01948    0.10265
716       0.02075    0.10430     0.01948    0.10265
717       0.02075    0.10430     0.01948    0.10265
718       0.02074    0.10430     0.01948    0.10265
719       0.02074    0.10430     0.01948    0.10265
720       0.02074    0.10430     0.01948    0.10265
721       0.02074    0.10430     0.01948    0.10265
722       0.02074    0.10430     0.01948    0.10265
723       0.02074    0.10430     0.01948    0.10265
724       0.02074    0.10430     0.01948    0.10265
725       0.02074    0.10430     0.01948    0.10265
726       0.02074    0.10430     0.01948    0.10265
727       0.02074    0.10430     0.01948    0.10265
728       0.02074    0.10430     0.01948    0.10265
729       0.02074    0.10430     0.01948    0.10265
730       0.02074    0.10430     0.01948    0.10265
731       0.02074    0.10430     0.01948    0.10265
732       0.02074    0.10429     0.01948    0.10265
733       0.02074    0.10429     0.01948    0.10265
734       0.02074    0.10429     0.01948    0.10265
735       0.02074    0.10429     0.01948    0.10265
736       0.02074    0.10429     0.01948    0.10265
737       0.02074    0.10429     0.01948    0.10265
738       0.02074    0.10429     0.01948    0.10265
739       0.02074    0.10429     0.01948    0.10265
740       0.02074    0.10429     0.01948    0.10265
741       0.02074    0.10429     0.01948    0.10265
742       0.02074    0.10429     0.01948    0.10265
743       0.02074    0.10429     0.01948    0.10265
744       0.02074    0.10429     0.01948    0.10265
745       0.02074    0.10429     0.01948    0.10265
746       0.02074    0.10429     0.01948    0.10265
747       0.02074    0.10429     0.01948    0.10265
748       0.02074    0.10429     0.01948    0.10265
749       0.02074    0.10429     0.01948    0.10265
750       0.02074    0.10429     0.01948    0.10265
751       0.02074    0.10429     0.01948    0.10265
752       0.02074    0.10429     0.01948    0.10265
753       0.02074    0.10429     0.01948    0.10265
754       0.02074    0.10429     0.01948    0.10265
755       0.02074    0.10429     0.01948    0.10265
756       0.02074    0.10429     0.01948    0.10265
757       0.02074    0.10429     0.01948    0.10265
758       0.02074    0.10429     0.01948    0.10265
759       0.02074    0.10429     0.01948    0.10265
760       0.02074    0.10429     0.01948    0.10265
761       0.02074    0.10429     0.01948    0.10265
762       0.02074    0.10429     0.01948    0.10265
763       0.02074    0.10429     0.01948    0.10265
764       0.02074    0.10429     0.01948    0.10265
765       0.02074    0.10429     0.01948    0.10265
766       0.02074    0.10429     0.01948    0.10265
767       0.02074    0.10429     0.01948    0.10265
768       0.02074    0.10429     0.01948    0.10265
769       0.02074    0.10429     0.01948    0.10265
770       0.02074    0.10429     0.01948    0.10265
771       0.02074    0.10429     0.01948    0.10265
772       0.02074    0.10429     0.01948    0.10265
773       0.02074    0.10429     0.01948    0.10265
774       0.02074    0.10429     0.01948    0.10265
775       0.02074    0.10429     0.01948    0.10265
776       0.02074    0.10428     0.01948    0.10265
777       0.02074    0.10428     0.01948    0.10265
778       0.02074    0.10428     0.01948    0.10265
779       0.02074    0.10428     0.01948    0.10265
780       0.02074    0.10428     0.01948    0.10265
781       0.02074    0.10428     0.01948    0.10265
782       0.02074    0.10428     0.01948    0.10265
783       0.02074    0.10428     0.01948    0.10265
784       0.02074    0.10428     0.01948    0.10265
785       0.02074    0.10428     0.01948    0.10265
786       0.02074    0.10428     0.01948    0.10265
787       0.02074    0.10428     0.01948    0.10265
788       0.02074    0.10428     0.01948    0.10265
789       0.02074    0.10428     0.01948    0.10265
790       0.02074    0.10428     0.01948    0.10265
791       0.02074    0.10428     0.01948    0.10265
792       0.02074    0.10428     0.01948    0.10265
793       0.02074    0.10428     0.01948    0.10265
794       0.02074    0.10428     0.01948    0.10265
795       0.02074    0.10428     0.01948    0.10265
796       0.02074    0.10428     0.01948    0.10265
797       0.02074    0.10428     0.01948    0.10265
798       0.02074    0.10428     0.01948    0.10265
799       0.02074    0.10428     0.01948    0.10265
800       0.02074    0.10428     0.01948    0.10265
801       0.02074    0.10428     0.01948    0.10265
802       0.02074    0.10428     0.01948    0.10265
803       0.02074    0.10428     0.01948    0.10265
804       0.02074    0.10428     0.01948    0.10265
805       0.02074    0.10428     0.01948    0.10265
806       0.02074    0.10428     0.01948    0.10265
807       0.02074    0.10428     0.01948    0.10265
808       0.02074    0.10428     0.01948    0.10265
809       0.02074    0.10428     0.01948    0.10265
810       0.02074    0.10428     0.01948    0.10265
811       0.02074    0.10428     0.01948    0.10265
812       0.02074    0.10428     0.01948    0.10265
813       0.02074    0.10428     0.01948    0.10265
814       0.02074    0.10428     0.01948    0.10265
815       0.02074    0.10428     0.01948    0.10265
816       0.02074    0.10428     0.01948    0.10265
817       0.02074    0.10428     0.01948    0.10265
818       0.02074    0.10428     0.01948    0.10265
819       0.02074    0.10428     0.01948    0.10265
820       0.02074    0.10428     0.01948    0.10265
821       0.02074    0.10428     0.01948    0.10265
822       0.02074    0.10428     0.01948    0.10265
823       0.02074    0.10428     0.01948    0.10265
824       0.02074    0.10428     0.01948    0.10265
825       0.02074    0.10428     0.01948    0.10265
826       0.02074    0.10428     0.01948    0.10265
827       0.02074    0.10428     0.01948    0.10265
828       0.02074    0.10428     0.01948    0.10265
829       0.02074    0.10428     0.01948    0.10265
830       0.02074    0.10428     0.01948    0.10265
831       0.02074    0.10428     0.01948    0.10265
832       0.02074    0.10428     0.01948    0.10265
833       0.02074    0.10428     0.01948    0.10265
834       0.02074    0.10428     0.01948    0.10265
835       0.02074    0.10428     0.01948    0.10265
836       0.02074    0.10428     0.01948    0.10265
837       0.02074    0.10428     0.01948    0.10265
838       0.02074    0.10428     0.01948    0.10265
839       0.02074    0.10428     0.01948    0.10265
840       0.02074    0.10428     0.01948    0.10265
841       0.02074    0.10427     0.01948    0.10265
842       0.02074    0.10427     0.01948    0.10265
843       0.02074    0.10427     0.01948    0.10265
844       0.02074    0.10427     0.01948    0.10265
845       0.02074    0.10427     0.01948    0.10265
846       0.02074    0.10427     0.01948    0.10265
847       0.02074    0.10427     0.01948    0.10265
848       0.02074    0.10427     0.01948    0.10265
849       0.02074    0.10427     0.01948    0.10265
850       0.02074    0.10427     0.01948    0.10265
851       0.02074    0.10427     0.01948    0.10265
852       0.02074    0.10427     0.01948    0.10265
853       0.02074    0.10427     0.01948    0.10265
854       0.02074    0.10427     0.01948    0.10265
855       0.02074    0.10427     0.01948    0.10265
856       0.02074    0.10427     0.01948    0.10265
857       0.02074    0.10427     0.01948    0.10265
858       0.02074    0.10427     0.01948    0.10265
859       0.02074    0.10427     0.01948    0.10265
860       0.02074    0.10427     0.01948    0.10265
861       0.02074    0.10427     0.01948    0.10265
862       0.02074    0.10427     0.01948    0.10265
863       0.02073    0.10427     0.01948    0.10265
864       0.02073    0.10427     0.01948    0.10265
865       0.02073    0.10427     0.01948    0.10265
866       0.02073    0.10427     0.01948    0.10265
867       0.02073    0.10427     0.01948    0.10265
868       0.02073    0.10427     0.01948    0.10265
869       0.02073    0.10427     0.01948    0.10265
870       0.02073    0.10427     0.01948    0.10265
871       0.02073    0.10427     0.01948    0.10265
872       0.02073    0.10427     0.01948    0.10265
873       0.02073    0.10427     0.01948    0.10265
874       0.02073    0.10427     0.01948    0.10265
875       0.02073    0.10427     0.01948    0.10265
876       0.02073    0.10427     0.01948    0.10265
877       0.02073    0.10427     0.01948    0.10265
878       0.02073    0.10427     0.01948    0.10265
879       0.02073    0.10427     0.01948    0.10265
880       0.02073    0.10427     0.01948    0.10265
881       0.02073    0.10427     0.01948    0.10265
882       0.02073    0.10427     0.01948    0.10265
883       0.02073    0.10427     0.01948    0.10265
884       0.02073    0.10427     0.01948    0.10265
885       0.02073    0.10427     0.01948    0.10265
886       0.02073    0.10427     0.01948    0.10265
887       0.02073    0.10427     0.01948    0.10265
888       0.02073    0.10427     0.01948    0.10265
889       0.02073    0.10427     0.01948    0.10265
890       0.02073    0.10427     0.01948    0.10265
891       0.02073    0.10427     0.01948    0.10265
892       0.02073    0.10427     0.01948    0.10265
893       0.02073    0.10427     0.01948    0.10265
894       0.02073    0.10427     0.01948    0.10265
895       0.02073    0.10427     0.01948    0.10265
896       0.02073    0.10427     0.01948    0.10265
897       0.02073    0.10427     0.01948    0.10265
898       0.02073    0.10427     0.01948    0.10265
899       0.02073    0.10427     0.01948    0.10265
900       0.02073    0.10427     0.01948    0.10265
901       0.02073    0.10427     0.01948    0.10265
902       0.02073    0.10427     0.01948    0.10265
903       0.02073    0.10427     0.01948    0.10265
904       0.02073    0.10427     0.01949    0.10265
905       0.02073    0.10427     0.01949    0.10265
906       0.02073    0.10427     0.01949    0.10265
907       0.02073    0.10427     0.01949    0.10265
908       0.02073    0.10427     0.01949    0.10265
909       0.02073    0.10427     0.01949    0.10265
910       0.02073    0.10427     0.01949    0.10265
911       0.02073    0.10427     0.01949    0.10265
912       0.02073    0.10427     0.01949    0.10265
913       0.02073    0.10427     0.01949    0.10265
914       0.02073    0.10427     0.01949    0.10265
915       0.02073    0.10427     0.01949    0.10265
916       0.02073    0.10427     0.01949    0.10265
917       0.02073    0.10427     0.01949    0.10265
918       0.02073    0.10427     0.01949    0.10265
919       0.02073    0.10427     0.01949    0.10265
920       0.02073    0.10427     0.01949    0.10265
921       0.02073    0.10427     0.01949    0.10265
922       0.02073    0.10427     0.01949    0.10265
923       0.02073    0.10427     0.01949    0.10265
924       0.02073    0.10427     0.01949    0.10265
925       0.02073    0.10427     0.01949    0.10265
926       0.02073    0.10427     0.01949    0.10265
927       0.02073    0.10427     0.01949    0.10265
928       0.02073    0.10427     0.01949    0.10265
929       0.02073    0.10427     0.01949    0.10265
930       0.02073    0.10427     0.01949    0.10265
931       0.02073    0.10427     0.01949    0.10265
932       0.02073    0.10427     0.01949    0.10265
933       0.02073    0.10427     0.01949    0.10265
934       0.02073    0.10427     0.01949    0.10265
935       0.02073    0.10427     0.01949    0.10265
936       0.02073    0.10427     0.01949    0.10265
937       0.02073    0.10427     0.01949    0.10265
938       0.02073    0.10427     0.01949    0.10265
939       0.02073    0.10427     0.01949    0.10265
940       0.02073    0.10427     0.01949    0.10265
941       0.02073    0.10427     0.01949    0.10265
942       0.02073    0.10427     0.01949    0.10265
943       0.02073    0.10427     0.01949    0.10265
944       0.02073    0.10427     0.01949    0.10265
945       0.02073    0.10427     0.01949    0.10265
946       0.02073    0.10427     0.01949    0.10265
947       0.02073    0.10427     0.01949    0.10265
948       0.02073    0.10427     0.01949    0.10265
949       0.02073    0.10427     0.01949    0.10265
950       0.02073    0.10427     0.01949    0.10265
951       0.02073    0.10427     0.01949    0.10265
952       0.02073    0.10427     0.01949    0.10265
953       0.02073    0.10427     0.01949    0.10265
954       0.02073    0.10427     0.01949    0.10265
955       0.02073    0.10427     0.01949    0.10265
956       0.02073    0.10427     0.01949    0.10265
957       0.02073    0.10427     0.01949    0.10265
958       0.02073    0.10427     0.01949    0.10265
959       0.02073    0.10427     0.01949    0.10265
960       0.02073    0.10427     0.01949    0.10265
961       0.02073    0.10427     0.01949    0.10265
962       0.02073    0.10427     0.01949    0.10265
963       0.02073    0.10427     0.01949    0.10265
964       0.02073    0.10427     0.01949    0.10265
965       0.02073    0.10427     0.01949    0.10265
966       0.02073    0.10427     0.01949    0.10265
967       0.02073    0.10427     0.01949    0.10265
968       0.02073    0.10427     0.01949    0.10265
969       0.02073    0.10427     0.01949    0.10265
970       0.02073    0.10427     0.01949    0.10265
971       0.02073    0.10427     0.01949    0.10265
972       0.02073    0.10427     0.01949    0.10265
973       0.02073    0.10427     0.01949    0.10265
974       0.02073    0.10427     0.01949    0.10265
975       0.02073    0.10427     0.01949    0.10265
976       0.02073    0.10427     0.01949    0.10265
977       0.02073    0.10427     0.01949    0.10265
978       0.02073    0.10427     0.01949    0.10265
979       0.02073    0.10427     0.01949    0.10265
980       0.02073    0.10427     0.01949    0.10265
981       0.02073    0.10427     0.01949    0.10265
982       0.02073    0.10427     0.01949    0.10265
983       0.02073    0.10427     0.01949    0.10265
984       0.02073    0.10427     0.01949    0.10265
985       0.02073    0.10427     0.01949    0.10265
986       0.02073    0.10427     0.01949    0.10265
987       0.02073    0.10427     0.01949    0.10265
988       0.02073    0.10427     0.01949    0.10265
989       0.02073    0.10427     0.01949    0.10265
990       0.02073    0.10427     0.01949    0.10265
991       0.02073    0.10427     0.01949    0.10265
992       0.02073    0.10427     0.01949    0.10265
993       0.02073    0.10427     0.01949    0.10265
994       0.02073    0.10427     0.01949    0.10265
995       0.02073    0.10427     0.01949    0.10265
996       0.02073    0.10427     0.01949    0.10265
997       0.02073    0.10427     0.01949    0.10265
998       0.02073    0.10427     0.01949    0.10265
999       0.02073    0.10427     0.01949    0.10265
1000       0.02073    0.10427     0.01949    0.10265
1001       0.02073    0.10427     0.01949    0.10265
1002       0.02073    0.10427     0.01949    0.10265
1003       0.02073    0.10427     0.01949    0.10265
1004       0.02073    0.10427     0.01949    0.10265
1005       0.02073    0.10427     0.01949    0.10265
1006       0.02073    0.10427     0.01949    0.10265
1007       0.02073    0.10427     0.01949    0.10265
1008       0.02073    0.10427     0.01949    0.10265
1009       0.02073    0.10427     0.01949    0.10265
1010       0.02073    0.10427     0.01949    0.10265
1011       0.02073    0.10427     0.01949    0.10265
1012       0.02073    0.10427     0.01949    0.10265
1013       0.02073    0.10427     0.01949    0.10265
1014       0.02073    0.10427     0.01949    0.10265
1015       0.02073    0.10427     0.01949    0.10265
1016       0.02073    0.10427     0.01949    0.10265
1017       0.02073    0.10427     0.01949    0.10265
1018       0.02073    0.10427     0.01949    0.10265
1019       0.02073    0.10427     0.01949    0.10265
1020       0.02073    0.10427     0.01949    0.10265
1021       0.02073    0.10427     0.01949    0.10265
1022       0.02073    0.10427     0.01949    0.10265
1023       0.02073    0.10427     0.01949    0.10265
1024       0.02073    0.10427     0.01949    0.10265
1025       0.02073    0.10427     0.01949    0.10265
1026       0.02073    0.10427     0.01949    0.10265
1027       0.02073    0.10427     0.01949    0.10265
1028       0.02073    0.10427     0.01949    0.10265
1029       0.02073    0.10427     0.01949    0.10265
1030       0.02073    0.10427     0.01949    0.10265
1031       0.02073    0.10427     0.01949    0.10265
1032       0.02073    0.10427     0.01949    0.10265
1033       0.02073    0.10427     0.01949    0.10265
1034       0.02073    0.10427     0.01949    0.10265
1035       0.02073    0.10427     0.01949    0.10265
1036       0.02073    0.10427     0.01949    0.10265
1037       0.02073    0.10427     0.01949    0.10265
1038       0.02073    0.10427     0.01949    0.10265
1039       0.02073    0.10427     0.01949    0.10265
1040       0.02073    0.10427     0.01949    0.10265
1041       0.02073    0.10427     0.01949    0.10265
1042       0.02073    0.10427     0.01949    0.10265
1043       0.02073    0.10427     0.01949    0.10265
1044       0.02073    0.10427     0.01949    0.10265
1045       0.02073    0.10427     0.01949    0.10265
1046       0.02073    0.10427     0.01949    0.10265
1047       0.02073    0.10427     0.01949    0.10265
1048       0.02073    0.10427     0.01949    0.10265
1049       0.02073    0.10427     0.01949    0.10265
1050       0.02073    0.10427     0.01949    0.10265
1051       0.02073    0.10427     0.01949    0.10265
1052       0.02073    0.10427     0.01949    0.10265
1053       0.02073    0.10427     0.01949    0.10265
1054       0.02073    0.10427     0.01949    0.10265
1055       0.02073    0.10427     0.01949    0.10265
1056       0.02073    0.10427     0.01949    0.10265
1057       0.02073    0.10427     0.01949    0.10265
1058       0.02073    0.10427     0.01949    0.10265
1059       0.02073    0.10427     0.01949    0.10265
1060       0.02073    0.10427     0.01949    0.10265
1061       0.02073    0.10427     0.01949    0.10265
1062       0.02073    0.10427     0.01949    0.10265
1063       0.02073    0.10427     0.01949    0.10265
1064       0.02073    0.10427     0.01949    0.10265
1065       0.02073    0.10427     0.01949    0.10265
1066       0.02073    0.10427     0.01949    0.10265
1067       0.02073    0.10427     0.01949    0.10265
1068       0.02073    0.10427     0.01949    0.10265
1069       0.02073    0.10427     0.01949    0.10265
1070       0.02073    0.10427     0.01949    0.10265
1071       0.02073    0.10427     0.01949    0.10265
1072       0.02073    0.10427     0.01949    0.10265
1073       0.02073    0.10427     0.01949    0.10265
1074       0.02073    0.10427     0.01949    0.10265
1075       0.02073    0.10427     0.01949    0.10265
1076       0.02073    0.10427     0.01949    0.10265
1077       0.02073    0.10427     0.01949    0.10266
1078       0.02073    0.10427     0.01949    0.10266
1079       0.02073    0.10427     0.01949    0.10266
1080       0.02073    0.10427     0.01949    0.10266
1081       0.02073    0.10427     0.01949    0.10266
1082       0.02073    0.10427     0.01949    0.10266
1083       0.02073    0.10427     0.01949    0.10266
1084       0.02073    0.10427     0.01949    0.10266
1085       0.02073    0.10427     0.01949    0.10266
1086       0.02073    0.10427     0.01949    0.10266
1087       0.02073    0.10427     0.01949    0.10266
1088       0.02073    0.10427     0.01949    0.10266
1089       0.02073    0.10427     0.01949    0.10266
1090       0.02073    0.10427     0.01949    0.10266
1091       0.02073    0.10427     0.01949    0.10266
1092       0.02073    0.10427     0.01949    0.10266
1093       0.02073    0.10427     0.01949    0.10266
1094       0.02073    0.10427     0.01949    0.10266
1095       0.02073    0.10427     0.01949    0.10266
1096       0.02073    0.10427     0.01949    0.10266
1097       0.02073    0.10427     0.01949    0.10266
1098       0.02073    0.10427     0.01949    0.10266
1099       0.02073    0.10427     0.01949    0.10266
1100       0.02073    0.10427     0.01949    0.10266
1101       0.02073    0.10427     0.01949    0.10266
1102       0.02073    0.10427     0.01949    0.10266
1103       0.02073    0.10427     0.01949    0.10266
1104       0.02073    0.10427     0.01949    0.10266
1105       0.02073    0.10427     0.01950    0.10266
1106       0.02073    0.10427     0.01950    0.10266
1107       0.02073    0.10427     0.01950    0.10266
1108       0.02073    0.10427     0.01950    0.10266
1109       0.02073    0.10427     0.01950    0.10266
1110       0.02073    0.10427     0.01950    0.10266
1111       0.02073    0.10427     0.01950    0.10266
1112       0.02073    0.10427     0.01950    0.10266
1113       0.02073    0.10427     0.01950    0.10266
1114       0.02073    0.10427     0.01950    0.10266
1115       0.02073    0.10427     0.01950    0.10266
1116       0.02073    0.10427     0.01950    0.10266
1117       0.02073    0.10427     0.01950    0.10266
1118       0.02073    0.10427     0.01950    0.10266
1119       0.02073    0.10427     0.01950    0.10266
1120       0.02073    0.10427     0.01950    0.10266
1121       0.02073    0.10427     0.01950    0.10266
1122       0.02073    0.10427     0.01950    0.10266
1123       0.02073    0.10427     0.01950    0.10266
1124       0.02073    0.10427     0.01950    0.10266
1125       0.02073    0.10427     0.01950    0.10266
1126       0.02073    0.10427     0.01950    0.10266
1127       0.02073    0.10427     0.01950    0.10266
1128       0.02073    0.10427     0.01950    0.10266
1129       0.02073    0.10427     0.01950    0.10266
1130       0.02073    0.10427     0.01950    0.10266
1131       0.02073    0.10427     0.01950    0.10266
1132       0.02073    0.10427     0.01950    0.10266
1133       0.02073    0.10427     0.01950    0.10266
1134       0.02073    0.10427     0.01950    0.10266
1135       0.02073    0.10427     0.01950    0.10266
1136       0.02073    0.10427     0.01950    0.10266
1137       0.02073    0.10427     0.01950    0.10266
1138       0.02073    0.10427     0.01950    0.10266
1139       0.02073    0.10427     0.01950    0.10266
1140       0.02073    0.10427     0.01950    0.10266
1141       0.02073    0.10427     0.01950    0.10266
1142       0.02073    0.10427     0.01950    0.10266
1143       0.02073    0.10427     0.01950    0.10266
1144       0.02073    0.10427     0.01950    0.10266
1145       0.02073    0.10427     0.01950    0.10266
1146       0.02073    0.10427     0.01950    0.10266
1147       0.02073    0.10427     0.01950    0.10266
1148       0.02073    0.10427     0.01950    0.10266
1149       0.02073    0.10427     0.01950    0.10266
1150       0.02073    0.10427     0.01950    0.10266
1151       0.02073    0.10427     0.01950    0.10266
1152       0.02073    0.10427     0.01950    0.10266
1153       0.02073    0.10427     0.01950    0.10266
1154       0.02073    0.10427     0.01950    0.10266
1155       0.02073    0.10427     0.01950    0.10266
1156       0.02073    0.10427     0.01950    0.10266
1157       0.02073    0.10427     0.01950    0.10266
1158       0.02073    0.10427     0.01950    0.10266
1159       0.02073    0.10427     0.01950    0.10266
1160       0.02073    0.10427     0.01950    0.10266
1161       0.02073    0.10427     0.01950    0.10266
1162       0.02073    0.10427     0.01950    0.10266
1163       0.02073    0.10427     0.01950    0.10266
1164       0.02073    0.10427     0.01950    0.10266
1165       0.02073    0.10427     0.01950    0.10266
1166       0.02073    0.10427     0.01950    0.10266
1167       0.02073    0.10427     0.01950    0.10266
1168       0.02073    0.10427     0.01950    0.10266
1169       0.02073    0.10427     0.01950    0.10266
1170       0.02073    0.10427     0.01950    0.10266
1171       0.02073    0.10427     0.01950    0.10266
1172       0.02073    0.10427     0.01950    0.10266
1173       0.02073    0.10427     0.01950    0.10266
1174       0.02073    0.10427     0.01950    0.10266
1175       0.02073    0.10427     0.01950    0.10266
1176       0.02073    0.10427     0.01950    0.10266
1177       0.02073    0.10427     0.01950    0.10266
1178       0.02073    0.10427     0.01950    0.10266
1179       0.02073    0.10427     0.01950    0.10266
1180       0.02073    0.10427     0.01950    0.10266
1181       0.02073    0.10427     0.01950    0.10266
1182       0.02073    0.10427     0.01950    0.10266
1183       0.02073    0.10427     0.01950    0.10266
1184       0.02073    0.10427     0.01950    0.10266
1185       0.02073    0.10427     0.01950    0.10266
1186       0.02073    0.10427     0.01950    0.10266
1187       0.02073    0.10427     0.01950    0.10266
1188       0.02073    0.10427     0.01950    0.10266
1189       0.02073    0.10427     0.01950    0.10266
1190       0.02073    0.10427     0.01950    0.10266
1191       0.02073    0.10427     0.01950    0.10266
1192       0.02073    0.10427     0.01950    0.10266
1193       0.02073    0.10427     0.01950    0.10266
1194       0.02073    0.10427     0.01950    0.10266
1195       0.02073    0.10427     0.01950    0.10266
1196       0.02073    0.10427     0.01950    0.10266
1197       0.02073    0.10427     0.01950    0.10266
1198       0.02073    0.10427     0.01950    0.10266
1199       0.02073    0.10427     0.01950    0.10266
1200       0.02073    0.10427     0.01950    0.10266
1201       0.02073    0.10427     0.01950    0.10266
1202       0.02073    0.10427     0.01950    0.10266
1203       0.02073    0.10427     0.01950    0.10266
1204       0.02073    0.10427     0.01950    0.10266
1205       0.02073    0.10427     0.01950    0.10266
1206       0.02073    0.10427     0.01950    0.10266
1207       0.02073    0.10427     0.01950    0.10266
1208       0.02073    0.10427     0.01950    0.10266
1209       0.02073    0.10427     0.01950    0.10266
1210       0.02073    0.10427     0.01950    0.10266
1211       0.02073    0.10427     0.01950    0.10266
1212       0.02073    0.10427     0.01950    0.10266
1213       0.02073    0.10427     0.01950    0.10266
1214       0.02073    0.10427     0.01950    0.10266
1215       0.02073    0.10427     0.01950    0.10266
1216       0.02073    0.10427     0.01950    0.10266
1217       0.02073    0.10427     0.01950    0.10266
1218       0.02073    0.10427     0.01950    0.10266
1219       0.02073    0.10427     0.01950    0.10266
1220       0.02073    0.10427     0.01950    0.10266
1221       0.02073    0.10427     0.01950    0.10266
1222       0.02073    0.10427     0.01950    0.10266
1223       0.02073    0.10427     0.01950    0.10266
1224       0.02073    0.10427     0.01950    0.10266
1225       0.02073    0.10427     0.01950    0.10266
1226       0.02073    0.10427     0.01950    0.10266
1227       0.02073    0.10427     0.01950    0.10266
1228       0.02073    0.10427     0.01950    0.10266
1229       0.02073    0.10427     0.01950    0.10266
1230       0.02073    0.10427     0.01950    0.10266
1231       0.02073    0.10427     0.01950    0.10266
1232       0.02073    0.10427     0.01950    0.10266
1233       0.02073    0.10427     0.01950    0.10266
1234       0.02073    0.10427     0.01950    0.10266
1235       0.02073    0.10427     0.01950    0.10266
1236       0.02073    0.10427     0.01950    0.10266
1237       0.02073    0.10427     0.01950    0.10266
1238       0.02073    0.10427     0.01950    0.10266
1239       0.02073    0.10427     0.01950    0.10266
1240       0.02073    0.10427     0.01950    0.10267
1241       0.02073    0.10427     0.01950    0.10267
1242       0.02073    0.10427     0.01950    0.10267
1243       0.02073    0.10427     0.01950    0.10267
1244       0.02073    0.10427     0.01950    0.10267
1245       0.02073    0.10427     0.01950    0.10267
1246       0.02073    0.10427     0.01950    0.10267
1247       0.02073    0.10427     0.01950    0.10267
1248       0.02073    0.10427     0.01950    0.10267
1249       0.02073    0.10427     0.01950    0.10267
1250       0.02073    0.10427     0.01950    0.10267
1251       0.02073    0.10427     0.01950    0.10267
1252       0.02073    0.10427     0.01950    0.10267
1253       0.02073    0.10427     0.01950    0.10267
1254       0.02073    0.10427     0.01950    0.10267
1255       0.02073    0.10427     0.01950    0.10267
1256       0.02073    0.10427     0.01950    0.10267
1257       0.02073    0.10427     0.01950    0.10267
1258       0.02073    0.10427     0.01950    0.10267
1259       0.02073    0.10427     0.01950    0.10267
1260       0.02073    0.10427     0.01950    0.10267
1261       0.02073    0.10427     0.01950    0.10267
1262       0.02073    0.10427     0.01950    0.10267
1263       0.02073    0.10427     0.01950    0.10267
1264       0.02073    0.10427     0.01950    0.10267
1265       0.02073    0.10427     0.01950    0.10267
1266       0.02073    0.10427     0.01950    0.10267
1267       0.02073    0.10427     0.01950    0.10267
1268       0.02073    0.10427     0.01950    0.10267
1269       0.02073    0.10427     0.01950    0.10267
1270       0.02073    0.10427     0.01950    0.10267
1271       0.02073    0.10427     0.01950    0.10267
1272       0.02073    0.10427     0.01950    0.10267
1273       0.02073    0.10427     0.01950    0.10267
1274       0.02073    0.10427     0.01950    0.10267
1275       0.02073    0.10427     0.01950    0.10267
1276       0.02073    0.10427     0.01950    0.10267
1277       0.02073    0.10427     0.01950    0.10267
1278       0.02073    0.10427     0.01950    0.10267
1279       0.02073    0.10427     0.01950    0.10267
1280       0.02073    0.10427     0.01950    0.10267
1281       0.02073    0.10427     0.01950    0.10267
1282       0.02073    0.10427     0.01950    0.10267
1283       0.02073    0.10427     0.01950    0.10267
1284       0.02073    0.10427     0.01950    0.10267
1285       0.02073    0.10427     0.01950    0.10267
1286       0.02073    0.10427     0.01950    0.10267
1287       0.02073    0.10427     0.01950    0.10267
1288       0.02073    0.10427     0.01950    0.10267
1289       0.02073    0.10427     0.01950    0.10267
1290       0.02073    0.10427     0.01950    0.10267
1291       0.02073    0.10427     0.01950    0.10267
1292       0.02073    0.10427     0.01950    0.10267
1293       0.02073    0.10427     0.01950    0.10267
1294       0.02073    0.10427     0.01950    0.10267
1295       0.02073    0.10427     0.01950    0.10267
1296       0.02073    0.10427     0.01950    0.10267
1297       0.02073    0.10427     0.01950    0.10267
1298       0.02073    0.10427     0.01950    0.10267
1299       0.02073    0.10427     0.01950    0.10267
1300       0.02073    0.10427     0.01950    0.10267
1301       0.02073    0.10427     0.01950    0.10267
1302       0.02073    0.10427     0.01950    0.10267
1303       0.02073    0.10427     0.01950    0.10267
1304       0.02073    0.10427     0.01950    0.10267
1305       0.02073    0.10427     0.01950    0.10267
1306       0.02073    0.10427     0.01950    0.10267
1307       0.02073    0.10427     0.01950    0.10267
1308       0.02073    0.10427     0.01950    0.10267
1309       0.02073    0.10427     0.01950    0.10267
1310       0.02073    0.10427     0.01950    0.10267
1311       0.02073    0.10427     0.01950    0.10267
1312       0.02073    0.10427     0.01950    0.10267
1313       0.02073    0.10427     0.01950    0.10267
1314       0.02073    0.10427     0.01950    0.10267
1315       0.02073    0.10427     0.01950    0.10267
1316       0.02073    0.10427     0.01950    0.10267
1317       0.02073    0.10427     0.01950    0.10267
1318       0.02073    0.10427     0.01950    0.10267
1319       0.02073    0.10427     0.01950    0.10267
1320       0.02073    0.10427     0.01950    0.10267
1321       0.02073    0.10427     0.01950    0.10267
1322       0.02073    0.10427     0.01950    0.10267
1323       0.02073    0.10427     0.01950    0.10267
1324       0.02073    0.10427     0.01950    0.10267
1325       0.02073    0.10427     0.01950    0.10267
1326       0.02073    0.10427     0.01950    0.10267
1327       0.02073    0.10427     0.01950    0.10267
1328       0.02073    0.10427     0.01950    0.10267
1329       0.02073    0.10427     0.01950    0.10267
1330       0.02073    0.10427     0.01950    0.10267
1331       0.02073    0.10427     0.01950    0.10267
1332       0.02073    0.10427     0.01950    0.10267
1333       0.02073    0.10427     0.01950    0.10267
1334       0.02073    0.10427     0.01950    0.10267
1335       0.02073    0.10427     0.01950    0.10267
1336       0.02073    0.10427     0.01950    0.10267
1337       0.02073    0.10427     0.01950    0.10267
1338       0.02073    0.10427     0.01950    0.10267
1339       0.02073    0.10427     0.01950    0.10267
1340       0.02073    0.10427     0.01950    0.10267
1341       0.02073    0.10427     0.01950    0.10267
1342       0.02073    0.10427     0.01950    0.10267
1343       0.02073    0.10427     0.01950    0.10267
1344       0.02073    0.10427     0.01950    0.10267
1345       0.02073    0.10427     0.01950    0.10267
1346       0.02073    0.10427     0.01950    0.10267
1347       0.02073    0.10427     0.01950    0.10267
1348       0.02073    0.10427     0.01950    0.10267
1349       0.02073    0.10427     0.01950    0.10267
1350       0.02073    0.10427     0.01950    0.10267
1351       0.02073    0.10427     0.01950    0.10267
1352       0.02073    0.10427     0.01950    0.10267
1353       0.02073    0.10427     0.01950    0.10267
1354       0.02073    0.10427     0.01950    0.10267
1355       0.02073    0.10427     0.01950    0.10267
1356       0.02073    0.10427     0.01950    0.10267
1357       0.02073    0.10427     0.01950    0.10267
1358       0.02073    0.10427     0.01950    0.10267
1359       0.02073    0.10427     0.01950    0.10267
1360       0.02073    0.10427     0.01950    0.10267
1361       0.02073    0.10427     0.01950    0.10267
1362       0.02073    0.10427     0.01950    0.10267
1363       0.02073    0.10427     0.01950    0.10267
1364       0.02073    0.10427     0.01950    0.10267
1365       0.02073    0.10427     0.01950    0.10267
1366       0.02073    0.10427     0.01950    0.10267
1367       0.02073    0.10427     0.01950    0.10267
1368       0.02073    0.10427     0.01950    0.10267
1369       0.02073    0.10427     0.01950    0.10267
1370       0.02073    0.10427     0.01950    0.10267
1371       0.02073    0.10427     0.01950    0.10267
1372       0.02073    0.10427     0.01950    0.10267
1373       0.02073    0.10427     0.01950    0.10267
1374       0.02073    0.10427     0.01950    0.10267
1375       0.02073    0.10427     0.01950    0.10267
1376       0.02073    0.10427     0.01950    0.10267
1377       0.02073    0.10427     0.01950    0.10267
1378       0.02073    0.10427     0.01950    0.10267
1379       0.02073    0.10427     0.01950    0.10267
1380       0.02073    0.10427     0.01950    0.10267
1381       0.02073    0.10427     0.01950    0.10267
1382       0.02073    0.10427     0.01950    0.10267
1383       0.02073    0.10427     0.01950    0.10267
1384       0.02073    0.10427     0.01950    0.10267
1385       0.02073    0.10427     0.01950    0.10267
1386       0.02073    0.10427     0.01950    0.10267
1387       0.02073    0.10427     0.01950    0.10267
1388       0.02073    0.10427     0.01950    0.10267
1389       0.02073    0.10427     0.01950    0.10267
1390       0.02073    0.10427     0.01950    0.10267
1391       0.02073    0.10427     0.01950    0.10267
1392       0.02073    0.10427     0.01950    0.10267
1393       0.02073    0.10427     0.01950    0.10267
1394       0.02073    0.10427     0.01950    0.10267
1395       0.02073    0.10427     0.01950    0.10267
1396       0.02073    0.10427     0.01950    0.10267
1397       0.02073    0.10427     0.01950    0.10267
1398       0.02073    0.10427     0.01950    0.10267
1399       0.02073    0.10427     0.01950    0.10267
1400       0.02073    0.10427     0.01950    0.10267
1401       0.02073    0.10427     0.01950    0.10267
1402       0.02073    0.10427     0.01950    0.10267
1403       0.02073    0.10427     0.01950    0.10267
1404       0.02073    0.10427     0.01950    0.10267
1405       0.02073    0.10427     0.01950    0.10267
1406       0.02073    0.10427     0.01950    0.10267
1407       0.02073    0.10427     0.01950    0.10267
1408       0.02073    0.10427     0.01950    0.10267
1409       0.02073    0.10427     0.01950    0.10267
1410       0.02073    0.10427     0.01950    0.10267
1411       0.02073    0.10427     0.01950    0.10267
1412       0.02073    0.10427     0.01950    0.10267
1413       0.02073    0.10427     0.01950    0.10267
1414       0.02073    0.10427     0.01950    0.10267
1415       0.02073    0.10427     0.01950    0.10267
1416       0.02073    0.10427     0.01950    0.10267
1417       0.02073    0.10427     0.01950    0.10267
1418       0.02073    0.10427     0.01950    0.10267
1419       0.02073    0.10427     0.01950    0.10267
1420       0.02073    0.10427     0.01950    0.10267
1421       0.02073    0.10427     0.01950    0.10267
1422       0.02073    0.10427     0.01950    0.10267
1423       0.02073    0.10427     0.01950    0.10267
1424       0.02073    0.10427     0.01950    0.10267
1425       0.02073    0.10427     0.01950    0.10267
1426       0.02073    0.10427     0.01950    0.10267
1427       0.02073    0.10427     0.01950    0.10267
1428       0.02073    0.10427     0.01950    0.10267
1429       0.02073    0.10427     0.01950    0.10267
1430       0.02073    0.10427     0.01950    0.10267
1431       0.02073    0.10427     0.01950    0.10267
1432       0.02073    0.10427     0.01951    0.10267
1433       0.02073    0.10427     0.01951    0.10267
1434       0.02073    0.10427     0.01951    0.10267
1435       0.02073    0.10427     0.01951    0.10267
1436       0.02073    0.10427     0.01951    0.10267
1437       0.02073    0.10427     0.01951    0.10268
1438       0.02073    0.10427     0.01951    0.10268
1439       0.02073    0.10427     0.01951    0.10268
1440       0.02073    0.10427     0.01951    0.10268
1441       0.02073    0.10427     0.01951    0.10268
1442       0.02073    0.10427     0.01951    0.10268
1443       0.02073    0.10427     0.01951    0.10268
1444       0.02073    0.10427     0.01951    0.10268
1445       0.02073    0.10427     0.01951    0.10268
1446       0.02073    0.10427     0.01951    0.10268
1447       0.02073    0.10427     0.01951    0.10268
1448       0.02073    0.10427     0.01951    0.10268
1449       0.02073    0.10427     0.01951    0.10268
1450       0.02073    0.10427     0.01951    0.10268
1451       0.02073    0.10427     0.01951    0.10268
1452       0.02073    0.10427     0.01951    0.10268
1453       0.02073    0.10427     0.01951    0.10268
1454       0.02073    0.10427     0.01951    0.10268
1455       0.02073    0.10427     0.01951    0.10268
1456       0.02073    0.10427     0.01951    0.10268
1457       0.02073    0.10427     0.01951    0.10268
1458       0.02073    0.10427     0.01951    0.10268
1459       0.02073    0.10427     0.01951    0.10268
1460       0.02073    0.10427     0.01951    0.10268
1461       0.02073    0.10427     0.01951    0.10268
1462       0.02073    0.10427     0.01951    0.10268
1463       0.02073    0.10427     0.01951    0.10268
1464       0.02073    0.10427     0.01951    0.10268
1465       0.02073    0.10427     0.01951    0.10268
1466       0.02073    0.10427     0.01951    0.10268
1467       0.02073    0.10427     0.01951    0.10268
1468       0.02073    0.10427     0.01951    0.10268
1469       0.02073    0.10427     0.01951    0.10268
1470       0.02073    0.10427     0.01951    0.10268
1471       0.02073    0.10427     0.01951    0.10268
1472       0.02073    0.10427     0.01951    0.10268
1473       0.02073    0.10427     0.01951    0.10268
1474       0.02073    0.10427     0.01951    0.10268
1475       0.02073    0.10427     0.01951    0.10268
1476       0.02073    0.10427     0.01951    0.10268
1477       0.02073    0.10427     0.01951    0.10268
1478       0.02073    0.10427     0.01951    0.10268
1479       0.02073    0.10427     0.01951    0.10268
1480       0.02073    0.10427     0.01951    0.10268
1481       0.02073    0.10427     0.01951    0.10268
1482       0.02073    0.10427     0.01951    0.10268    0.02160    0.10392