Ciclo   TrainMSE   TrainMAE   ValidMSE   ValidMAE   TestMSE     TestMAE
----------------------------------------------------------------------- 
0       0.02564    0.11405     0.02483    0.11293
1       0.02391    0.10879     0.02262    0.10657
2       0.02339    0.10749     0.02202    0.10512
3       0.02308    0.10680     0.02170    0.10441
4       0.02287    0.10635     0.02149    0.10399
5       0.02272    0.10604     0.02135    0.10374
6       0.02260    0.10582     0.02124    0.10357
7       0.02252    0.10565     0.02115    0.10344
8       0.02245    0.10551     0.02108    0.10333
9       0.02239    0.10540     0.02103    0.10323
10       0.02234    0.10531     0.02098    0.10315
11       0.02230    0.10523     0.02094    0.10308
12       0.02226    0.10515     0.02090    0.10302
13       0.02223    0.10508     0.02087    0.10296
14       0.02219    0.10501     0.02083    0.10290
15       0.02216    0.10494     0.02080    0.10284
16       0.02214    0.10488     0.02078    0.10279
17       0.02211    0.10482     0.02075    0.10273
18       0.02208    0.10475     0.02072    0.10268
19       0.02206    0.10470     0.02070    0.10264
20       0.02204    0.10464     0.02068    0.10259
21       0.02201    0.10458     0.02066    0.10254
22       0.02199    0.10453     0.02063    0.10250
23       0.02197    0.10448     0.02061    0.10246
24       0.02195    0.10443     0.02059    0.10242
25       0.02193    0.10438     0.02057    0.10238
26       0.02191    0.10433     0.02056    0.10234
27       0.02189    0.10428     0.02054    0.10231
28       0.02188    0.10423     0.02052    0.10227
29       0.02186    0.10419     0.02051    0.10224
30       0.02184    0.10415     0.02049    0.10221
31       0.02183    0.10411     0.02047    0.10218
32       0.02181    0.10407     0.02046    0.10215
33       0.02180    0.10403     0.02045    0.10212
34       0.02178    0.10399     0.02043    0.10210
35       0.02177    0.10396     0.02042    0.10207
36       0.02176    0.10392     0.02041    0.10205
37       0.02174    0.10389     0.02039    0.10203
38       0.02173    0.10386     0.02038    0.10200
39       0.02172    0.10383     0.02037    0.10198
40       0.02171    0.10380     0.02036    0.10196
41       0.02170    0.10377     0.02035    0.10194
42       0.02168    0.10375     0.02034    0.10193
43       0.02167    0.10372     0.02033    0.10191
44       0.02166    0.10369     0.02032    0.10189
45       0.02165    0.10367     0.02031    0.10188
46       0.02164    0.10365     0.02030    0.10186
47       0.02163    0.10363     0.02030    0.10185
48       0.02163    0.10361     0.02029    0.10184
49       0.02162    0.10359     0.02028    0.10182
50       0.02161    0.10357     0.02027    0.10181
51       0.02160    0.10355     0.02027    0.10180
52       0.02159    0.10353     0.02026    0.10179
53       0.02158    0.10351     0.02025    0.10178
54       0.02158    0.10350     0.02025    0.10177
55       0.02157    0.10348     0.02024    0.10176
56       0.02156    0.10347     0.02023    0.10175
57       0.02156    0.10346     0.02023    0.10174
58       0.02155    0.10344     0.02022    0.10174
59       0.02154    0.10343     0.02022    0.10173
60       0.02154    0.10342     0.02021    0.10172
61       0.02153    0.10341     0.02021    0.10172
62       0.02153    0.10340     0.02020    0.10171
63       0.02152    0.10339     0.02020    0.10170
64       0.02152    0.10338     0.02019    0.10170
65       0.02151    0.10337     0.02019    0.10169
66       0.02151    0.10336     0.02019    0.10169
67       0.02150    0.10335     0.02018    0.10168
68       0.02150    0.10334     0.02018    0.10168
69       0.02149    0.10333     0.02018    0.10167
70       0.02149    0.10333     0.02017    0.10167
71       0.02148    0.10332     0.02017    0.10167
72       0.02148    0.10331     0.02017    0.10166
73       0.02147    0.10331     0.02016    0.10166
74       0.02147    0.10330     0.02016    0.10165
75       0.02147    0.10329     0.02016    0.10165
76       0.02146    0.10329     0.02016    0.10165
77       0.02146    0.10328     0.02015    0.10165
78       0.02146    0.10328     0.02015    0.10164
79       0.02145    0.10327     0.02015    0.10164
80       0.02145    0.10327     0.02015    0.10164
81       0.02145    0.10326     0.02014    0.10164
82       0.02144    0.10326     0.02014    0.10163
83       0.02144    0.10326     0.02014    0.10163
84       0.02144    0.10325     0.02014    0.10163
85       0.02144    0.10325     0.02014    0.10163
86       0.02143    0.10325     0.02014    0.10163
87       0.02143    0.10324     0.02013    0.10163
88       0.02143    0.10324     0.02013    0.10162
89       0.02143    0.10324     0.02013    0.10162
90       0.02142    0.10324     0.02013    0.10162
91       0.02142    0.10323     0.02013    0.10162
92       0.02142    0.10323     0.02013    0.10162
93       0.02142    0.10323     0.02013    0.10162
94       0.02142    0.10323     0.02012    0.10162
95       0.02141    0.10323     0.02012    0.10162
96       0.02141    0.10322     0.02012    0.10162
97       0.02141    0.10322     0.02012    0.10162
98       0.02141    0.10322     0.02012    0.10162
99       0.02141    0.10322     0.02012    0.10162
100       0.02140    0.10322     0.02012    0.10162
101       0.02140    0.10322     0.02012    0.10162
102       0.02140    0.10322     0.02012    0.10162
103       0.02140    0.10322     0.02012    0.10162
104       0.02140    0.10321     0.02012    0.10162
105       0.02140    0.10321     0.02012    0.10162
106       0.02140    0.10321     0.02012    0.10162
107       0.02139    0.10321     0.02012    0.10163
108       0.02139    0.10321     0.02011    0.10163
109       0.02139    0.10321     0.02011    0.10163
110       0.02139    0.10321     0.02011    0.10163
111       0.02139    0.10321     0.02011    0.10163
112       0.02139    0.10321     0.02011    0.10163
113       0.02139    0.10321     0.02011    0.10163
114       0.02139    0.10321     0.02011    0.10163
115       0.02138    0.10321     0.02011    0.10164
116       0.02138    0.10321     0.02011    0.10164
117       0.02138    0.10321     0.02011    0.10164
118       0.02138    0.10321     0.02011    0.10164
119       0.02138    0.10321     0.02011    0.10164
120       0.02138    0.10321     0.02011    0.10164
121       0.02138    0.10321     0.02011    0.10164
122       0.02138    0.10321     0.02011    0.10165
123       0.02138    0.10321     0.02011    0.10165
124       0.02138    0.10321     0.02011    0.10165
125       0.02138    0.10321     0.02011    0.10165
126       0.02137    0.10321     0.02011    0.10165
127       0.02137    0.10321     0.02011    0.10165
128       0.02137    0.10321     0.02011    0.10165
129       0.02137    0.10321     0.02011    0.10166
130       0.02137    0.10321     0.02011    0.10166
131       0.02137    0.10321     0.02011    0.10166
132       0.02137    0.10321     0.02011    0.10166
133       0.02137    0.10321     0.02011    0.10166
134       0.02137    0.10321     0.02011    0.10166
135       0.02137    0.10321     0.02011    0.10167
136       0.02137    0.10321     0.02011    0.10167
137       0.02137    0.10321     0.02011    0.10167
138       0.02137    0.10321     0.02011    0.10167
139       0.02137    0.10321     0.02011    0.10167
140       0.02137    0.10321     0.02011    0.10167
141       0.02137    0.10322     0.02011    0.10168
142       0.02137    0.10322     0.02011    0.10168
143       0.02136    0.10322     0.02011    0.10168
144       0.02136    0.10322     0.02011    0.10168
145       0.02136    0.10322     0.02011    0.10168
146       0.02136    0.10322     0.02011    0.10168
147       0.02136    0.10322     0.02011    0.10168
148       0.02136    0.10322     0.02011    0.10169
149       0.02136    0.10322     0.02011    0.10169
150       0.02136    0.10322     0.02011    0.10169
151       0.02136    0.10322     0.02011    0.10169
152       0.02136    0.10322     0.02011    0.10169
153       0.02136    0.10322     0.02011    0.10169
154       0.02136    0.10322     0.02011    0.10169
155       0.02136    0.10322     0.02011    0.10170
156       0.02136    0.10322     0.02011    0.10170
157       0.02136    0.10322     0.02011    0.10170
158       0.02136    0.10323     0.02011    0.10170
159       0.02136    0.10323     0.02011    0.10170
160       0.02136    0.10323     0.02011    0.10170
161       0.02136    0.10323     0.02011    0.10170
162       0.02136    0.10323     0.02011    0.10171
163       0.02136    0.10323     0.02012    0.10171
164       0.02136    0.10323     0.02012    0.10171
165       0.02136    0.10323     0.02012    0.10171
166       0.02136    0.10323     0.02012    0.10171
167       0.02136    0.10323     0.02012    0.10171
168       0.02136    0.10323     0.02012    0.10171
169       0.02136    0.10323     0.02012    0.10172
170       0.02136    0.10323     0.02012    0.10172
171       0.02136    0.10323     0.02012    0.10172
172       0.02136    0.10324     0.02012    0.10172
173       0.02136    0.10324     0.02012    0.10172
174       0.02136    0.10324     0.02012    0.10172
175       0.02136    0.10324     0.02012    0.10172
176       0.02136    0.10324     0.02012    0.10173
177       0.02136    0.10324     0.02012    0.10173
178       0.02136    0.10324     0.02012    0.10173
179       0.02136    0.10324     0.02012    0.10173
180       0.02136    0.10324     0.02012    0.10173
181       0.02135    0.10324     0.02012    0.10173
182       0.02135    0.10324     0.02012    0.10173
183       0.02135    0.10324     0.02012    0.10173
184       0.02135    0.10324     0.02012    0.10174
185       0.02135    0.10324     0.02012    0.10174
186       0.02135    0.10324     0.02012    0.10174
187       0.02135    0.10325     0.02012    0.10174
188       0.02135    0.10325     0.02012    0.10174
189       0.02135    0.10325     0.02012    0.10174
190       0.02135    0.10325     0.02012    0.10174
191       0.02135    0.10325     0.02012    0.10174
192       0.02135    0.10325     0.02012    0.10175
193       0.02135    0.10325     0.02012    0.10175
194       0.02135    0.10325     0.02012    0.10175
195       0.02135    0.10325     0.02012    0.10175
196       0.02135    0.10325     0.02012    0.10175
197       0.02135    0.10325     0.02012    0.10175
198       0.02135    0.10325     0.02012    0.10175
199       0.02135    0.10325     0.02012    0.10175
200       0.02135    0.10325     0.02012    0.10175
201       0.02135    0.10326     0.02012    0.10176
202       0.02135    0.10326     0.02012    0.10176
203       0.02135    0.10326     0.02012    0.10176
204       0.02135    0.10326     0.02012    0.10176
205       0.02135    0.10326     0.02012    0.10176
206       0.02135    0.10326     0.02012    0.10176
207       0.02135    0.10326     0.02012    0.10176
208       0.02135    0.10326     0.02012    0.10176
209       0.02135    0.10326     0.02013    0.10176
210       0.02135    0.10326     0.02013    0.10177
211       0.02135    0.10326     0.02013    0.10177
212       0.02135    0.10326     0.02013    0.10177
213       0.02135    0.10326     0.02013    0.10177
214       0.02135    0.10326     0.02013    0.10177
215       0.02135    0.10326     0.02013    0.10177
216       0.02135    0.10327     0.02013    0.10177
217       0.02135    0.10327     0.02013    0.10177
218       0.02135    0.10327     0.02013    0.10177
219       0.02135    0.10327     0.02013    0.10178
220       0.02135    0.10327     0.02013    0.10178
221       0.02135    0.10327     0.02013    0.10178
222       0.02135    0.10327     0.02013    0.10178
223       0.02135    0.10327     0.02013    0.10178
224       0.02135    0.10327     0.02013    0.10178
225       0.02135    0.10327     0.02013    0.10178
226       0.02135    0.10327     0.02013    0.10178
227       0.02135    0.10327     0.02013    0.10178
228       0.02135    0.10327     0.02013    0.10178
229       0.02135    0.10327     0.02013    0.10178
230       0.02135    0.10327     0.02013    0.10178
231       0.02135    0.10327     0.02013    0.10179
232       0.02135    0.10327     0.02013    0.10179
233       0.02135    0.10328     0.02013    0.10179
234       0.02135    0.10328     0.02013    0.10179
235       0.02135    0.10328     0.02013    0.10179
236       0.02135    0.10328     0.02013    0.10179
237       0.02135    0.10328     0.02013    0.10179
238       0.02135    0.10328     0.02013    0.10179
239       0.02135    0.10328     0.02013    0.10179
240       0.02135    0.10328     0.02013    0.10179
241       0.02135    0.10328     0.02013    0.10179
242       0.02135    0.10328     0.02013    0.10180
243       0.02135    0.10328     0.02013    0.10180    0.02204    0.10300