Ciclo   TrainMSE   TrainMAE   ValidMSE   ValidMAE   TestMSE     TestMAE
----------------------------------------------------------------------- 
0       0.03450    0.13849     0.03376    0.13756
1       0.02979    0.12625     0.02857    0.12421
2       0.02770    0.12046     0.02632    0.11802
3       0.02659    0.11752     0.02516    0.11507
4       0.02590    0.11578     0.02446    0.11331
5       0.02540    0.11455     0.02396    0.11208
6       0.02501    0.11362     0.02359    0.11112
7       0.02469    0.11289     0.02328    0.11036
8       0.02443    0.11229     0.02303    0.10978
9       0.02421    0.11178     0.02281    0.10930
10       0.02403    0.11137     0.02263    0.10892
11       0.02387    0.11102     0.02248    0.10860
12       0.02373    0.11073     0.02235    0.10832
13       0.02361    0.11047     0.02223    0.10809
14       0.02351    0.11025     0.02213    0.10788
15       0.02342    0.11005     0.02204    0.10769
16       0.02333    0.10988     0.02196    0.10751
17       0.02326    0.10972     0.02189    0.10736
18       0.02320    0.10958     0.02182    0.10722
19       0.02314    0.10945     0.02177    0.10709
20       0.02308    0.10933     0.02171    0.10697
21       0.02303    0.10921     0.02166    0.10687
22       0.02298    0.10911     0.02161    0.10676
23       0.02294    0.10900     0.02157    0.10666
24       0.02290    0.10891     0.02153    0.10656
25       0.02286    0.10881     0.02149    0.10647
26       0.02282    0.10872     0.02145    0.10637
27       0.02278    0.10863     0.02141    0.10629
28       0.02275    0.10854     0.02138    0.10620
29       0.02271    0.10846     0.02134    0.10611
30       0.02268    0.10837     0.02131    0.10602
31       0.02265    0.10829     0.02128    0.10594
32       0.02262    0.10821     0.02125    0.10586
33       0.02259    0.10813     0.02122    0.10578
34       0.02256    0.10805     0.02119    0.10570
35       0.02253    0.10798     0.02116    0.10562
36       0.02250    0.10790     0.02113    0.10554
37       0.02248    0.10783     0.02110    0.10547
38       0.02245    0.10775     0.02108    0.10540
39       0.02242    0.10768     0.02105    0.10532
40       0.02240    0.10761     0.02102    0.10525
41       0.02237    0.10754     0.02100    0.10518
42       0.02235    0.10747     0.02097    0.10511
43       0.02233    0.10740     0.02095    0.10504
44       0.02230    0.10733     0.02092    0.10498
45       0.02228    0.10726     0.02090    0.10491
46       0.02226    0.10720     0.02088    0.10485
47       0.02224    0.10713     0.02086    0.10479
48       0.02221    0.10707     0.02083    0.10473
49       0.02219    0.10701     0.02081    0.10467
50       0.02217    0.10694     0.02079    0.10461
51       0.02215    0.10688     0.02077    0.10456
52       0.02213    0.10682     0.02075    0.10450
53       0.02211    0.10676     0.02073    0.10444
54       0.02209    0.10670     0.02071    0.10439
55       0.02207    0.10665     0.02069    0.10434
56       0.02205    0.10659     0.02067    0.10429
57       0.02203    0.10653     0.02065    0.10423
58       0.02202    0.10648     0.02063    0.10418
59       0.02200    0.10643     0.02061    0.10414
60       0.02198    0.10637     0.02060    0.10409
61       0.02196    0.10632     0.02058    0.10404
62       0.02195    0.10627     0.02056    0.10400
63       0.02193    0.10622     0.02055    0.10395
64       0.02191    0.10617     0.02053    0.10391
65       0.02190    0.10612     0.02051    0.10387
66       0.02188    0.10607     0.02050    0.10383
67       0.02187    0.10602     0.02048    0.10379
68       0.02185    0.10598     0.02047    0.10375
69       0.02184    0.10593     0.02045    0.10371
70       0.02182    0.10588     0.02044    0.10367
71       0.02181    0.10584     0.02042    0.10364
72       0.02179    0.10579     0.02041    0.10360
73       0.02178    0.10575     0.02039    0.10357
74       0.02176    0.10571     0.02038    0.10353
75       0.02175    0.10566     0.02037    0.10350
76       0.02174    0.10562     0.02035    0.10346
77       0.02172    0.10558     0.02034    0.10343
78       0.02171    0.10554     0.02033    0.10340
79       0.02170    0.10550     0.02031    0.10337
80       0.02169    0.10546     0.02030    0.10334
81       0.02167    0.10542     0.02029    0.10331
82       0.02166    0.10539     0.02028    0.10328
83       0.02165    0.10535     0.02027    0.10325
84       0.02164    0.10531     0.02025    0.10322
85       0.02163    0.10528     0.02024    0.10319
86       0.02161    0.10525     0.02023    0.10316
87       0.02160    0.10521     0.02022    0.10314
88       0.02159    0.10518     0.02021    0.10311
89       0.02158    0.10515     0.02020    0.10308
90       0.02157    0.10512     0.02019    0.10305
91       0.02156    0.10509     0.02018    0.10303
92       0.02155    0.10505     0.02017    0.10300
93       0.02154    0.10502     0.02016    0.10298
94       0.02153    0.10500     0.02015    0.10296
95       0.02152    0.10497     0.02014    0.10293
96       0.02151    0.10494     0.02013    0.10291
97       0.02150    0.10491     0.02012    0.10288
98       0.02149    0.10488     0.02012    0.10286
99       0.02148    0.10486     0.02011    0.10284
100       0.02148    0.10483     0.02010    0.10282
101       0.02147    0.10480     0.02009    0.10280
102       0.02146    0.10478     0.02008    0.10278
103       0.02145    0.10475     0.02007    0.10275
104       0.02144    0.10473     0.02007    0.10273
105       0.02143    0.10470     0.02006    0.10271
106       0.02143    0.10468     0.02005    0.10270
107       0.02142    0.10466     0.02004    0.10268
108       0.02141    0.10463     0.02004    0.10266
109       0.02140    0.10461     0.02003    0.10264
110       0.02139    0.10459     0.02002    0.10262
111       0.02139    0.10457     0.02001    0.10261
112       0.02138    0.10455     0.02001    0.10259
113       0.02137    0.10452     0.02000    0.10257
114       0.02137    0.10450     0.02000    0.10256
115       0.02136    0.10448     0.01999    0.10254
116       0.02135    0.10446     0.01998    0.10253
117       0.02135    0.10444     0.01998    0.10251
118       0.02134    0.10443     0.01997    0.10250
119       0.02133    0.10441     0.01996    0.10248
120       0.02133    0.10439     0.01996    0.10247
121       0.02132    0.10437     0.01995    0.10246
122       0.02131    0.10435     0.01995    0.10244
123       0.02131    0.10433     0.01994    0.10243
124       0.02130    0.10432     0.01994    0.10242
125       0.02130    0.10430     0.01993    0.10241
126       0.02129    0.10429     0.01993    0.10240
127       0.02128    0.10427     0.01992    0.10238
128       0.02128    0.10425     0.01992    0.10237
129       0.02127    0.10424     0.01991    0.10236
130       0.02127    0.10422     0.01991    0.10235
131       0.02126    0.10421     0.01990    0.10234
132       0.02126    0.10419     0.01990    0.10233
133       0.02125    0.10418     0.01989    0.10232
134       0.02125    0.10416     0.01989    0.10231
135       0.02124    0.10415     0.01989    0.10230
136       0.02124    0.10414     0.01988    0.10229
137       0.02123    0.10412     0.01988    0.10228
138       0.02123    0.10411     0.01987    0.10227
139       0.02122    0.10410     0.01987    0.10226
140       0.02122    0.10408     0.01986    0.10225
141       0.02122    0.10407     0.01986    0.10224
142       0.02121    0.10406     0.01986    0.10223
143       0.02121    0.10405     0.01985    0.10223
144       0.02120    0.10404     0.01985    0.10222
145       0.02120    0.10402     0.01985    0.10221
146       0.02119    0.10401     0.01984    0.10220
147       0.02119    0.10400     0.01984    0.10219
148       0.02119    0.10399     0.01984    0.10219
149       0.02118    0.10398     0.01983    0.10218
150       0.02118    0.10397     0.01983    0.10217
151       0.02118    0.10396     0.01983    0.10216
152       0.02117    0.10395     0.01982    0.10216
153       0.02117    0.10394     0.01982    0.10215
154       0.02116    0.10393     0.01982    0.10215
155       0.02116    0.10392     0.01982    0.10214
156       0.02116    0.10391     0.01981    0.10213
157       0.02115    0.10390     0.01981    0.10213
158       0.02115    0.10389     0.01981    0.10212
159       0.02115    0.10388     0.01980    0.10212
160       0.02114    0.10387     0.01980    0.10211
161       0.02114    0.10386     0.01980    0.10210
162       0.02114    0.10385     0.01980    0.10210
163       0.02114    0.10385     0.01980    0.10209
164       0.02113    0.10384     0.01979    0.10209
165       0.02113    0.10383     0.01979    0.10208
166       0.02113    0.10382     0.01979    0.10208
167       0.02112    0.10382     0.01979    0.10207
168       0.02112    0.10381     0.01978    0.10207
169       0.02112    0.10380     0.01978    0.10206
170       0.02112    0.10379     0.01978    0.10206
171       0.02111    0.10379     0.01978    0.10205
172       0.02111    0.10378     0.01978    0.10205
173       0.02111    0.10377     0.01977    0.10204
174       0.02111    0.10377     0.01977    0.10204
175       0.02110    0.10376     0.01977    0.10203
176       0.02110    0.10375     0.01977    0.10203
177       0.02110    0.10375     0.01977    0.10203
178       0.02110    0.10374     0.01976    0.10202
179       0.02109    0.10374     0.01976    0.10202
180       0.02109    0.10373     0.01976    0.10201
181       0.02109    0.10373     0.01976    0.10201
182       0.02109    0.10372     0.01976    0.10201
183       0.02108    0.10371     0.01976    0.10200
184       0.02108    0.10371     0.01976    0.10200
185       0.02108    0.10370     0.01975    0.10200
186       0.02108    0.10370     0.01975    0.10199
187       0.02108    0.10369     0.01975    0.10199
188       0.02107    0.10369     0.01975    0.10199
189       0.02107    0.10369     0.01975    0.10198
190       0.02107    0.10368     0.01975    0.10198
191       0.02107    0.10368     0.01975    0.10198
192       0.02107    0.10367     0.01974    0.10197
193       0.02106    0.10367     0.01974    0.10197
194       0.02106    0.10366     0.01974    0.10197
195       0.02106    0.10366     0.01974    0.10197
196       0.02106    0.10366     0.01974    0.10196
197       0.02106    0.10365     0.01974    0.10196
198       0.02106    0.10365     0.01974    0.10196
199       0.02105    0.10365     0.01974    0.10195
200       0.02105    0.10364     0.01974    0.10195
201       0.02105    0.10364     0.01973    0.10195
202       0.02105    0.10364     0.01973    0.10195
203       0.02105    0.10363     0.01973    0.10194
204       0.02105    0.10363     0.01973    0.10194
205       0.02105    0.10363     0.01973    0.10194
206       0.02104    0.10362     0.01973    0.10194
207       0.02104    0.10362     0.01973    0.10193
208       0.02104    0.10362     0.01973    0.10193
209       0.02104    0.10361     0.01973    0.10193
210       0.02104    0.10361     0.01973    0.10193
211       0.02104    0.10361     0.01973    0.10193
212       0.02104    0.10360     0.01973    0.10192
213       0.02103    0.10360     0.01972    0.10192
214       0.02103    0.10360     0.01972    0.10192
215       0.02103    0.10360     0.01972    0.10192
216       0.02103    0.10359     0.01972    0.10192
217       0.02103    0.10359     0.01972    0.10191
218       0.02103    0.10359     0.01972    0.10191
219       0.02103    0.10359     0.01972    0.10191
220       0.02103    0.10358     0.01972    0.10191
221       0.02102    0.10358     0.01972    0.10191
222       0.02102    0.10358     0.01972    0.10191
223       0.02102    0.10358     0.01972    0.10190
224       0.02102    0.10358     0.01972    0.10190
225       0.02102    0.10357     0.01972    0.10190
226       0.02102    0.10357     0.01972    0.10190
227       0.02102    0.10357     0.01972    0.10190
228       0.02102    0.10357     0.01972    0.10190
229       0.02102    0.10357     0.01972    0.10190
230       0.02102    0.10356     0.01972    0.10189
231       0.02101    0.10356     0.01972    0.10189
232       0.02101    0.10356     0.01971    0.10189
233       0.02101    0.10356     0.01971    0.10189
234       0.02101    0.10356     0.01971    0.10189
235       0.02101    0.10355     0.01971    0.10189
236       0.02101    0.10355     0.01971    0.10189
237       0.02101    0.10355     0.01971    0.10189
238       0.02101    0.10355     0.01971    0.10189
239       0.02101    0.10355     0.01971    0.10189
240       0.02101    0.10355     0.01971    0.10188
241       0.02101    0.10355     0.01971    0.10188
242       0.02101    0.10354     0.01971    0.10188
243       0.02100    0.10354     0.01971    0.10188
244       0.02100    0.10354     0.01971    0.10188
245       0.02100    0.10354     0.01971    0.10188
246       0.02100    0.10354     0.01971    0.10188
247       0.02100    0.10354     0.01971    0.10188
248       0.02100    0.10354     0.01971    0.10188
249       0.02100    0.10353     0.01971    0.10188
250       0.02100    0.10353     0.01971    0.10188
251       0.02100    0.10353     0.01971    0.10188
252       0.02100    0.10353     0.01971    0.10188
253       0.02100    0.10353     0.01971    0.10188
254       0.02100    0.10353     0.01971    0.10188
255       0.02100    0.10353     0.01971    0.10188
256       0.02100    0.10353     0.01971    0.10188
257       0.02100    0.10352     0.01971    0.10188
258       0.02099    0.10352     0.01971    0.10188
259       0.02099    0.10352     0.01971    0.10187
260       0.02099    0.10352     0.01971    0.10187
261       0.02099    0.10352     0.01971    0.10187
262       0.02099    0.10352     0.01971    0.10187
263       0.02099    0.10352     0.01971    0.10187
264       0.02099    0.10352     0.01971    0.10187
265       0.02099    0.10352     0.01971    0.10187
266       0.02099    0.10352     0.01971    0.10187
267       0.02099    0.10352     0.01971    0.10187
268       0.02099    0.10351     0.01971    0.10187
269       0.02099    0.10351     0.01971    0.10187
270       0.02099    0.10351     0.01971    0.10187
271       0.02099    0.10351     0.01971    0.10187
272       0.02099    0.10351     0.01971    0.10187
273       0.02099    0.10351     0.01971    0.10187
274       0.02099    0.10351     0.01971    0.10187
275       0.02099    0.10351     0.01971    0.10187
276       0.02099    0.10351     0.01971    0.10187
277       0.02098    0.10351     0.01971    0.10187
278       0.02098    0.10351     0.01971    0.10187
279       0.02098    0.10351     0.01971    0.10187
280       0.02098    0.10351     0.01971    0.10187
281       0.02098    0.10351     0.01971    0.10187
282       0.02098    0.10351     0.01971    0.10187
283       0.02098    0.10351     0.01971    0.10187
284       0.02098    0.10351     0.01971    0.10187
285       0.02098    0.10350     0.01971    0.10187
286       0.02098    0.10350     0.01971    0.10187
287       0.02098    0.10350     0.01971    0.10187
288       0.02098    0.10350     0.01971    0.10187
289       0.02098    0.10350     0.01971    0.10187
290       0.02098    0.10350     0.01971    0.10187
291       0.02098    0.10350     0.01971    0.10187
292       0.02098    0.10350     0.01971    0.10187
293       0.02098    0.10350     0.01971    0.10187
294       0.02098    0.10350     0.01971    0.10187
295       0.02098    0.10350     0.01971    0.10187
296       0.02098    0.10350     0.01971    0.10187
297       0.02098    0.10350     0.01971    0.10187
298       0.02098    0.10350     0.01971    0.10187
299       0.02098    0.10350     0.01971    0.10187
300       0.02098    0.10350     0.01971    0.10187
301       0.02098    0.10350     0.01971    0.10187
302       0.02098    0.10350     0.01971    0.10187
303       0.02098    0.10350     0.01971    0.10187
304       0.02098    0.10350     0.01971    0.10187
305       0.02098    0.10350     0.01971    0.10187
306       0.02098    0.10350     0.01971    0.10187
307       0.02098    0.10350     0.01971    0.10187
308       0.02097    0.10350     0.01971    0.10187
309       0.02097    0.10350     0.01971    0.10187
310       0.02097    0.10350     0.01971    0.10187
311       0.02097    0.10350     0.01971    0.10187
312       0.02097    0.10350     0.01971    0.10187
313       0.02097    0.10350     0.01971    0.10187
314       0.02097    0.10350     0.01971    0.10187
315       0.02097    0.10350     0.01971    0.10187
316       0.02097    0.10350     0.01971    0.10187
317       0.02097    0.10350     0.01971    0.10187
318       0.02097    0.10350     0.01971    0.10187
319       0.02097    0.10350     0.01971    0.10187
320       0.02097    0.10350     0.01971    0.10187
321       0.02097    0.10350     0.01971    0.10187
322       0.02097    0.10350     0.01971    0.10187
323       0.02097    0.10350     0.01971    0.10187
324       0.02097    0.10350     0.01971    0.10187
325       0.02097    0.10350     0.01971    0.10187
326       0.02097    0.10350     0.01971    0.10187
327       0.02097    0.10350     0.01971    0.10187
328       0.02097    0.10350     0.01971    0.10187
329       0.02097    0.10350     0.01971    0.10187
330       0.02097    0.10350     0.01971    0.10187
331       0.02097    0.10350     0.01971    0.10187
332       0.02097    0.10350     0.01971    0.10187
333       0.02097    0.10350     0.01971    0.10187
334       0.02097    0.10350     0.01971    0.10187
335       0.02097    0.10350     0.01971    0.10187
336       0.02097    0.10350     0.01971    0.10187
337       0.02097    0.10350     0.01971    0.10187
338       0.02097    0.10350     0.01971    0.10187
339       0.02097    0.10350     0.01971    0.10187
340       0.02097    0.10350     0.01971    0.10187
341       0.02097    0.10350     0.01971    0.10188
342       0.02097    0.10350     0.01971    0.10188
343       0.02097    0.10350     0.01971    0.10188
344       0.02097    0.10350     0.01971    0.10188
345       0.02097    0.10350     0.01971    0.10188
346       0.02097    0.10350     0.01971    0.10188
347       0.02097    0.10350     0.01971    0.10188
348       0.02097    0.10350     0.01971    0.10188
349       0.02097    0.10350     0.01971    0.10188
350       0.02097    0.10350     0.01971    0.10188
351       0.02097    0.10350     0.01971    0.10188
352       0.02097    0.10350     0.01972    0.10188
353       0.02097    0.10350     0.01972    0.10188
354       0.02097    0.10350     0.01972    0.10188
355       0.02097    0.10350     0.01972    0.10188
356       0.02097    0.10350     0.01972    0.10188
357       0.02097    0.10350     0.01972    0.10188
358       0.02097    0.10350     0.01972    0.10188
359       0.02097    0.10350     0.01972    0.10188
360       0.02097    0.10350     0.01972    0.10188
361       0.02097    0.10350     0.01972    0.10188
362       0.02097    0.10350     0.01972    0.10188
363       0.02097    0.10350     0.01972    0.10189
364       0.02097    0.10350     0.01972    0.10189
365       0.02097    0.10350     0.01972    0.10189
366       0.02097    0.10350     0.01972    0.10189
367       0.02097    0.10350     0.01972    0.10189
368       0.02097    0.10350     0.01972    0.10189
369       0.02097    0.10350     0.01972    0.10189
370       0.02097    0.10350     0.01972    0.10189
371       0.02097    0.10350     0.01972    0.10189
372       0.02097    0.10350     0.01972    0.10189
373       0.02097    0.10350     0.01972    0.10189
374       0.02097    0.10350     0.01972    0.10189
375       0.02097    0.10350     0.01972    0.10189
376       0.02097    0.10350     0.01972    0.10189
377       0.02097    0.10350     0.01972    0.10189
378       0.02097    0.10350     0.01972    0.10189
379       0.02097    0.10350     0.01972    0.10189
380       0.02097    0.10350     0.01972    0.10189
381       0.02097    0.10350     0.01972    0.10189
382       0.02096    0.10350     0.01972    0.10189
383       0.02096    0.10350     0.01972    0.10189
384       0.02096    0.10350     0.01972    0.10189
385       0.02096    0.10350     0.01972    0.10190
386       0.02096    0.10350     0.01972    0.10190
387       0.02096    0.10350     0.01972    0.10190
388       0.02096    0.10350     0.01972    0.10190
389       0.02096    0.10350     0.01972    0.10190
390       0.02096    0.10350     0.01972    0.10190
391       0.02096    0.10350     0.01972    0.10190
392       0.02096    0.10350     0.01972    0.10190
393       0.02096    0.10350     0.01972    0.10190
394       0.02096    0.10350     0.01972    0.10190
395       0.02096    0.10350     0.01972    0.10190
396       0.02096    0.10350     0.01972    0.10190
397       0.02096    0.10350     0.01972    0.10190
398       0.02096    0.10350     0.01972    0.10190
399       0.02096    0.10350     0.01972    0.10190
400       0.02096    0.10350     0.01972    0.10190
401       0.02096    0.10350     0.01972    0.10190
402       0.02096    0.10351     0.01972    0.10190
403       0.02096    0.10351     0.01972    0.10190
404       0.02096    0.10351     0.01972    0.10190
405       0.02096    0.10351     0.01972    0.10190
406       0.02096    0.10351     0.01972    0.10190
407       0.02096    0.10351     0.01972    0.10190
408       0.02096    0.10351     0.01972    0.10191
409       0.02096    0.10351     0.01972    0.10191
410       0.02096    0.10351     0.01972    0.10191
411       0.02096    0.10351     0.01972    0.10191
412       0.02096    0.10351     0.01972    0.10191
413       0.02096    0.10351     0.01972    0.10191
414       0.02096    0.10351     0.01972    0.10191
415       0.02096    0.10351     0.01972    0.10191
416       0.02096    0.10351     0.01972    0.10191
417       0.02096    0.10351     0.01973    0.10191
418       0.02096    0.10351     0.01973    0.10191
419       0.02096    0.10351     0.01973    0.10191
420       0.02096    0.10351     0.01973    0.10191
421       0.02096    0.10351     0.01973    0.10191
422       0.02096    0.10351     0.01973    0.10191
423       0.02096    0.10351     0.01973    0.10191
424       0.02096    0.10351     0.01973    0.10191
425       0.02096    0.10351     0.01973    0.10191
426       0.02096    0.10351     0.01973    0.10191
427       0.02096    0.10351     0.01973    0.10191
428       0.02096    0.10351     0.01973    0.10191
429       0.02096    0.10351     0.01973    0.10191
430       0.02096    0.10351     0.01973    0.10191
431       0.02096    0.10351     0.01973    0.10191
432       0.02096    0.10351     0.01973    0.10191
433       0.02096    0.10351     0.01973    0.10191
434       0.02096    0.10351     0.01973    0.10192
435       0.02096    0.10351     0.01973    0.10192
436       0.02096    0.10351     0.01973    0.10192
437       0.02096    0.10351     0.01973    0.10192
438       0.02096    0.10351     0.01973    0.10192
439       0.02096    0.10351     0.01973    0.10192
440       0.02096    0.10351     0.01973    0.10192
441       0.02096    0.10351     0.01973    0.10192
442       0.02096    0.10351     0.01973    0.10192
443       0.02096    0.10351     0.01973    0.10192
444       0.02096    0.10351     0.01973    0.10192
445       0.02096    0.10351     0.01973    0.10192
446       0.02096    0.10351     0.01973    0.10192
447       0.02096    0.10351     0.01973    0.10192
448       0.02096    0.10351     0.01973    0.10192
449       0.02096    0.10351     0.01973    0.10192
450       0.02096    0.10351     0.01973    0.10192
451       0.02096    0.10351     0.01973    0.10192
452       0.02096    0.10351     0.01973    0.10192
453       0.02096    0.10351     0.01973    0.10192
454       0.02096    0.10351     0.01973    0.10192
455       0.02096    0.10351     0.01973    0.10192
456       0.02096    0.10351     0.01973    0.10192
457       0.02096    0.10351     0.01973    0.10192
458       0.02096    0.10351     0.01973    0.10192
459       0.02096    0.10351     0.01973    0.10192
460       0.02096    0.10351     0.01973    0.10192
461       0.02096    0.10351     0.01973    0.10192
462       0.02096    0.10352     0.01973    0.10192
463       0.02096    0.10352     0.01973    0.10193
464       0.02096    0.10352     0.01973    0.10193
465       0.02096    0.10352     0.01973    0.10193
466       0.02096    0.10352     0.01973    0.10193
467       0.02096    0.10352     0.01973    0.10193
468       0.02096    0.10352     0.01973    0.10193
469       0.02096    0.10352     0.01973    0.10193
470       0.02096    0.10352     0.01973    0.10193
471       0.02096    0.10352     0.01973    0.10193
472       0.02096    0.10352     0.01973    0.10193
473       0.02096    0.10352     0.01973    0.10193
474       0.02096    0.10352     0.01973    0.10193
475       0.02096    0.10352     0.01973    0.10193
476       0.02096    0.10352     0.01973    0.10193
477       0.02096    0.10352     0.01973    0.10193
478       0.02096    0.10352     0.01973    0.10193
479       0.02096    0.10352     0.01973    0.10193
480       0.02096    0.10352     0.01973    0.10193
481       0.02096    0.10352     0.01973    0.10193
482       0.02096    0.10352     0.01973    0.10193
483       0.02096    0.10352     0.01973    0.10193
484       0.02096    0.10352     0.01973    0.10193
485       0.02096    0.10352     0.01973    0.10193
486       0.02096    0.10352     0.01973    0.10193
487       0.02096    0.10352     0.01973    0.10193
488       0.02096    0.10352     0.01973    0.10193
489       0.02096    0.10352     0.01973    0.10193
490       0.02096    0.10352     0.01973    0.10193
491       0.02096    0.10352     0.01973    0.10193
492       0.02096    0.10352     0.01973    0.10193
493       0.02096    0.10352     0.01973    0.10193
494       0.02096    0.10352     0.01973    0.10193
495       0.02096    0.10352     0.01973    0.10194
496       0.02096    0.10352     0.01973    0.10194
497       0.02096    0.10352     0.01973    0.10194
498       0.02096    0.10352     0.01973    0.10194
499       0.02096    0.10352     0.01974    0.10194
500       0.02096    0.10352     0.01974    0.10194
501       0.02096    0.10352     0.01974    0.10194
502       0.02096    0.10352     0.01974    0.10194
503       0.02096    0.10352     0.01974    0.10194
504       0.02096    0.10352     0.01974    0.10194
505       0.02096    0.10352     0.01974    0.10194
506       0.02096    0.10352     0.01974    0.10194
507       0.02096    0.10352     0.01974    0.10194
508       0.02096    0.10352     0.01974    0.10194
509       0.02096    0.10352     0.01974    0.10194
510       0.02096    0.10352     0.01974    0.10194
511       0.02096    0.10352     0.01974    0.10194
512       0.02096    0.10352     0.01974    0.10194
513       0.02096    0.10352     0.01974    0.10194
514       0.02096    0.10352     0.01974    0.10194
515       0.02096    0.10352     0.01974    0.10194
516       0.02096    0.10352     0.01974    0.10194
517       0.02096    0.10352     0.01974    0.10194
518       0.02096    0.10352     0.01974    0.10194
519       0.02096    0.10352     0.01974    0.10194
520       0.02096    0.10352     0.01974    0.10194
521       0.02096    0.10352     0.01974    0.10194
522       0.02096    0.10352     0.01974    0.10194
523       0.02096    0.10352     0.01974    0.10194
524       0.02096    0.10353     0.01974    0.10194
525       0.02096    0.10353     0.01974    0.10194
526       0.02096    0.10353     0.01974    0.10194
527       0.02096    0.10353     0.01974    0.10194
528       0.02096    0.10353     0.01974    0.10194
529       0.02096    0.10353     0.01974    0.10194
530       0.02096    0.10353     0.01974    0.10194
531       0.02096    0.10353     0.01974    0.10195
532       0.02096    0.10353     0.01974    0.10195
533       0.02096    0.10353     0.01974    0.10195
534       0.02096    0.10353     0.01974    0.10195
535       0.02096    0.10353     0.01974    0.10195
536       0.02096    0.10353     0.01974    0.10195
537       0.02096    0.10353     0.01974    0.10195
538       0.02096    0.10353     0.01974    0.10195
539       0.02096    0.10353     0.01974    0.10195
540       0.02096    0.10353     0.01974    0.10195
541       0.02096    0.10353     0.01974    0.10195
542       0.02096    0.10353     0.01974    0.10195
543       0.02096    0.10353     0.01974    0.10195
544       0.02096    0.10353     0.01974    0.10195
545       0.02096    0.10353     0.01974    0.10195
546       0.02096    0.10353     0.01974    0.10195
547       0.02096    0.10353     0.01974    0.10195
548       0.02096    0.10353     0.01974    0.10195
549       0.02096    0.10353     0.01974    0.10195
550       0.02096    0.10353     0.01974    0.10195
551       0.02096    0.10353     0.01974    0.10195
552       0.02096    0.10353     0.01974    0.10195
553       0.02096    0.10353     0.01974    0.10195
554       0.02096    0.10353     0.01974    0.10195
555       0.02096    0.10353     0.01974    0.10195
556       0.02096    0.10353     0.01974    0.10195
557       0.02096    0.10353     0.01974    0.10195
558       0.02096    0.10353     0.01974    0.10195
559       0.02096    0.10353     0.01974    0.10195
560       0.02096    0.10353     0.01974    0.10195
561       0.02096    0.10353     0.01974    0.10195
562       0.02096    0.10353     0.01974    0.10195
563       0.02096    0.10353     0.01974    0.10195
564       0.02096    0.10353     0.01974    0.10195
565       0.02096    0.10353     0.01974    0.10195
566       0.02096    0.10353     0.01974    0.10195
567       0.02096    0.10353     0.01974    0.10195
568       0.02096    0.10353     0.01974    0.10195
569       0.02096    0.10353     0.01974    0.10195
570       0.02096    0.10353     0.01974    0.10195
571       0.02096    0.10353     0.01974    0.10195
572       0.02096    0.10353     0.01974    0.10195
573       0.02096    0.10353     0.01974    0.10196
574       0.02096    0.10353     0.01974    0.10196
575       0.02096    0.10353     0.01974    0.10196
576       0.02096    0.10353     0.01974    0.10196
577       0.02096    0.10353     0.01974    0.10196
578       0.02096    0.10353     0.01974    0.10196
579       0.02096    0.10353     0.01974    0.10196
580       0.02096    0.10353     0.01974    0.10196
581       0.02096    0.10353     0.01974    0.10196
582       0.02096    0.10353     0.01974    0.10196
583       0.02096    0.10353     0.01974    0.10196
584       0.02096    0.10353     0.01974    0.10196
585       0.02096    0.10353     0.01974    0.10196
586       0.02096    0.10353     0.01974    0.10196
587       0.02096    0.10353     0.01974    0.10196
588       0.02096    0.10353     0.01974    0.10196
589       0.02096    0.10353     0.01974    0.10196
590       0.02096    0.10353     0.01974    0.10196
591       0.02096    0.10354     0.01974    0.10196
592       0.02096    0.10354     0.01974    0.10196
593       0.02096    0.10354     0.01974    0.10196
594       0.02096    0.10354     0.01974    0.10196
595       0.02096    0.10354     0.01974    0.10196
596       0.02096    0.10354     0.01974    0.10196
597       0.02096    0.10354     0.01974    0.10196
598       0.02096    0.10354     0.01974    0.10196
599       0.02096    0.10354     0.01974    0.10196
600       0.02096    0.10354     0.01974    0.10196
601       0.02096    0.10354     0.01974    0.10196
602       0.02096    0.10354     0.01974    0.10196
603       0.02096    0.10354     0.01974    0.10196
604       0.02096    0.10354     0.01974    0.10196
605       0.02096    0.10354     0.01974    0.10196
606       0.02096    0.10354     0.01974    0.10196
607       0.02096    0.10354     0.01974    0.10196
608       0.02096    0.10354     0.01974    0.10196
609       0.02096    0.10354     0.01974    0.10196
610       0.02096    0.10354     0.01974    0.10196
611       0.02096    0.10354     0.01974    0.10196
612       0.02096    0.10354     0.01974    0.10196
613       0.02096    0.10354     0.01974    0.10196
614       0.02096    0.10354     0.01974    0.10196
615       0.02096    0.10354     0.01974    0.10196
616       0.02096    0.10354     0.01974    0.10196
617       0.02096    0.10354     0.01974    0.10196
618       0.02096    0.10354     0.01974    0.10196
619       0.02096    0.10354     0.01974    0.10196
620       0.02096    0.10354     0.01974    0.10196
621       0.02096    0.10354     0.01974    0.10196
622       0.02096    0.10354     0.01974    0.10196
623       0.02096    0.10354     0.01974    0.10196
624       0.02096    0.10354     0.01974    0.10197
625       0.02096    0.10354     0.01974    0.10197
626       0.02096    0.10354     0.01974    0.10197
627       0.02096    0.10354     0.01974    0.10197
628       0.02096    0.10354     0.01974    0.10197
629       0.02096    0.10354     0.01974    0.10197
630       0.02096    0.10354     0.01974    0.10197
631       0.02096    0.10354     0.01974    0.10197
632       0.02096    0.10354     0.01974    0.10197
633       0.02096    0.10354     0.01974    0.10197
634       0.02096    0.10354     0.01974    0.10197
635       0.02096    0.10354     0.01974    0.10197
636       0.02096    0.10354     0.01974    0.10197
637       0.02096    0.10354     0.01974    0.10197
638       0.02096    0.10354     0.01975    0.10197
639       0.02096    0.10354     0.01975    0.10197
640       0.02096    0.10354     0.01975    0.10197
641       0.02096    0.10354     0.01975    0.10197
642       0.02096    0.10354     0.01975    0.10197
643       0.02096    0.10354     0.01975    0.10197
644       0.02096    0.10354     0.01975    0.10197
645       0.02096    0.10354     0.01975    0.10197
646       0.02096    0.10354     0.01975    0.10197
647       0.02096    0.10354     0.01975    0.10197
648       0.02096    0.10354     0.01975    0.10197
649       0.02096    0.10354     0.01975    0.10197
650       0.02096    0.10354     0.01975    0.10197
651       0.02096    0.10354     0.01975    0.10197
652       0.02096    0.10354     0.01975    0.10197
653       0.02096    0.10354     0.01975    0.10197
654       0.02096    0.10354     0.01975    0.10197
655       0.02096    0.10354     0.01975    0.10197
656       0.02096    0.10354     0.01975    0.10197
657       0.02096    0.10354     0.01975    0.10197
658       0.02096    0.10354     0.01975    0.10197
659       0.02096    0.10354     0.01975    0.10197
660       0.02096    0.10354     0.01975    0.10197
661       0.02096    0.10354     0.01975    0.10197
662       0.02096    0.10354     0.01975    0.10197
663       0.02096    0.10354     0.01975    0.10197
664       0.02096    0.10354     0.01975    0.10197
665       0.02096    0.10354     0.01975    0.10197
666       0.02096    0.10354     0.01975    0.10197
667       0.02096    0.10354     0.01975    0.10197
668       0.02096    0.10354     0.01975    0.10197
669       0.02096    0.10354     0.01975    0.10197
670       0.02096    0.10354     0.01975    0.10197
671       0.02096    0.10354     0.01975    0.10197
672       0.02096    0.10354     0.01975    0.10197
673       0.02096    0.10354     0.01975    0.10197
674       0.02096    0.10354     0.01975    0.10197
675       0.02096    0.10354     0.01975    0.10197
676       0.02096    0.10355     0.01975    0.10197
677       0.02096    0.10355     0.01975    0.10197
678       0.02096    0.10355     0.01975    0.10197
679       0.02096    0.10355     0.01975    0.10197
680       0.02096    0.10355     0.01975    0.10197
681       0.02096    0.10355     0.01975    0.10197
682       0.02096    0.10355     0.01975    0.10197
683       0.02096    0.10355     0.01975    0.10197
684       0.02096    0.10355     0.01975    0.10197
685       0.02096    0.10355     0.01975    0.10197
686       0.02096    0.10355     0.01975    0.10197
687       0.02096    0.10355     0.01975    0.10197
688       0.02096    0.10355     0.01975    0.10197
689       0.02096    0.10355     0.01975    0.10198
690       0.02096    0.10355     0.01975    0.10198
691       0.02096    0.10355     0.01975    0.10198
692       0.02096    0.10355     0.01975    0.10198
693       0.02096    0.10355     0.01975    0.10198
694       0.02096    0.10355     0.01975    0.10198
695       0.02096    0.10355     0.01975    0.10198
696       0.02096    0.10355     0.01975    0.10198
697       0.02096    0.10355     0.01975    0.10198
698       0.02096    0.10355     0.01975    0.10198
699       0.02096    0.10355     0.01975    0.10198
700       0.02096    0.10355     0.01975    0.10198
701       0.02096    0.10355     0.01975    0.10198
702       0.02096    0.10355     0.01975    0.10198
703       0.02096    0.10355     0.01975    0.10198
704       0.02096    0.10355     0.01975    0.10198
705       0.02096    0.10355     0.01975    0.10198
706       0.02096    0.10355     0.01975    0.10198
707       0.02096    0.10355     0.01975    0.10198
708       0.02096    0.10355     0.01975    0.10198
709       0.02096    0.10355     0.01975    0.10198
710       0.02096    0.10355     0.01975    0.10198
711       0.02096    0.10355     0.01975    0.10198
712       0.02096    0.10355     0.01975    0.10198
713       0.02096    0.10355     0.01975    0.10198
714       0.02096    0.10355     0.01975    0.10198
715       0.02096    0.10355     0.01975    0.10198
716       0.02096    0.10355     0.01975    0.10198
717       0.02096    0.10355     0.01975    0.10198
718       0.02096    0.10355     0.01975    0.10198
719       0.02096    0.10355     0.01975    0.10198
720       0.02096    0.10355     0.01975    0.10198
721       0.02096    0.10355     0.01975    0.10198
722       0.02096    0.10355     0.01975    0.10198
723       0.02096    0.10355     0.01975    0.10198
724       0.02096    0.10355     0.01975    0.10198
725       0.02096    0.10355     0.01975    0.10198
726       0.02096    0.10355     0.01975    0.10198
727       0.02096    0.10355     0.01975    0.10198
728       0.02096    0.10355     0.01975    0.10198
729       0.02096    0.10355     0.01975    0.10198
730       0.02096    0.10355     0.01975    0.10198
731       0.02096    0.10355     0.01975    0.10198
732       0.02096    0.10355     0.01975    0.10198
733       0.02096    0.10355     0.01975    0.10198
734       0.02096    0.10355     0.01975    0.10198
735       0.02096    0.10355     0.01975    0.10198
736       0.02096    0.10355     0.01975    0.10198
737       0.02096    0.10355     0.01975    0.10198
738       0.02096    0.10355     0.01975    0.10198
739       0.02096    0.10355     0.01975    0.10198
740       0.02096    0.10355     0.01975    0.10198
741       0.02096    0.10355     0.01975    0.10198
742       0.02096    0.10355     0.01975    0.10198
743       0.02096    0.10355     0.01975    0.10198
744       0.02096    0.10355     0.01975    0.10198
745       0.02096    0.10355     0.01975    0.10198
746       0.02096    0.10355     0.01975    0.10198
747       0.02096    0.10355     0.01975    0.10198
748       0.02096    0.10355     0.01975    0.10198
749       0.02096    0.10355     0.01975    0.10198
750       0.02096    0.10355     0.01975    0.10198
751       0.02096    0.10355     0.01975    0.10198
752       0.02096    0.10355     0.01975    0.10198
753       0.02096    0.10355     0.01975    0.10198
754       0.02096    0.10355     0.01975    0.10198
755       0.02096    0.10355     0.01975    0.10198
756       0.02096    0.10355     0.01975    0.10198
757       0.02096    0.10355     0.01975    0.10198
758       0.02096    0.10355     0.01975    0.10198
759       0.02096    0.10355     0.01975    0.10198
760       0.02096    0.10355     0.01975    0.10198
761       0.02096    0.10355     0.01975    0.10198
762       0.02096    0.10355     0.01975    0.10198
763       0.02096    0.10355     0.01975    0.10198
764       0.02096    0.10355     0.01975    0.10198
765       0.02096    0.10355     0.01975    0.10198
766       0.02096    0.10355     0.01975    0.10198
767       0.02096    0.10355     0.01975    0.10198
768       0.02096    0.10355     0.01975    0.10198
769       0.02096    0.10355     0.01975    0.10198
770       0.02096    0.10355     0.01975    0.10198
771       0.02096    0.10355     0.01975    0.10198
772       0.02096    0.10355     0.01975    0.10198
773       0.02096    0.10355     0.01975    0.10199
774       0.02096    0.10355     0.01975    0.10199
775       0.02096    0.10355     0.01975    0.10199
776       0.02096    0.10355     0.01975    0.10199
777       0.02096    0.10355     0.01975    0.10199
778       0.02096    0.10355     0.01975    0.10199
779       0.02096    0.10355     0.01975    0.10199
780       0.02096    0.10355     0.01975    0.10199
781       0.02096    0.10355     0.01975    0.10199
782       0.02096    0.10355     0.01975    0.10199
783       0.02096    0.10355     0.01975    0.10199
784       0.02096    0.10355     0.01975    0.10199
785       0.02096    0.10355     0.01975    0.10199
786       0.02096    0.10355     0.01975    0.10199
787       0.02096    0.10355     0.01975    0.10199
788       0.02096    0.10355     0.01975    0.10199
789       0.02096    0.10355     0.01975    0.10199
790       0.02096    0.10355     0.01975    0.10199
791       0.02096    0.10355     0.01975    0.10199
792       0.02096    0.10355     0.01975    0.10199
793       0.02096    0.10356     0.01975    0.10199
794       0.02096    0.10356     0.01975    0.10199
795       0.02096    0.10356     0.01975    0.10199
796       0.02096    0.10356     0.01975    0.10199
797       0.02096    0.10356     0.01975    0.10199
798       0.02096    0.10356     0.01975    0.10199
799       0.02096    0.10356     0.01975    0.10199
800       0.02096    0.10356     0.01975    0.10199
801       0.02096    0.10356     0.01975    0.10199
802       0.02096    0.10356     0.01975    0.10199
803       0.02096    0.10356     0.01975    0.10199
804       0.02096    0.10356     0.01975    0.10199
805       0.02096    0.10356     0.01975    0.10199
806       0.02096    0.10356     0.01975    0.10199
807       0.02096    0.10356     0.01975    0.10199
808       0.02096    0.10356     0.01975    0.10199
809       0.02096    0.10356     0.01975    0.10199
810       0.02096    0.10356     0.01975    0.10199
811       0.02096    0.10356     0.01975    0.10199
812       0.02096    0.10356     0.01975    0.10199
813       0.02096    0.10356     0.01975    0.10199
814       0.02096    0.10356     0.01975    0.10199
815       0.02096    0.10356     0.01975    0.10199
816       0.02096    0.10356     0.01975    0.10199
817       0.02096    0.10356     0.01975    0.10199
818       0.02096    0.10356     0.01975    0.10199
819       0.02096    0.10356     0.01975    0.10199
820       0.02096    0.10356     0.01975    0.10199
821       0.02096    0.10356     0.01975    0.10199
822       0.02096    0.10356     0.01975    0.10199
823       0.02096    0.10356     0.01975    0.10199
824       0.02096    0.10356     0.01975    0.10199
825       0.02096    0.10356     0.01975    0.10199
826       0.02096    0.10356     0.01975    0.10199
827       0.02096    0.10356     0.01975    0.10199
828       0.02096    0.10356     0.01975    0.10199
829       0.02096    0.10356     0.01975    0.10199
830       0.02096    0.10356     0.01975    0.10199
831       0.02096    0.10356     0.01975    0.10199
832       0.02096    0.10356     0.01975    0.10199
833       0.02096    0.10356     0.01975    0.10199
834       0.02096    0.10356     0.01975    0.10199
835       0.02096    0.10356     0.01975    0.10199
836       0.02096    0.10356     0.01975    0.10199
837       0.02096    0.10356     0.01975    0.10199
838       0.02096    0.10356     0.01975    0.10199
839       0.02096    0.10356     0.01975    0.10199
840       0.02096    0.10356     0.01975    0.10199
841       0.02096    0.10356     0.01975    0.10199
842       0.02096    0.10356     0.01975    0.10199
843       0.02096    0.10356     0.01975    0.10199
844       0.02096    0.10356     0.01975    0.10199
845       0.02096    0.10356     0.01975    0.10199
846       0.02096    0.10356     0.01975    0.10199
847       0.02096    0.10356     0.01975    0.10199
848       0.02096    0.10356     0.01975    0.10199
849       0.02096    0.10356     0.01975    0.10199
850       0.02096    0.10356     0.01975    0.10199
851       0.02096    0.10356     0.01975    0.10199
852       0.02096    0.10356     0.01975    0.10199
853       0.02096    0.10356     0.01975    0.10199
854       0.02096    0.10356     0.01975    0.10199
855       0.02096    0.10356     0.01975    0.10199
856       0.02096    0.10356     0.01975    0.10199
857       0.02096    0.10356     0.01975    0.10199
858       0.02096    0.10356     0.01975    0.10199
859       0.02096    0.10356     0.01975    0.10199
860       0.02096    0.10356     0.01975    0.10199
861       0.02096    0.10356     0.01975    0.10199
862       0.02096    0.10356     0.01975    0.10199
863       0.02096    0.10356     0.01975    0.10199    0.02183    0.10325