Ciclo   TrainMSE   TrainMAE   ValidMSE   ValidMAE   TestMSE     TestMAE
----------------------------------------------------------------------- 
0       0.02755    0.11544     0.02653    0.11403
1       0.02590    0.11241     0.02481    0.11090
2       0.02510    0.11113     0.02402    0.10958
3       0.02468    0.11050     0.02362    0.10893
4       0.02444    0.11014     0.02339    0.10857
5       0.02429    0.10993     0.02326    0.10838
6       0.02419    0.10979     0.02318    0.10825
7       0.02412    0.10970     0.02312    0.10816
8       0.02408    0.10963     0.02308    0.10810
9       0.02404    0.10957     0.02304    0.10806
10       0.02401    0.10953     0.02302    0.10802
11       0.02399    0.10950     0.02300    0.10799
12       0.02397    0.10947     0.02299    0.10797
13       0.02396    0.10945     0.02298    0.10795
14       0.02395    0.10943     0.02297    0.10794
15       0.02394    0.10942     0.02296    0.10793
16       0.02393    0.10940     0.02295    0.10792
17       0.02393    0.10939     0.02295    0.10791
18       0.02392    0.10938     0.02294    0.10790
19       0.02392    0.10938     0.02294    0.10789
20       0.02391    0.10937     0.02293    0.10789
21       0.02391    0.10936     0.02293    0.10788
22       0.02391    0.10936     0.02293    0.10788
23       0.02390    0.10936     0.02293    0.10788
24       0.02390    0.10935     0.02292    0.10787
25       0.02390    0.10935     0.02292    0.10787
26       0.02390    0.10935     0.02292    0.10787
27       0.02390    0.10935     0.02292    0.10787
28       0.02390    0.10934     0.02292    0.10787
29       0.02390    0.10934     0.02292    0.10786
30       0.02389    0.10934     0.02292    0.10786
31       0.02389    0.10934     0.02292    0.10786
32       0.02389    0.10934     0.02292    0.10786
33       0.02389    0.10934     0.02292    0.10786
34       0.02389    0.10934     0.02292    0.10786
35       0.02389    0.10934     0.02292    0.10786
36       0.02389    0.10934     0.02292    0.10786
37       0.02389    0.10934     0.02291    0.10786
38       0.02389    0.10934     0.02291    0.10786
39       0.02389    0.10934     0.02291    0.10786
40       0.02389    0.10933     0.02291    0.10786
41       0.02389    0.10933     0.02291    0.10786
42       0.02389    0.10933     0.02291    0.10786
43       0.02389    0.10933     0.02291    0.10786
44       0.02389    0.10933     0.02291    0.10786
45       0.02389    0.10933     0.02291    0.10786
46       0.02389    0.10933     0.02291    0.10786
47       0.02389    0.10933     0.02291    0.10786
48       0.02389    0.10933     0.02291    0.10786
49       0.02389    0.10933     0.02291    0.10786
50       0.02389    0.10933     0.02291    0.10786
51       0.02389    0.10933     0.02291    0.10786
52       0.02389    0.10933     0.02291    0.10786
53       0.02389    0.10933     0.02291    0.10786
54       0.02389    0.10933     0.02291    0.10786
55       0.02389    0.10933     0.02291    0.10786
56       0.02389    0.10933     0.02291    0.10786
57       0.02389    0.10933     0.02291    0.10786
58       0.02389    0.10933     0.02291    0.10786
59       0.02389    0.10933     0.02291    0.10786
60       0.02389    0.10933     0.02291    0.10786
61       0.02389    0.10933     0.02291    0.10786
62       0.02389    0.10933     0.02291    0.10786
63       0.02389    0.10933     0.02291    0.10786
64       0.02389    0.10933     0.02291    0.10786
65       0.02389    0.10933     0.02291    0.10786
66       0.02389    0.10933     0.02291    0.10786
67       0.02389    0.10933     0.02291    0.10786
68       0.02389    0.10933     0.02291    0.10786
69       0.02389    0.10933     0.02291    0.10786
70       0.02389    0.10933     0.02291    0.10786
71       0.02389    0.10933     0.02291    0.10786
72       0.02389    0.10933     0.02291    0.10786
73       0.02389    0.10933     0.02291    0.10786
74       0.02389    0.10933     0.02291    0.10786
75       0.02389    0.10933     0.02291    0.10786
76       0.02389    0.10933     0.02291    0.10786
77       0.02389    0.10933     0.02291    0.10786
78       0.02389    0.10933     0.02291    0.10786
79       0.02389    0.10933     0.02291    0.10786
80       0.02389    0.10933     0.02291    0.10786
81       0.02389    0.10933     0.02291    0.10786
82       0.02389    0.10933     0.02291    0.10786
83       0.02389    0.10933     0.02291    0.10786
84       0.02389    0.10933     0.02291    0.10786
85       0.02389    0.10933     0.02291    0.10786
86       0.02389    0.10933     0.02291    0.10786
87       0.02389    0.10933     0.02291    0.10786
88       0.02389    0.10933     0.02291    0.10786
89       0.02389    0.10933     0.02291    0.10786
90       0.02389    0.10933     0.02291    0.10786
91       0.02389    0.10933     0.02291    0.10786
92       0.02389    0.10933     0.02291    0.10786
93       0.02389    0.10933     0.02291    0.10786
94       0.02389    0.10933     0.02291    0.10786
95       0.02389    0.10933     0.02291    0.10786
96       0.02389    0.10933     0.02291    0.10786
97       0.02389    0.10933     0.02291    0.10786
98       0.02389    0.10933     0.02291    0.10786
99       0.02389    0.10933     0.02291    0.10786
100       0.02389    0.10933     0.02291    0.10786
101       0.02389    0.10933     0.02291    0.10786
102       0.02389    0.10933     0.02291    0.10786
103       0.02389    0.10933     0.02291    0.10786
104       0.02389    0.10933     0.02291    0.10786
105       0.02389    0.10933     0.02291    0.10786
106       0.02389    0.10933     0.02291    0.10786
107       0.02389    0.10933     0.02291    0.10786
108       0.02389    0.10933     0.02291    0.10786
109       0.02389    0.10933     0.02291    0.10786
110       0.02389    0.10933     0.02291    0.10786
111       0.02389    0.10933     0.02291    0.10786
112       0.02389    0.10933     0.02291    0.10786
113       0.02389    0.10933     0.02291    0.10786
114       0.02389    0.10933     0.02291    0.10786
115       0.02389    0.10933     0.02291    0.10786
116       0.02389    0.10933     0.02291    0.10786
117       0.02389    0.10933     0.02291    0.10786
118       0.02389    0.10933     0.02291    0.10786
119       0.02389    0.10933     0.02291    0.10786
120       0.02389    0.10933     0.02291    0.10786
121       0.02389    0.10933     0.02291    0.10786
122       0.02389    0.10933     0.02291    0.10786
123       0.02389    0.10933     0.02291    0.10786
124       0.02389    0.10933     0.02291    0.10786
125       0.02389    0.10933     0.02291    0.10786
126       0.02389    0.10933     0.02291    0.10786
127       0.02389    0.10933     0.02291    0.10786
128       0.02389    0.10933     0.02291    0.10786
129       0.02389    0.10933     0.02291    0.10786
130       0.02389    0.10933     0.02291    0.10786
131       0.02389    0.10933     0.02291    0.10786
132       0.02389    0.10933     0.02291    0.10786
133       0.02389    0.10933     0.02291    0.10786
134       0.02389    0.10933     0.02291    0.10786
135       0.02389    0.10933     0.02291    0.10786
136       0.02389    0.10933     0.02291    0.10786
137       0.02389    0.10933     0.02291    0.10786
138       0.02389    0.10933     0.02291    0.10786
139       0.02389    0.10933     0.02291    0.10786
140       0.02389    0.10933     0.02291    0.10786
141       0.02389    0.10933     0.02291    0.10786
142       0.02389    0.10933     0.02291    0.10786
143       0.02389    0.10933     0.02291    0.10786
144       0.02389    0.10933     0.02291    0.10786
145       0.02389    0.10933     0.02291    0.10786
146       0.02389    0.10933     0.02291    0.10786
147       0.02389    0.10933     0.02291    0.10786
148       0.02389    0.10933     0.02291    0.10786
149       0.02389    0.10933     0.02291    0.10786
150       0.02389    0.10933     0.02291    0.10786
151       0.02389    0.10933     0.02291    0.10786
152       0.02389    0.10933     0.02291    0.10786
153       0.02389    0.10933     0.02291    0.10786
154       0.02389    0.10933     0.02291    0.10786
155       0.02389    0.10933     0.02291    0.10786
156       0.02389    0.10933     0.02291    0.10786
157       0.02389    0.10933     0.02291    0.10786
158       0.02389    0.10933     0.02291    0.10786
159       0.02389    0.10933     0.02291    0.10786
160       0.02389    0.10933     0.02291    0.10786
161       0.02389    0.10933     0.02291    0.10786
162       0.02389    0.10933     0.02291    0.10786
163       0.02389    0.10933     0.02291    0.10786
164       0.02389    0.10933     0.02291    0.10786
165       0.02389    0.10933     0.02291    0.10786
166       0.02389    0.10933     0.02291    0.10786
167       0.02389    0.10933     0.02291    0.10786
168       0.02389    0.10933     0.02291    0.10786
169       0.02389    0.10933     0.02291    0.10786
170       0.02389    0.10933     0.02291    0.10786
171       0.02389    0.10933     0.02291    0.10786
172       0.02389    0.10933     0.02291    0.10786
173       0.02389    0.10933     0.02291    0.10786
174       0.02389    0.10933     0.02291    0.10786
175       0.02389    0.10933     0.02291    0.10786
176       0.02389    0.10933     0.02291    0.10786
177       0.02389    0.10933     0.02291    0.10786
178       0.02389    0.10933     0.02291    0.10786
179       0.02389    0.10933     0.02291    0.10786
180       0.02389    0.10933     0.02291    0.10786
181       0.02389    0.10933     0.02291    0.10786
182       0.02389    0.10933     0.02291    0.10786
183       0.02389    0.10933     0.02291    0.10786
184       0.02389    0.10933     0.02291    0.10786
185       0.02389    0.10933     0.02291    0.10786
186       0.02389    0.10933     0.02291    0.10786
187       0.02389    0.10933     0.02291    0.10786
188       0.02389    0.10933     0.02291    0.10786
189       0.02389    0.10933     0.02291    0.10786
190       0.02389    0.10933     0.02291    0.10786
191       0.02389    0.10933     0.02291    0.10786
192       0.02389    0.10933     0.02291    0.10786
193       0.02389    0.10933     0.02291    0.10786
194       0.02389    0.10933     0.02291    0.10786
195       0.02389    0.10933     0.02291    0.10786
196       0.02389    0.10933     0.02291    0.10786
197       0.02389    0.10933     0.02291    0.10786
198       0.02389    0.10933     0.02291    0.10786
199       0.02389    0.10933     0.02291    0.10786
200       0.02389    0.10933     0.02291    0.10786
201       0.02389    0.10933     0.02291    0.10786
202       0.02389    0.10933     0.02291    0.10786
203       0.02389    0.10933     0.02291    0.10786
204       0.02389    0.10933     0.02291    0.10786
205       0.02389    0.10933     0.02291    0.10786
206       0.02389    0.10933     0.02291    0.10786
207       0.02389    0.10933     0.02291    0.10786
208       0.02389    0.10933     0.02291    0.10786
209       0.02389    0.10933     0.02291    0.10786
210       0.02389    0.10933     0.02291    0.10786
211       0.02389    0.10933     0.02291    0.10786
212       0.02389    0.10933     0.02291    0.10786    0.02502    0.10919