Ciclo   TrainMSE   TrainMAE   ValidMSE   ValidMAE   TestMSE     TestMAE
----------------------------------------------------------------------- 
0       0.02663    0.11374     0.02555    0.11225
1       0.02553    0.11187     0.02443    0.11030
2       0.02496    0.11096     0.02387    0.10938
3       0.02463    0.11046     0.02357    0.10887
4       0.02443    0.11016     0.02339    0.10858
5       0.02430    0.10997     0.02327    0.10841
6       0.02421    0.10983     0.02319    0.10829
7       0.02414    0.10974     0.02314    0.10820
8       0.02409    0.10966     0.02309    0.10813
9       0.02406    0.10961     0.02306    0.10808
10       0.02403    0.10956     0.02304    0.10804
11       0.02401    0.10952     0.02302    0.10801
12       0.02399    0.10949     0.02300    0.10799
13       0.02397    0.10947     0.02299    0.10797
14       0.02396    0.10945     0.02297    0.10795
15       0.02395    0.10943     0.02297    0.10794
16       0.02394    0.10942     0.02296    0.10793
17       0.02393    0.10940     0.02295    0.10791
18       0.02393    0.10939     0.02295    0.10791
19       0.02392    0.10938     0.02294    0.10790
20       0.02392    0.10938     0.02294    0.10789
21       0.02391    0.10937     0.02293    0.10789
22       0.02391    0.10936     0.02293    0.10788
23       0.02391    0.10936     0.02293    0.10788
24       0.02390    0.10936     0.02293    0.10788
25       0.02390    0.10935     0.02292    0.10787
26       0.02390    0.10935     0.02292    0.10787
27       0.02390    0.10935     0.02292    0.10787
28       0.02390    0.10935     0.02292    0.10787
29       0.02390    0.10934     0.02292    0.10787
30       0.02390    0.10934     0.02292    0.10786
31       0.02389    0.10934     0.02292    0.10786
32       0.02389    0.10934     0.02292    0.10786
33       0.02389    0.10934     0.02292    0.10786
34       0.02389    0.10934     0.02292    0.10786
35       0.02389    0.10934     0.02292    0.10786
36       0.02389    0.10934     0.02292    0.10786
37       0.02389    0.10934     0.02292    0.10786
38       0.02389    0.10934     0.02291    0.10786
39       0.02389    0.10934     0.02291    0.10786
40       0.02389    0.10934     0.02291    0.10786
41       0.02389    0.10933     0.02291    0.10786
42       0.02389    0.10933     0.02291    0.10786
43       0.02389    0.10933     0.02291    0.10786
44       0.02389    0.10933     0.02291    0.10786
45       0.02389    0.10933     0.02291    0.10786
46       0.02389    0.10933     0.02291    0.10786
47       0.02389    0.10933     0.02291    0.10786
48       0.02389    0.10933     0.02291    0.10786
49       0.02389    0.10933     0.02291    0.10786
50       0.02389    0.10933     0.02291    0.10786
51       0.02389    0.10933     0.02291    0.10786
52       0.02389    0.10933     0.02291    0.10786
53       0.02389    0.10933     0.02291    0.10786
54       0.02389    0.10933     0.02291    0.10786
55       0.02389    0.10933     0.02291    0.10786
56       0.02389    0.10933     0.02291    0.10786
57       0.02389    0.10933     0.02291    0.10786
58       0.02389    0.10933     0.02291    0.10786
59       0.02389    0.10933     0.02291    0.10786
60       0.02389    0.10933     0.02291    0.10786
61       0.02389    0.10933     0.02291    0.10786
62       0.02389    0.10933     0.02291    0.10786
63       0.02389    0.10933     0.02291    0.10786
64       0.02389    0.10933     0.02291    0.10786
65       0.02389    0.10933     0.02291    0.10786
66       0.02389    0.10933     0.02291    0.10786
67       0.02389    0.10933     0.02291    0.10786
68       0.02389    0.10933     0.02291    0.10786
69       0.02389    0.10933     0.02291    0.10786
70       0.02389    0.10933     0.02291    0.10786
71       0.02389    0.10933     0.02291    0.10786
72       0.02389    0.10933     0.02291    0.10786
73       0.02389    0.10933     0.02291    0.10786
74       0.02389    0.10933     0.02291    0.10786
75       0.02389    0.10933     0.02291    0.10786
76       0.02389    0.10933     0.02291    0.10786
77       0.02389    0.10933     0.02291    0.10786
78       0.02389    0.10933     0.02291    0.10786
79       0.02389    0.10933     0.02291    0.10786
80       0.02389    0.10933     0.02291    0.10786
81       0.02389    0.10933     0.02291    0.10786
82       0.02389    0.10933     0.02291    0.10786
83       0.02389    0.10933     0.02291    0.10786
84       0.02389    0.10933     0.02291    0.10786
85       0.02389    0.10933     0.02291    0.10786
86       0.02389    0.10933     0.02291    0.10786
87       0.02389    0.10933     0.02291    0.10786
88       0.02389    0.10933     0.02291    0.10786
89       0.02389    0.10933     0.02291    0.10786
90       0.02389    0.10933     0.02291    0.10786
91       0.02389    0.10933     0.02291    0.10786
92       0.02389    0.10933     0.02291    0.10786
93       0.02389    0.10933     0.02291    0.10786
94       0.02389    0.10933     0.02291    0.10786
95       0.02389    0.10933     0.02291    0.10786
96       0.02389    0.10933     0.02291    0.10786
97       0.02389    0.10933     0.02291    0.10786
98       0.02389    0.10933     0.02291    0.10786
99       0.02389    0.10933     0.02291    0.10786
100       0.02389    0.10933     0.02291    0.10786
101       0.02389    0.10933     0.02291    0.10786
102       0.02389    0.10933     0.02291    0.10786
103       0.02389    0.10933     0.02291    0.10786
104       0.02389    0.10933     0.02291    0.10786
105       0.02389    0.10933     0.02291    0.10786
106       0.02389    0.10933     0.02291    0.10786
107       0.02389    0.10933     0.02291    0.10786
108       0.02389    0.10933     0.02291    0.10786
109       0.02389    0.10933     0.02291    0.10786
110       0.02389    0.10933     0.02291    0.10786
111       0.02389    0.10933     0.02291    0.10786
112       0.02389    0.10933     0.02291    0.10786
113       0.02389    0.10933     0.02291    0.10786
114       0.02389    0.10933     0.02291    0.10786
115       0.02389    0.10933     0.02291    0.10786
116       0.02389    0.10933     0.02291    0.10786
117       0.02389    0.10933     0.02291    0.10786
118       0.02389    0.10933     0.02291    0.10786
119       0.02389    0.10933     0.02291    0.10786
120       0.02389    0.10933     0.02291    0.10786
121       0.02389    0.10933     0.02291    0.10786
122       0.02389    0.10933     0.02291    0.10786
123       0.02389    0.10933     0.02291    0.10786
124       0.02389    0.10933     0.02291    0.10786
125       0.02389    0.10933     0.02291    0.10786
126       0.02389    0.10933     0.02291    0.10786
127       0.02389    0.10933     0.02291    0.10786
128       0.02389    0.10933     0.02291    0.10786
129       0.02389    0.10933     0.02291    0.10786
130       0.02389    0.10933     0.02291    0.10786
131       0.02389    0.10933     0.02291    0.10786
132       0.02389    0.10933     0.02291    0.10786
133       0.02389    0.10933     0.02291    0.10786
134       0.02389    0.10933     0.02291    0.10786
135       0.02389    0.10933     0.02291    0.10786
136       0.02389    0.10933     0.02291    0.10786
137       0.02389    0.10933     0.02291    0.10786
138       0.02389    0.10933     0.02291    0.10786
139       0.02389    0.10933     0.02291    0.10786
140       0.02389    0.10933     0.02291    0.10786
141       0.02389    0.10933     0.02291    0.10786
142       0.02389    0.10933     0.02291    0.10786
143       0.02389    0.10933     0.02291    0.10786
144       0.02389    0.10933     0.02291    0.10786
145       0.02389    0.10933     0.02291    0.10786
146       0.02389    0.10933     0.02291    0.10786
147       0.02389    0.10933     0.02291    0.10786
148       0.02389    0.10933     0.02291    0.10786
149       0.02389    0.10933     0.02291    0.10786
150       0.02389    0.10933     0.02291    0.10786
151       0.02389    0.10933     0.02291    0.10786
152       0.02389    0.10933     0.02291    0.10786
153       0.02389    0.10933     0.02291    0.10786
154       0.02389    0.10933     0.02291    0.10786
155       0.02389    0.10933     0.02291    0.10786
156       0.02389    0.10933     0.02291    0.10786
157       0.02389    0.10933     0.02291    0.10786
158       0.02389    0.10933     0.02291    0.10786
159       0.02389    0.10933     0.02291    0.10786
160       0.02389    0.10933     0.02291    0.10786
161       0.02389    0.10933     0.02291    0.10786
162       0.02389    0.10933     0.02291    0.10786
163       0.02389    0.10933     0.02291    0.10786
164       0.02389    0.10933     0.02291    0.10786
165       0.02389    0.10933     0.02291    0.10786
166       0.02389    0.10933     0.02291    0.10786
167       0.02389    0.10933     0.02291    0.10786
168       0.02389    0.10933     0.02291    0.10786
169       0.02389    0.10933     0.02291    0.10786
170       0.02389    0.10933     0.02291    0.10786
171       0.02389    0.10933     0.02291    0.10786
172       0.02389    0.10933     0.02291    0.10786
173       0.02389    0.10933     0.02291    0.10786
174       0.02389    0.10933     0.02291    0.10786
175       0.02389    0.10933     0.02291    0.10786
176       0.02389    0.10933     0.02291    0.10786
177       0.02389    0.10933     0.02291    0.10786
178       0.02389    0.10933     0.02291    0.10786
179       0.02389    0.10933     0.02291    0.10786
180       0.02389    0.10933     0.02291    0.10786
181       0.02389    0.10933     0.02291    0.10786
182       0.02389    0.10933     0.02291    0.10786
183       0.02389    0.10933     0.02291    0.10786
184       0.02389    0.10933     0.02291    0.10786
185       0.02389    0.10933     0.02291    0.10786
186       0.02389    0.10933     0.02291    0.10786
187       0.02389    0.10933     0.02291    0.10786
188       0.02389    0.10933     0.02291    0.10786
189       0.02389    0.10933     0.02291    0.10786
190       0.02389    0.10933     0.02291    0.10786
191       0.02389    0.10933     0.02291    0.10786
192       0.02389    0.10933     0.02291    0.10786
193       0.02389    0.10933     0.02291    0.10786
194       0.02389    0.10933     0.02291    0.10786
195       0.02389    0.10933     0.02291    0.10786
196       0.02389    0.10933     0.02291    0.10786
197       0.02389    0.10933     0.02291    0.10786
198       0.02389    0.10933     0.02291    0.10786
199       0.02389    0.10933     0.02291    0.10786
200       0.02389    0.10933     0.02291    0.10786
201       0.02389    0.10933     0.02291    0.10786
202       0.02389    0.10933     0.02291    0.10786
203       0.02389    0.10933     0.02291    0.10786
204       0.02389    0.10933     0.02291    0.10786
205       0.02389    0.10933     0.02291    0.10786
206       0.02389    0.10933     0.02291    0.10786
207       0.02389    0.10933     0.02291    0.10786
208       0.02389    0.10933     0.02291    0.10786
209       0.02389    0.10933     0.02291    0.10786
210       0.02389    0.10933     0.02291    0.10786
211       0.02389    0.10933     0.02291    0.10786
212       0.02389    0.10933     0.02291    0.10786
213       0.02389    0.10933     0.02291    0.10786
214       0.02389    0.10933     0.02291    0.10786
215       0.02389    0.10933     0.02291    0.10786
216       0.02389    0.10933     0.02291    0.10786
217       0.02389    0.10933     0.02291    0.10786
218       0.02389    0.10933     0.02291    0.10786
219       0.02389    0.10933     0.02291    0.10786
220       0.02389    0.10933     0.02291    0.10786
221       0.02389    0.10933     0.02291    0.10786
222       0.02389    0.10933     0.02291    0.10786
223       0.02389    0.10933     0.02291    0.10786
224       0.02389    0.10933     0.02291    0.10786
225       0.02389    0.10933     0.02291    0.10786
226       0.02389    0.10933     0.02291    0.10786
227       0.02389    0.10933     0.02291    0.10786
228       0.02389    0.10933     0.02291    0.10786
229       0.02389    0.10933     0.02291    0.10786
230       0.02389    0.10933     0.02291    0.10786
231       0.02389    0.10933     0.02291    0.10786
232       0.02389    0.10933     0.02291    0.10786
233       0.02389    0.10933     0.02291    0.10786
234       0.02389    0.10933     0.02291    0.10786
235       0.02389    0.10933     0.02291    0.10786
236       0.02389    0.10933     0.02291    0.10786
237       0.02389    0.10933     0.02291    0.10786
238       0.02389    0.10933     0.02291    0.10786
239       0.02389    0.10933     0.02291    0.10786
240       0.02389    0.10933     0.02291    0.10786
241       0.02389    0.10933     0.02291    0.10786
242       0.02389    0.10933     0.02291    0.10786
243       0.02389    0.10933     0.02291    0.10786
244       0.02389    0.10933     0.02291    0.10786
245       0.02389    0.10933     0.02291    0.10786
246       0.02389    0.10933     0.02291    0.10786
247       0.02389    0.10933     0.02291    0.10786
248       0.02389    0.10933     0.02291    0.10786
249       0.02389    0.10933     0.02291    0.10786
250       0.02389    0.10933     0.02291    0.10786
251       0.02389    0.10933     0.02291    0.10786
252       0.02389    0.10933     0.02291    0.10786
253       0.02389    0.10933     0.02291    0.10786
254       0.02389    0.10933     0.02291    0.10786
255       0.02389    0.10933     0.02291    0.10786
256       0.02389    0.10933     0.02291    0.10786
257       0.02389    0.10933     0.02291    0.10786
258       0.02389    0.10933     0.02291    0.10786
259       0.02389    0.10933     0.02291    0.10786
260       0.02389    0.10933     0.02291    0.10786
261       0.02389    0.10933     0.02291    0.10786
262       0.02389    0.10933     0.02291    0.10786
263       0.02389    0.10933     0.02291    0.10786
264       0.02389    0.10933     0.02291    0.10786
265       0.02389    0.10933     0.02291    0.10786
266       0.02389    0.10933     0.02291    0.10786
267       0.02389    0.10933     0.02291    0.10786
268       0.02389    0.10933     0.02291    0.10786
269       0.02389    0.10933     0.02291    0.10786
270       0.02389    0.10933     0.02291    0.10786
271       0.02389    0.10933     0.02291    0.10786
272       0.02389    0.10933     0.02291    0.10786
273       0.02389    0.10933     0.02291    0.10786
274       0.02389    0.10933     0.02291    0.10786
275       0.02389    0.10933     0.02291    0.10786
276       0.02389    0.10933     0.02291    0.10786
277       0.02389    0.10933     0.02291    0.10786
278       0.02389    0.10933     0.02291    0.10786
279       0.02389    0.10933     0.02291    0.10786
280       0.02389    0.10933     0.02291    0.10786
281       0.02389    0.10933     0.02291    0.10786
282       0.02389    0.10933     0.02291    0.10786
283       0.02389    0.10933     0.02291    0.10786
284       0.02389    0.10933     0.02291    0.10786
285       0.02389    0.10933     0.02291    0.10786
286       0.02389    0.10933     0.02291    0.10786
287       0.02389    0.10933     0.02291    0.10786
288       0.02389    0.10933     0.02291    0.10786
289       0.02389    0.10933     0.02291    0.10786
290       0.02389    0.10933     0.02291    0.10786
291       0.02389    0.10933     0.02291    0.10786
292       0.02389    0.10933     0.02291    0.10786
293       0.02389    0.10933     0.02291    0.10786
294       0.02389    0.10933     0.02291    0.10786
295       0.02389    0.10933     0.02291    0.10786
296       0.02389    0.10933     0.02291    0.10786
297       0.02389    0.10933     0.02291    0.10786
298       0.02389    0.10933     0.02291    0.10786
299       0.02389    0.10933     0.02291    0.10786
300       0.02389    0.10933     0.02291    0.10786
301       0.02389    0.10933     0.02291    0.10786
302       0.02389    0.10933     0.02291    0.10786
303       0.02389    0.10933     0.02291    0.10786
304       0.02389    0.10933     0.02291    0.10786
305       0.02389    0.10933     0.02291    0.10786
306       0.02389    0.10933     0.02291    0.10786
307       0.02389    0.10933     0.02291    0.10786
308       0.02389    0.10933     0.02291    0.10786
309       0.02389    0.10933     0.02291    0.10786
310       0.02389    0.10933     0.02291    0.10786
311       0.02389    0.10933     0.02291    0.10786
312       0.02389    0.10933     0.02291    0.10786
313       0.02389    0.10933     0.02291    0.10786
314       0.02389    0.10933     0.02291    0.10786
315       0.02389    0.10933     0.02291    0.10786
316       0.02389    0.10933     0.02291    0.10786
317       0.02389    0.10933     0.02291    0.10786
318       0.02389    0.10933     0.02291    0.10786
319       0.02389    0.10933     0.02291    0.10786
320       0.02389    0.10933     0.02291    0.10786
321       0.02389    0.10933     0.02291    0.10786
322       0.02389    0.10933     0.02291    0.10786
323       0.02389    0.10933     0.02291    0.10786
324       0.02389    0.10933     0.02291    0.10786
325       0.02389    0.10933     0.02291    0.10786
326       0.02389    0.10933     0.02291    0.10786
327       0.02389    0.10933     0.02291    0.10786
328       0.02389    0.10933     0.02291    0.10786
329       0.02389    0.10933     0.02291    0.10786
330       0.02389    0.10933     0.02291    0.10786
331       0.02389    0.10933     0.02291    0.10786
332       0.02389    0.10933     0.02291    0.10786
333       0.02389    0.10933     0.02291    0.10786
334       0.02389    0.10933     0.02291    0.10786
335       0.02389    0.10933     0.02291    0.10786
336       0.02389    0.10933     0.02291    0.10786
337       0.02389    0.10933     0.02291    0.10786
338       0.02389    0.10933     0.02291    0.10786
339       0.02389    0.10933     0.02291    0.10786
340       0.02389    0.10933     0.02291    0.10786
341       0.02389    0.10933     0.02291    0.10786
342       0.02389    0.10933     0.02291    0.10786
343       0.02389    0.10933     0.02291    0.10786
344       0.02389    0.10933     0.02291    0.10786
345       0.02389    0.10933     0.02291    0.10786
346       0.02389    0.10933     0.02291    0.10786
347       0.02389    0.10933     0.02291    0.10786
348       0.02389    0.10933     0.02291    0.10786
349       0.02389    0.10933     0.02291    0.10786
350       0.02389    0.10933     0.02291    0.10786
351       0.02389    0.10933     0.02291    0.10786
352       0.02389    0.10933     0.02291    0.10786
353       0.02389    0.10933     0.02291    0.10786
354       0.02389    0.10933     0.02291    0.10786
355       0.02389    0.10933     0.02291    0.10786
356       0.02389    0.10933     0.02291    0.10786
357       0.02389    0.10933     0.02291    0.10786
358       0.02389    0.10933     0.02291    0.10786
359       0.02389    0.10933     0.02291    0.10786
360       0.02389    0.10933     0.02291    0.10786
361       0.02389    0.10933     0.02291    0.10786
362       0.02389    0.10933     0.02291    0.10786
363       0.02389    0.10933     0.02291    0.10786
364       0.02389    0.10933     0.02291    0.10786
365       0.02389    0.10933     0.02291    0.10786
366       0.02389    0.10933     0.02291    0.10786
367       0.02389    0.10933     0.02291    0.10786
368       0.02389    0.10933     0.02291    0.10786
369       0.02389    0.10933     0.02291    0.10786
370       0.02389    0.10933     0.02291    0.10786
371       0.02389    0.10933     0.02291    0.10786
372       0.02389    0.10933     0.02291    0.10786
373       0.02389    0.10933     0.02291    0.10786
374       0.02389    0.10933     0.02291    0.10786
375       0.02389    0.10933     0.02291    0.10786
376       0.02389    0.10933     0.02291    0.10786
377       0.02389    0.10933     0.02291    0.10786
378       0.02389    0.10933     0.02291    0.10786
379       0.02389    0.10933     0.02291    0.10786
380       0.02389    0.10933     0.02291    0.10786
381       0.02389    0.10933     0.02291    0.10786
382       0.02389    0.10933     0.02291    0.10786
383       0.02389    0.10933     0.02291    0.10786
384       0.02389    0.10933     0.02291    0.10786
385       0.02389    0.10933     0.02291    0.10786
386       0.02389    0.10933     0.02291    0.10786
387       0.02389    0.10933     0.02291    0.10786
388       0.02389    0.10933     0.02291    0.10786
389       0.02389    0.10933     0.02291    0.10786
390       0.02389    0.10933     0.02291    0.10786
391       0.02389    0.10933     0.02291    0.10786
392       0.02389    0.10933     0.02291    0.10786
393       0.02389    0.10933     0.02291    0.10786
394       0.02389    0.10933     0.02291    0.10786
395       0.02389    0.10933     0.02291    0.10786
396       0.02389    0.10933     0.02291    0.10786
397       0.02389    0.10933     0.02291    0.10786
398       0.02389    0.10933     0.02291    0.10786
399       0.02389    0.10933     0.02291    0.10786
400       0.02389    0.10933     0.02291    0.10786
401       0.02389    0.10933     0.02291    0.10786
402       0.02389    0.10933     0.02291    0.10786
403       0.02389    0.10933     0.02291    0.10786
404       0.02389    0.10933     0.02291    0.10786
405       0.02389    0.10933     0.02291    0.10786
406       0.02389    0.10933     0.02291    0.10786
407       0.02389    0.10933     0.02291    0.10786
408       0.02389    0.10933     0.02291    0.10786
409       0.02389    0.10933     0.02291    0.10786
410       0.02389    0.10933     0.02291    0.10786
411       0.02389    0.10933     0.02291    0.10786
412       0.02389    0.10933     0.02291    0.10786
413       0.02389    0.10933     0.02291    0.10786
414       0.02389    0.10933     0.02291    0.10786
415       0.02389    0.10933     0.02291    0.10786
416       0.02389    0.10933     0.02291    0.10786
417       0.02389    0.10933     0.02291    0.10786
418       0.02389    0.10933     0.02291    0.10786
419       0.02389    0.10933     0.02291    0.10786
420       0.02389    0.10933     0.02291    0.10786
421       0.02389    0.10933     0.02291    0.10786
422       0.02389    0.10933     0.02291    0.10786
423       0.02389    0.10933     0.02291    0.10786
424       0.02389    0.10933     0.02291    0.10786
425       0.02389    0.10933     0.02291    0.10786
426       0.02389    0.10933     0.02291    0.10786
427       0.02389    0.10933     0.02291    0.10786
428       0.02389    0.10933     0.02291    0.10786
429       0.02389    0.10933     0.02291    0.10786
430       0.02389    0.10933     0.02291    0.10786
431       0.02389    0.10933     0.02291    0.10786
432       0.02389    0.10933     0.02291    0.10786
433       0.02389    0.10933     0.02291    0.10786
434       0.02389    0.10933     0.02291    0.10786
435       0.02389    0.10933     0.02291    0.10786
436       0.02389    0.10933     0.02291    0.10786
437       0.02389    0.10933     0.02291    0.10786
438       0.02389    0.10933     0.02291    0.10786
439       0.02389    0.10933     0.02291    0.10786
440       0.02389    0.10933     0.02291    0.10786
441       0.02389    0.10933     0.02291    0.10786
442       0.02389    0.10933     0.02291    0.10786
443       0.02389    0.10933     0.02291    0.10786
444       0.02389    0.10933     0.02291    0.10786
445       0.02389    0.10933     0.02291    0.10786
446       0.02389    0.10933     0.02291    0.10786
447       0.02389    0.10933     0.02291    0.10786
448       0.02389    0.10933     0.02291    0.10786
449       0.02389    0.10933     0.02291    0.10786
450       0.02389    0.10933     0.02291    0.10786
451       0.02389    0.10933     0.02291    0.10786
452       0.02389    0.10933     0.02291    0.10786
453       0.02389    0.10933     0.02291    0.10786
454       0.02389    0.10933     0.02291    0.10786
455       0.02389    0.10933     0.02291    0.10786
456       0.02389    0.10933     0.02291    0.10786
457       0.02389    0.10933     0.02291    0.10786
458       0.02389    0.10933     0.02291    0.10786
459       0.02389    0.10933     0.02291    0.10786
460       0.02389    0.10933     0.02291    0.10786
461       0.02389    0.10933     0.02291    0.10786
462       0.02389    0.10933     0.02291    0.10786
463       0.02389    0.10933     0.02291    0.10786
464       0.02389    0.10933     0.02291    0.10786
465       0.02389    0.10933     0.02291    0.10786
466       0.02389    0.10933     0.02291    0.10786
467       0.02389    0.10933     0.02291    0.10786
468       0.02389    0.10933     0.02291    0.10786
469       0.02389    0.10933     0.02291    0.10786
470       0.02389    0.10933     0.02291    0.10786
471       0.02389    0.10933     0.02291    0.10786
472       0.02389    0.10933     0.02291    0.10786
473       0.02389    0.10933     0.02291    0.10786
474       0.02389    0.10933     0.02291    0.10786
475       0.02389    0.10933     0.02291    0.10786
476       0.02389    0.10933     0.02291    0.10786
477       0.02389    0.10933     0.02291    0.10786
478       0.02389    0.10933     0.02291    0.10786
479       0.02389    0.10933     0.02291    0.10786
480       0.02389    0.10933     0.02291    0.10786
481       0.02389    0.10933     0.02291    0.10786
482       0.02389    0.10933     0.02291    0.10786
483       0.02389    0.10933     0.02291    0.10786
484       0.02389    0.10933     0.02291    0.10786
485       0.02389    0.10933     0.02291    0.10786
486       0.02389    0.10933     0.02291    0.10786
487       0.02389    0.10933     0.02291    0.10786
488       0.02389    0.10933     0.02291    0.10786
489       0.02389    0.10933     0.02291    0.10786
490       0.02389    0.10933     0.02291    0.10786
491       0.02389    0.10933     0.02291    0.10786
492       0.02389    0.10933     0.02291    0.10786
493       0.02389    0.10933     0.02291    0.10786
494       0.02389    0.10933     0.02291    0.10786
495       0.02389    0.10933     0.02291    0.10786
496       0.02389    0.10933     0.02291    0.10786
497       0.02389    0.10933     0.02291    0.10786
498       0.02389    0.10933     0.02291    0.10786
499       0.02389    0.10933     0.02291    0.10786
500       0.02389    0.10933     0.02291    0.10786
501       0.02389    0.10933     0.02291    0.10786
502       0.02389    0.10933     0.02291    0.10786
503       0.02389    0.10933     0.02291    0.10786
504       0.02389    0.10933     0.02291    0.10786
505       0.02389    0.10933     0.02291    0.10786
506       0.02389    0.10933     0.02291    0.10786
507       0.02389    0.10933     0.02291    0.10786
508       0.02389    0.10933     0.02291    0.10786
509       0.02389    0.10933     0.02291    0.10786
510       0.02389    0.10933     0.02291    0.10786
511       0.02389    0.10933     0.02291    0.10786
512       0.02389    0.10933     0.02291    0.10786
513       0.02389    0.10933     0.02291    0.10786
514       0.02389    0.10933     0.02291    0.10786
515       0.02389    0.10933     0.02291    0.10786
516       0.02389    0.10933     0.02291    0.10786
517       0.02389    0.10933     0.02291    0.10786
518       0.02389    0.10933     0.02291    0.10786
519       0.02389    0.10933     0.02291    0.10786
520       0.02389    0.10933     0.02291    0.10786
521       0.02389    0.10933     0.02291    0.10786
522       0.02389    0.10933     0.02291    0.10786
523       0.02389    0.10933     0.02291    0.10786
524       0.02389    0.10933     0.02291    0.10786
525       0.02389    0.10933     0.02291    0.10786
526       0.02389    0.10933     0.02291    0.10786
527       0.02389    0.10933     0.02291    0.10786
528       0.02389    0.10933     0.02291    0.10786
529       0.02389    0.10933     0.02291    0.10786
530       0.02389    0.10933     0.02291    0.10786
531       0.02389    0.10933     0.02291    0.10786
532       0.02389    0.10933     0.02291    0.10786
533       0.02389    0.10933     0.02291    0.10786
534       0.02389    0.10933     0.02291    0.10786
535       0.02389    0.10933     0.02291    0.10786
536       0.02389    0.10933     0.02291    0.10786
537       0.02389    0.10933     0.02291    0.10786
538       0.02389    0.10933     0.02291    0.10786
539       0.02389    0.10933     0.02291    0.10786
540       0.02389    0.10933     0.02291    0.10786
541       0.02389    0.10933     0.02291    0.10786
542       0.02389    0.10933     0.02291    0.10786
543       0.02389    0.10933     0.02291    0.10786
544       0.02389    0.10933     0.02291    0.10786
545       0.02389    0.10933     0.02291    0.10786
546       0.02389    0.10933     0.02291    0.10786
547       0.02389    0.10933     0.02291    0.10786
548       0.02389    0.10933     0.02291    0.10786
549       0.02389    0.10933     0.02291    0.10786
550       0.02389    0.10933     0.02291    0.10786
551       0.02389    0.10933     0.02291    0.10786
552       0.02389    0.10933     0.02291    0.10786
553       0.02389    0.10933     0.02291    0.10786
554       0.02389    0.10933     0.02291    0.10786
555       0.02389    0.10933     0.02291    0.10786
556       0.02389    0.10933     0.02291    0.10786
557       0.02389    0.10933     0.02291    0.10786
558       0.02389    0.10933     0.02291    0.10786
559       0.02389    0.10933     0.02291    0.10786
560       0.02389    0.10933     0.02291    0.10786
561       0.02389    0.10933     0.02291    0.10786
562       0.02389    0.10933     0.02291    0.10786
563       0.02389    0.10933     0.02291    0.10786
564       0.02389    0.10933     0.02291    0.10786
565       0.02389    0.10933     0.02291    0.10786
566       0.02389    0.10933     0.02291    0.10786
567       0.02389    0.10933     0.02291    0.10786
568       0.02389    0.10933     0.02291    0.10786
569       0.02389    0.10933     0.02291    0.10786
570       0.02389    0.10933     0.02291    0.10786
571       0.02389    0.10933     0.02291    0.10786
572       0.02389    0.10933     0.02291    0.10786
573       0.02389    0.10933     0.02291    0.10786
574       0.02389    0.10933     0.02291    0.10786
575       0.02389    0.10933     0.02291    0.10786
576       0.02389    0.10933     0.02291    0.10786
577       0.02389    0.10933     0.02291    0.10786
578       0.02389    0.10933     0.02291    0.10786
579       0.02389    0.10933     0.02291    0.10786
580       0.02389    0.10933     0.02291    0.10786
581       0.02389    0.10933     0.02291    0.10786
582       0.02389    0.10933     0.02291    0.10786
583       0.02389    0.10933     0.02291    0.10786
584       0.02389    0.10933     0.02291    0.10786
585       0.02389    0.10933     0.02291    0.10786
586       0.02389    0.10933     0.02291    0.10786
587       0.02389    0.10933     0.02291    0.10786
588       0.02389    0.10933     0.02291    0.10786
589       0.02389    0.10933     0.02291    0.10786
590       0.02389    0.10933     0.02291    0.10786
591       0.02389    0.10933     0.02291    0.10786
592       0.02389    0.10933     0.02291    0.10786
593       0.02389    0.10933     0.02291    0.10786
594       0.02389    0.10933     0.02291    0.10786
595       0.02389    0.10933     0.02291    0.10786
596       0.02389    0.10933     0.02291    0.10786
597       0.02389    0.10933     0.02291    0.10786
598       0.02389    0.10933     0.02291    0.10786
599       0.02389    0.10933     0.02291    0.10786
600       0.02389    0.10933     0.02291    0.10786
601       0.02389    0.10933     0.02291    0.10786
602       0.02389    0.10933     0.02291    0.10786
603       0.02389    0.10933     0.02291    0.10786
604       0.02389    0.10933     0.02291    0.10786
605       0.02389    0.10933     0.02291    0.10786
606       0.02389    0.10933     0.02291    0.10786
607       0.02389    0.10933     0.02291    0.10786
608       0.02389    0.10933     0.02291    0.10786
609       0.02389    0.10933     0.02291    0.10786
610       0.02389    0.10933     0.02291    0.10786
611       0.02389    0.10933     0.02291    0.10786
612       0.02389    0.10933     0.02291    0.10786
613       0.02389    0.10933     0.02291    0.10786
614       0.02389    0.10933     0.02291    0.10786
615       0.02389    0.10933     0.02291    0.10786
616       0.02389    0.10933     0.02291    0.10786
617       0.02389    0.10933     0.02291    0.10786
618       0.02389    0.10933     0.02291    0.10786
619       0.02389    0.10933     0.02291    0.10786
620       0.02389    0.10933     0.02291    0.10786
621       0.02389    0.10933     0.02291    0.10786
622       0.02389    0.10933     0.02291    0.10786
623       0.02389    0.10933     0.02291    0.10786
624       0.02389    0.10933     0.02291    0.10786
625       0.02389    0.10933     0.02291    0.10786
626       0.02389    0.10933     0.02291    0.10786
627       0.02389    0.10933     0.02291    0.10786
628       0.02389    0.10933     0.02291    0.10786
629       0.02389    0.10933     0.02291    0.10786
630       0.02389    0.10933     0.02291    0.10786
631       0.02389    0.10933     0.02291    0.10786
632       0.02389    0.10933     0.02291    0.10786
633       0.02389    0.10933     0.02291    0.10786
634       0.02389    0.10933     0.02291    0.10786
635       0.02389    0.10933     0.02291    0.10786
636       0.02389    0.10933     0.02291    0.10786
637       0.02389    0.10933     0.02291    0.10786
638       0.02389    0.10933     0.02291    0.10786
639       0.02389    0.10933     0.02291    0.10786
640       0.02389    0.10933     0.02291    0.10786
641       0.02389    0.10933     0.02291    0.10786
642       0.02389    0.10933     0.02291    0.10786
643       0.02389    0.10933     0.02291    0.10786
644       0.02389    0.10933     0.02291    0.10786
645       0.02389    0.10933     0.02291    0.10786
646       0.02389    0.10933     0.02291    0.10786
647       0.02389    0.10933     0.02291    0.10786
648       0.02389    0.10933     0.02291    0.10786
649       0.02389    0.10933     0.02291    0.10786
650       0.02389    0.10933     0.02291    0.10786
651       0.02389    0.10933     0.02291    0.10786
652       0.02389    0.10933     0.02291    0.10786
653       0.02389    0.10933     0.02291    0.10786
654       0.02389    0.10933     0.02291    0.10786
655       0.02389    0.10933     0.02291    0.10786
656       0.02389    0.10933     0.02291    0.10786
657       0.02389    0.10933     0.02291    0.10786
658       0.02389    0.10933     0.02291    0.10786
659       0.02389    0.10933     0.02291    0.10786
660       0.02389    0.10933     0.02291    0.10786
661       0.02389    0.10933     0.02291    0.10786
662       0.02389    0.10933     0.02291    0.10786
663       0.02389    0.10933     0.02291    0.10786
664       0.02389    0.10933     0.02291    0.10786
665       0.02389    0.10933     0.02291    0.10786
666       0.02389    0.10933     0.02291    0.10786
667       0.02389    0.10933     0.02291    0.10786
668       0.02389    0.10933     0.02291    0.10786
669       0.02389    0.10933     0.02291    0.10786
670       0.02389    0.10933     0.02291    0.10786
671       0.02389    0.10933     0.02291    0.10786
672       0.02389    0.10933     0.02291    0.10786
673       0.02389    0.10933     0.02291    0.10786
674       0.02389    0.10933     0.02291    0.10786
675       0.02389    0.10933     0.02291    0.10786
676       0.02389    0.10933     0.02291    0.10786
677       0.02389    0.10933     0.02291    0.10786
678       0.02389    0.10933     0.02291    0.10786
679       0.02389    0.10933     0.02291    0.10786
680       0.02389    0.10933     0.02291    0.10786
681       0.02389    0.10933     0.02291    0.10786
682       0.02389    0.10933     0.02291    0.10786
683       0.02389    0.10933     0.02291    0.10786
684       0.02389    0.10933     0.02291    0.10786
685       0.02389    0.10933     0.02291    0.10786
686       0.02389    0.10933     0.02291    0.10786
687       0.02389    0.10933     0.02291    0.10786
688       0.02389    0.10933     0.02291    0.10786
689       0.02389    0.10933     0.02291    0.10786
690       0.02389    0.10933     0.02291    0.10786
691       0.02389    0.10933     0.02291    0.10786
692       0.02389    0.10933     0.02291    0.10786
693       0.02389    0.10933     0.02291    0.10786
694       0.02389    0.10933     0.02291    0.10786
695       0.02389    0.10933     0.02291    0.10786
696       0.02389    0.10933     0.02291    0.10786
697       0.02389    0.10933     0.02291    0.10786
698       0.02389    0.10933     0.02291    0.10786
699       0.02389    0.10933     0.02291    0.10786
700       0.02389    0.10933     0.02291    0.10786
701       0.02389    0.10933     0.02291    0.10786
702       0.02389    0.10933     0.02291    0.10786
703       0.02389    0.10933     0.02291    0.10786
704       0.02389    0.10933     0.02291    0.10786
705       0.02389    0.10933     0.02291    0.10786
706       0.02389    0.10933     0.02291    0.10786
707       0.02389    0.10933     0.02291    0.10786
708       0.02389    0.10933     0.02291    0.10786
709       0.02389    0.10933     0.02291    0.10786
710       0.02389    0.10933     0.02291    0.10786
711       0.02389    0.10933     0.02291    0.10786
712       0.02389    0.10933     0.02291    0.10786
713       0.02389    0.10933     0.02291    0.10786
714       0.02389    0.10933     0.02291    0.10786
715       0.02389    0.10933     0.02291    0.10786
716       0.02389    0.10933     0.02291    0.10786
717       0.02389    0.10933     0.02291    0.10786
718       0.02389    0.10933     0.02291    0.10786
719       0.02389    0.10933     0.02291    0.10786
720       0.02389    0.10933     0.02291    0.10786
721       0.02389    0.10933     0.02291    0.10786
722       0.02389    0.10933     0.02291    0.10786
723       0.02389    0.10933     0.02291    0.10786
724       0.02389    0.10933     0.02291    0.10786
725       0.02389    0.10933     0.02291    0.10786
726       0.02389    0.10933     0.02291    0.10786
727       0.02389    0.10933     0.02291    0.10786
728       0.02389    0.10933     0.02291    0.10786
729       0.02389    0.10933     0.02291    0.10786
730       0.02389    0.10933     0.02291    0.10786
731       0.02389    0.10933     0.02291    0.10786
732       0.02389    0.10933     0.02291    0.10786
733       0.02389    0.10933     0.02291    0.10786
734       0.02389    0.10933     0.02291    0.10786
735       0.02389    0.10933     0.02291    0.10786
736       0.02389    0.10933     0.02291    0.10786
737       0.02389    0.10933     0.02291    0.10786
738       0.02389    0.10933     0.02291    0.10786
739       0.02389    0.10933     0.02291    0.10786
740       0.02389    0.10933     0.02291    0.10786
741       0.02389    0.10933     0.02291    0.10786
742       0.02389    0.10933     0.02291    0.10786
743       0.02389    0.10933     0.02291    0.10786
744       0.02389    0.10933     0.02291    0.10786
745       0.02389    0.10933     0.02291    0.10786
746       0.02389    0.10933     0.02291    0.10786
747       0.02389    0.10933     0.02291    0.10786
748       0.02389    0.10933     0.02291    0.10786
749       0.02389    0.10933     0.02291    0.10786
750       0.02389    0.10933     0.02291    0.10786
751       0.02389    0.10933     0.02291    0.10786
752       0.02389    0.10933     0.02291    0.10786
753       0.02389    0.10933     0.02291    0.10786
754       0.02389    0.10933     0.02291    0.10786
755       0.02389    0.10933     0.02291    0.10786
756       0.02389    0.10933     0.02291    0.10786
757       0.02389    0.10933     0.02291    0.10786
758       0.02389    0.10933     0.02291    0.10786
759       0.02389    0.10933     0.02291    0.10786
760       0.02389    0.10933     0.02291    0.10786
761       0.02389    0.10933     0.02291    0.10786
762       0.02389    0.10933     0.02291    0.10786
763       0.02389    0.10933     0.02291    0.10786
764       0.02389    0.10933     0.02291    0.10786
765       0.02389    0.10933     0.02291    0.10786
766       0.02389    0.10933     0.02291    0.10786
767       0.02389    0.10933     0.02291    0.10786
768       0.02389    0.10933     0.02291    0.10786
769       0.02389    0.10933     0.02291    0.10786
770       0.02389    0.10933     0.02291    0.10786
771       0.02389    0.10933     0.02291    0.10786
772       0.02389    0.10933     0.02291    0.10786
773       0.02389    0.10933     0.02291    0.10786
774       0.02389    0.10933     0.02291    0.10786
775       0.02389    0.10933     0.02291    0.10786
776       0.02389    0.10933     0.02291    0.10786
777       0.02389    0.10933     0.02291    0.10786
778       0.02389    0.10933     0.02291    0.10786
779       0.02389    0.10933     0.02291    0.10786
780       0.02389    0.10933     0.02291    0.10786
781       0.02389    0.10933     0.02291    0.10786
782       0.02389    0.10933     0.02291    0.10786
783       0.02389    0.10933     0.02291    0.10786
784       0.02389    0.10933     0.02291    0.10786
785       0.02389    0.10933     0.02291    0.10786
786       0.02389    0.10933     0.02291    0.10786
787       0.02389    0.10933     0.02291    0.10786
788       0.02389    0.10933     0.02291    0.10786
789       0.02389    0.10933     0.02291    0.10786
790       0.02389    0.10933     0.02291    0.10786
791       0.02389    0.10933     0.02291    0.10786
792       0.02389    0.10933     0.02291    0.10786
793       0.02389    0.10933     0.02291    0.10786
794       0.02389    0.10933     0.02291    0.10786
795       0.02389    0.10933     0.02291    0.10786
796       0.02389    0.10933     0.02291    0.10786
797       0.02389    0.10933     0.02291    0.10786
798       0.02389    0.10933     0.02291    0.10786
799       0.02389    0.10933     0.02291    0.10786
800       0.02389    0.10933     0.02291    0.10786
801       0.02389    0.10933     0.02291    0.10786
802       0.02389    0.10933     0.02291    0.10786
803       0.02389    0.10933     0.02291    0.10786
804       0.02389    0.10933     0.02291    0.10786
805       0.02389    0.10933     0.02291    0.10786
806       0.02389    0.10933     0.02291    0.10786
807       0.02389    0.10933     0.02291    0.10786
808       0.02389    0.10933     0.02291    0.10786
809       0.02389    0.10933     0.02291    0.10786
810       0.02389    0.10933     0.02291    0.10786
811       0.02389    0.10933     0.02291    0.10786
812       0.02389    0.10933     0.02291    0.10786
813       0.02389    0.10933     0.02291    0.10786
814       0.02389    0.10933     0.02291    0.10786
815       0.02389    0.10933     0.02291    0.10786
816       0.02389    0.10933     0.02291    0.10786
817       0.02389    0.10933     0.02291    0.10786
818       0.02389    0.10933     0.02291    0.10786
819       0.02389    0.10933     0.02291    0.10786
820       0.02389    0.10933     0.02291    0.10786
821       0.02389    0.10933     0.02291    0.10786
822       0.02389    0.10933     0.02291    0.10786
823       0.02389    0.10933     0.02291    0.10786
824       0.02389    0.10933     0.02291    0.10786
825       0.02389    0.10933     0.02291    0.10786
826       0.02389    0.10933     0.02291    0.10786
827       0.02389    0.10933     0.02291    0.10786
828       0.02389    0.10933     0.02291    0.10786
829       0.02389    0.10933     0.02291    0.10786
830       0.02389    0.10933     0.02291    0.10786
831       0.02389    0.10933     0.02291    0.10786
832       0.02389    0.10933     0.02291    0.10786
833       0.02389    0.10933     0.02291    0.10786
834       0.02389    0.10933     0.02291    0.10786
835       0.02389    0.10933     0.02291    0.10786
836       0.02389    0.10933     0.02291    0.10786
837       0.02389    0.10933     0.02291    0.10786
838       0.02389    0.10933     0.02291    0.10786
839       0.02389    0.10933     0.02291    0.10786
840       0.02389    0.10933     0.02291    0.10786
841       0.02389    0.10933     0.02291    0.10786
842       0.02389    0.10933     0.02291    0.10786
843       0.02389    0.10933     0.02291    0.10786
844       0.02389    0.10933     0.02291    0.10786
845       0.02389    0.10933     0.02291    0.10786
846       0.02389    0.10933     0.02291    0.10786
847       0.02389    0.10933     0.02291    0.10786
848       0.02389    0.10933     0.02291    0.10786
849       0.02389    0.10933     0.02291    0.10786
850       0.02389    0.10933     0.02291    0.10786
851       0.02389    0.10933     0.02291    0.10786
852       0.02389    0.10933     0.02291    0.10786
853       0.02389    0.10933     0.02291    0.10786
854       0.02389    0.10933     0.02291    0.10786
855       0.02389    0.10933     0.02291    0.10786
856       0.02389    0.10933     0.02291    0.10786
857       0.02389    0.10933     0.02291    0.10786
858       0.02389    0.10933     0.02291    0.10786
859       0.02389    0.10933     0.02291    0.10786
860       0.02389    0.10933     0.02291    0.10786
861       0.02389    0.10933     0.02291    0.10786
862       0.02389    0.10933     0.02291    0.10786
863       0.02389    0.10933     0.02291    0.10786
864       0.02389    0.10933     0.02291    0.10786
865       0.02389    0.10933     0.02291    0.10786
866       0.02389    0.10933     0.02291    0.10786
867       0.02389    0.10933     0.02291    0.10786
868       0.02389    0.10933     0.02291    0.10786
869       0.02389    0.10933     0.02291    0.10786
870       0.02389    0.10933     0.02291    0.10786
871       0.02389    0.10933     0.02291    0.10786
872       0.02389    0.10933     0.02291    0.10786
873       0.02389    0.10933     0.02291    0.10786
874       0.02389    0.10933     0.02291    0.10786
875       0.02389    0.10933     0.02291    0.10786
876       0.02389    0.10933     0.02291    0.10786
877       0.02389    0.10933     0.02291    0.10786
878       0.02389    0.10933     0.02291    0.10786
879       0.02389    0.10933     0.02291    0.10786
880       0.02389    0.10933     0.02291    0.10786
881       0.02389    0.10933     0.02291    0.10786
882       0.02389    0.10933     0.02291    0.10786
883       0.02389    0.10933     0.02291    0.10786
884       0.02389    0.10933     0.02291    0.10786
885       0.02389    0.10933     0.02291    0.10786
886       0.02389    0.10933     0.02291    0.10786
887       0.02389    0.10933     0.02291    0.10786
888       0.02389    0.10933     0.02291    0.10786
889       0.02389    0.10933     0.02291    0.10786
890       0.02389    0.10933     0.02291    0.10786
891       0.02389    0.10933     0.02291    0.10786
892       0.02389    0.10933     0.02291    0.10786
893       0.02389    0.10933     0.02291    0.10786
894       0.02389    0.10933     0.02291    0.10786
895       0.02389    0.10933     0.02291    0.10786
896       0.02389    0.10933     0.02291    0.10786
897       0.02389    0.10933     0.02291    0.10786
898       0.02389    0.10933     0.02291    0.10786
899       0.02389    0.10933     0.02291    0.10786
900       0.02389    0.10933     0.02291    0.10786
901       0.02389    0.10933     0.02291    0.10786
902       0.02389    0.10933     0.02291    0.10786
903       0.02389    0.10933     0.02291    0.10786
904       0.02389    0.10933     0.02291    0.10786
905       0.02389    0.10933     0.02291    0.10786
906       0.02389    0.10933     0.02291    0.10786
907       0.02389    0.10933     0.02291    0.10786
908       0.02389    0.10933     0.02291    0.10786
909       0.02389    0.10933     0.02291    0.10786
910       0.02389    0.10933     0.02291    0.10786
911       0.02389    0.10933     0.02291    0.10786
912       0.02389    0.10933     0.02291    0.10786
913       0.02389    0.10933     0.02291    0.10786
914       0.02389    0.10933     0.02291    0.10786
915       0.02389    0.10933     0.02291    0.10786
916       0.02389    0.10933     0.02291    0.10786
917       0.02389    0.10933     0.02291    0.10786
918       0.02389    0.10933     0.02291    0.10786
919       0.02389    0.10933     0.02291    0.10786
920       0.02389    0.10933     0.02291    0.10786
921       0.02389    0.10933     0.02291    0.10786
922       0.02389    0.10933     0.02291    0.10786
923       0.02389    0.10933     0.02291    0.10786
924       0.02389    0.10933     0.02291    0.10786
925       0.02389    0.10933     0.02291    0.10786
926       0.02389    0.10933     0.02291    0.10786
927       0.02389    0.10933     0.02291    0.10786
928       0.02389    0.10933     0.02291    0.10786
929       0.02389    0.10933     0.02291    0.10786
930       0.02389    0.10933     0.02291    0.10786
931       0.02389    0.10933     0.02291    0.10786
932       0.02389    0.10933     0.02291    0.10786
933       0.02389    0.10933     0.02291    0.10786
934       0.02389    0.10933     0.02291    0.10786
935       0.02389    0.10933     0.02291    0.10786
936       0.02389    0.10933     0.02291    0.10786
937       0.02389    0.10933     0.02291    0.10786
938       0.02389    0.10933     0.02291    0.10786
939       0.02389    0.10933     0.02291    0.10786
940       0.02389    0.10933     0.02291    0.10786
941       0.02389    0.10933     0.02291    0.10786
942       0.02389    0.10933     0.02291    0.10786
943       0.02389    0.10933     0.02291    0.10786
944       0.02389    0.10933     0.02291    0.10786
945       0.02389    0.10933     0.02291    0.10786
946       0.02389    0.10933     0.02291    0.10786
947       0.02389    0.10933     0.02291    0.10786
948       0.02389    0.10933     0.02291    0.10786
949       0.02389    0.10933     0.02291    0.10786
950       0.02389    0.10933     0.02291    0.10786
951       0.02389    0.10933     0.02291    0.10786
952       0.02389    0.10933     0.02291    0.10786
953       0.02389    0.10933     0.02291    0.10786
954       0.02389    0.10933     0.02291    0.10786
955       0.02389    0.10933     0.02291    0.10786
956       0.02389    0.10933     0.02291    0.10786
957       0.02389    0.10933     0.02291    0.10786
958       0.02389    0.10933     0.02291    0.10786
959       0.02389    0.10933     0.02291    0.10786
960       0.02389    0.10933     0.02291    0.10786
961       0.02389    0.10933     0.02291    0.10786
962       0.02389    0.10933     0.02291    0.10786
963       0.02389    0.10933     0.02291    0.10786
964       0.02389    0.10933     0.02291    0.10786
965       0.02389    0.10933     0.02291    0.10786
966       0.02389    0.10933     0.02291    0.10786
967       0.02389    0.10933     0.02291    0.10786
968       0.02389    0.10933     0.02291    0.10786
969       0.02389    0.10933     0.02291    0.10786
970       0.02389    0.10933     0.02291    0.10786
971       0.02389    0.10933     0.02291    0.10786
972       0.02389    0.10933     0.02291    0.10786
973       0.02389    0.10933     0.02291    0.10786
974       0.02389    0.10933     0.02291    0.10786
975       0.02389    0.10933     0.02291    0.10786
976       0.02389    0.10933     0.02291    0.10786
977       0.02389    0.10933     0.02291    0.10786
978       0.02389    0.10933     0.02291    0.10786
979       0.02389    0.10933     0.02291    0.10786
980       0.02389    0.10933     0.02291    0.10786
981       0.02389    0.10933     0.02291    0.10786
982       0.02389    0.10933     0.02291    0.10786
983       0.02389    0.10933     0.02291    0.10786
984       0.02389    0.10933     0.02291    0.10786
985       0.02389    0.10933     0.02291    0.10786
986       0.02389    0.10933     0.02291    0.10786
987       0.02389    0.10933     0.02291    0.10786
988       0.02389    0.10933     0.02291    0.10786
989       0.02389    0.10933     0.02291    0.10786
990       0.02389    0.10933     0.02291    0.10786
991       0.02389    0.10933     0.02291    0.10786
992       0.02389    0.10933     0.02291    0.10786
993       0.02389    0.10933     0.02291    0.10786
994       0.02389    0.10933     0.02291    0.10786
995       0.02389    0.10933     0.02291    0.10786
996       0.02389    0.10933     0.02291    0.10786
997       0.02389    0.10933     0.02291    0.10786
998       0.02389    0.10933     0.02291    0.10786
999       0.02389    0.10933     0.02291    0.10786
1000       0.02389    0.10933     0.02291    0.10786
1001       0.02389    0.10933     0.02291    0.10786
1002       0.02389    0.10933     0.02291    0.10786
1003       0.02389    0.10933     0.02291    0.10786
1004       0.02389    0.10933     0.02291    0.10786
1005       0.02389    0.10933     0.02291    0.10786
1006       0.02389    0.10933     0.02291    0.10786
1007       0.02389    0.10933     0.02291    0.10786
1008       0.02389    0.10933     0.02291    0.10786
1009       0.02389    0.10933     0.02291    0.10786
1010       0.02389    0.10933     0.02291    0.10786
1011       0.02389    0.10933     0.02291    0.10786
1012       0.02389    0.10933     0.02291    0.10786
1013       0.02389    0.10933     0.02291    0.10786    0.02502    0.10919