Ciclo   TrainMSE   TrainMAE   ValidMSE   ValidMAE   TestMSE     TestMAE
----------------------------------------------------------------------- 
0       0.02423    0.10888     0.02291    0.10658
1       0.02347    0.10691     0.02217    0.10482
2       0.02317    0.10621     0.02188    0.10421
3       0.02296    0.10571     0.02167    0.10378
4       0.02278    0.10528     0.02149    0.10344
5       0.02262    0.10494     0.02134    0.10316
6       0.02249    0.10465     0.02121    0.10291
7       0.02239    0.10441     0.02110    0.10271
8       0.02229    0.10421     0.02101    0.10256
9       0.02221    0.10405     0.02094    0.10244
10       0.02215    0.10392     0.02087    0.10234
11       0.02209    0.10381     0.02082    0.10226
12       0.02204    0.10373     0.02077    0.10221
13       0.02200    0.10366     0.02074    0.10217
14       0.02196    0.10360     0.02071    0.10213
15       0.02193    0.10356     0.02068    0.10211
16       0.02190    0.10352     0.02066    0.10209
17       0.02188    0.10349     0.02064    0.10207
18       0.02186    0.10347     0.02062    0.10207
19       0.02184    0.10346     0.02061    0.10207
20       0.02183    0.10344     0.02060    0.10206
21       0.02182    0.10343     0.02059    0.10206
22       0.02181    0.10343     0.02058    0.10207
23       0.02180    0.10342     0.02058    0.10207
24       0.02179    0.10342     0.02057    0.10207
25       0.02178    0.10341     0.02056    0.10208
26       0.02177    0.10341     0.02056    0.10208
27       0.02177    0.10341     0.02056    0.10209
28       0.02176    0.10342     0.02056    0.10209
29       0.02176    0.10342     0.02055    0.10210
30       0.02175    0.10342     0.02055    0.10211
31       0.02175    0.10342     0.02055    0.10211
32       0.02175    0.10342     0.02055    0.10212
33       0.02174    0.10343     0.02055    0.10212
34       0.02174    0.10343     0.02055    0.10213
35       0.02174    0.10343     0.02055    0.10213
36       0.02174    0.10343     0.02055    0.10214
37       0.02173    0.10344     0.02054    0.10214
38       0.02173    0.10344     0.02054    0.10215
39       0.02173    0.10344     0.02054    0.10215
40       0.02173    0.10344     0.02054    0.10215
41       0.02173    0.10345     0.02054    0.10216
42       0.02173    0.10345     0.02054    0.10216
43       0.02173    0.10345     0.02054    0.10216
44       0.02172    0.10345     0.02054    0.10217
45       0.02172    0.10346     0.02054    0.10217
46       0.02172    0.10346     0.02054    0.10217
47       0.02172    0.10346     0.02054    0.10218
48       0.02172    0.10346     0.02054    0.10218
49       0.02172    0.10346     0.02054    0.10218
50       0.02172    0.10346     0.02054    0.10218
51       0.02172    0.10347     0.02054    0.10218
52       0.02172    0.10347     0.02054    0.10219
53       0.02172    0.10347     0.02054    0.10219
54       0.02172    0.10347     0.02054    0.10219
55       0.02172    0.10347     0.02054    0.10219
56       0.02172    0.10347     0.02054    0.10219
57       0.02172    0.10347     0.02054    0.10220
58       0.02172    0.10347     0.02054    0.10220
59       0.02172    0.10348     0.02054    0.10220
60       0.02172    0.10348     0.02054    0.10220
61       0.02172    0.10348     0.02054    0.10220
62       0.02172    0.10348     0.02054    0.10220
63       0.02172    0.10348     0.02054    0.10220
64       0.02172    0.10348     0.02054    0.10220
65       0.02172    0.10348     0.02054    0.10220
66       0.02171    0.10348     0.02054    0.10221
67       0.02171    0.10348     0.02054    0.10221
68       0.02171    0.10348     0.02054    0.10221
69       0.02171    0.10348     0.02054    0.10221
70       0.02171    0.10348     0.02054    0.10221
71       0.02171    0.10348     0.02054    0.10221
72       0.02171    0.10348     0.02054    0.10221
73       0.02171    0.10348     0.02054    0.10221
74       0.02171    0.10349     0.02054    0.10221
75       0.02171    0.10349     0.02054    0.10221
76       0.02171    0.10349     0.02054    0.10221
77       0.02171    0.10349     0.02054    0.10221
78       0.02171    0.10349     0.02054    0.10221
79       0.02171    0.10349     0.02054    0.10221
80       0.02171    0.10349     0.02054    0.10221
81       0.02171    0.10349     0.02054    0.10221
82       0.02171    0.10349     0.02054    0.10221
83       0.02171    0.10349     0.02054    0.10222
84       0.02171    0.10349     0.02054    0.10222
85       0.02171    0.10349     0.02054    0.10222
86       0.02171    0.10349     0.02054    0.10222
87       0.02171    0.10349     0.02054    0.10222
88       0.02171    0.10349     0.02054    0.10222
89       0.02171    0.10349     0.02054    0.10222
90       0.02171    0.10349     0.02054    0.10222
91       0.02171    0.10349     0.02054    0.10222
92       0.02171    0.10349     0.02054    0.10222
93       0.02171    0.10349     0.02054    0.10222
94       0.02171    0.10349     0.02054    0.10222
95       0.02171    0.10349     0.02054    0.10222
96       0.02171    0.10349     0.02054    0.10222
97       0.02171    0.10349     0.02054    0.10222
98       0.02171    0.10349     0.02054    0.10222
99       0.02171    0.10349     0.02054    0.10222
100       0.02171    0.10349     0.02054    0.10222
101       0.02171    0.10349     0.02054    0.10222
102       0.02171    0.10349     0.02054    0.10222
103       0.02171    0.10349     0.02054    0.10222
104       0.02171    0.10349     0.02054    0.10222
105       0.02171    0.10349     0.02054    0.10222
106       0.02171    0.10349     0.02054    0.10222
107       0.02171    0.10349     0.02054    0.10222
108       0.02171    0.10349     0.02054    0.10222
109       0.02171    0.10349     0.02054    0.10222
110       0.02171    0.10349     0.02054    0.10222
111       0.02171    0.10349     0.02054    0.10222
112       0.02171    0.10349     0.02054    0.10222
113       0.02171    0.10349     0.02054    0.10222
114       0.02171    0.10349     0.02054    0.10222
115       0.02171    0.10349     0.02054    0.10222
116       0.02171    0.10349     0.02054    0.10222
117       0.02171    0.10349     0.02054    0.10222
118       0.02171    0.10349     0.02054    0.10222
119       0.02171    0.10349     0.02054    0.10222
120       0.02171    0.10349     0.02054    0.10222
121       0.02171    0.10349     0.02054    0.10222
122       0.02171    0.10349     0.02054    0.10222
123       0.02171    0.10349     0.02054    0.10222
124       0.02171    0.10349     0.02054    0.10222
125       0.02171    0.10349     0.02054    0.10222
126       0.02171    0.10349     0.02054    0.10222
127       0.02171    0.10350     0.02054    0.10222
128       0.02171    0.10350     0.02054    0.10222
129       0.02171    0.10350     0.02054    0.10222
130       0.02171    0.10350     0.02054    0.10222
131       0.02171    0.10350     0.02054    0.10222
132       0.02171    0.10350     0.02054    0.10222
133       0.02171    0.10350     0.02054    0.10222
134       0.02171    0.10350     0.02054    0.10222
135       0.02171    0.10350     0.02054    0.10222
136       0.02171    0.10350     0.02054    0.10222
137       0.02171    0.10350     0.02054    0.10222
138       0.02171    0.10350     0.02054    0.10222
139       0.02171    0.10350     0.02054    0.10222
140       0.02171    0.10350     0.02054    0.10222
141       0.02171    0.10350     0.02054    0.10222
142       0.02171    0.10350     0.02054    0.10222
143       0.02171    0.10350     0.02054    0.10222
144       0.02171    0.10350     0.02054    0.10222
145       0.02171    0.10350     0.02054    0.10222
146       0.02171    0.10350     0.02054    0.10222
147       0.02171    0.10350     0.02054    0.10222
148       0.02171    0.10350     0.02054    0.10222
149       0.02171    0.10350     0.02054    0.10222
150       0.02171    0.10350     0.02054    0.10222
151       0.02171    0.10350     0.02054    0.10222
152       0.02171    0.10350     0.02054    0.10222
153       0.02171    0.10350     0.02054    0.10222
154       0.02171    0.10350     0.02054    0.10222
155       0.02171    0.10350     0.02054    0.10222
156       0.02171    0.10350     0.02054    0.10222
157       0.02171    0.10350     0.02054    0.10222
158       0.02171    0.10350     0.02054    0.10222
159       0.02171    0.10350     0.02054    0.10222
160       0.02171    0.10350     0.02054    0.10222
161       0.02171    0.10350     0.02054    0.10222
162       0.02171    0.10350     0.02054    0.10222
163       0.02171    0.10350     0.02054    0.10222
164       0.02171    0.10350     0.02054    0.10222
165       0.02171    0.10350     0.02054    0.10222
166       0.02171    0.10350     0.02054    0.10222
167       0.02171    0.10350     0.02054    0.10222
168       0.02171    0.10350     0.02054    0.10222
169       0.02171    0.10350     0.02054    0.10222
170       0.02171    0.10350     0.02054    0.10222
171       0.02171    0.10350     0.02054    0.10222
172       0.02171    0.10350     0.02054    0.10222
173       0.02171    0.10350     0.02054    0.10222
174       0.02171    0.10350     0.02054    0.10222
175       0.02171    0.10350     0.02054    0.10222
176       0.02171    0.10350     0.02054    0.10222
177       0.02171    0.10350     0.02054    0.10222
178       0.02171    0.10350     0.02054    0.10222
179       0.02171    0.10350     0.02054    0.10222
180       0.02171    0.10350     0.02054    0.10222
181       0.02171    0.10350     0.02054    0.10222
182       0.02171    0.10350     0.02054    0.10222
183       0.02171    0.10350     0.02054    0.10222
184       0.02171    0.10350     0.02054    0.10222
185       0.02171    0.10350     0.02054    0.10222
186       0.02171    0.10350     0.02054    0.10222
187       0.02171    0.10350     0.02054    0.10222
188       0.02171    0.10350     0.02054    0.10222
189       0.02171    0.10350     0.02054    0.10222
190       0.02171    0.10350     0.02054    0.10222
191       0.02171    0.10350     0.02054    0.10222
192       0.02171    0.10350     0.02054    0.10222
193       0.02171    0.10350     0.02054    0.10222
194       0.02171    0.10350     0.02054    0.10222
195       0.02171    0.10350     0.02054    0.10222
196       0.02171    0.10350     0.02054    0.10222
197       0.02171    0.10350     0.02054    0.10222
198       0.02171    0.10350     0.02054    0.10222
199       0.02171    0.10350     0.02054    0.10222
200       0.02171    0.10350     0.02054    0.10222
201       0.02171    0.10350     0.02054    0.10222
202       0.02171    0.10350     0.02054    0.10222
203       0.02171    0.10350     0.02054    0.10222
204       0.02171    0.10350     0.02054    0.10222
205       0.02171    0.10350     0.02054    0.10222
206       0.02171    0.10350     0.02054    0.10222
207       0.02171    0.10350     0.02054    0.10222
208       0.02171    0.10350     0.02054    0.10222
209       0.02171    0.10350     0.02054    0.10222
210       0.02171    0.10350     0.02054    0.10222
211       0.02171    0.10350     0.02054    0.10222
212       0.02171    0.10350     0.02054    0.10222
213       0.02171    0.10350     0.02054    0.10222
214       0.02171    0.10350     0.02054    0.10222
215       0.02171    0.10350     0.02054    0.10222
216       0.02171    0.10350     0.02054    0.10222
217       0.02171    0.10350     0.02054    0.10222
218       0.02171    0.10350     0.02054    0.10223
219       0.02171    0.10350     0.02054    0.10223
220       0.02171    0.10350     0.02054    0.10223
221       0.02171    0.10350     0.02054    0.10223
222       0.02171    0.10350     0.02054    0.10223
223       0.02171    0.10350     0.02054    0.10223
224       0.02171    0.10350     0.02054    0.10223
225       0.02171    0.10350     0.02054    0.10223
226       0.02171    0.10350     0.02054    0.10223
227       0.02171    0.10350     0.02054    0.10223
228       0.02171    0.10350     0.02054    0.10223
229       0.02171    0.10350     0.02054    0.10223
230       0.02171    0.10350     0.02054    0.10223
231       0.02171    0.10350     0.02054    0.10223
232       0.02171    0.10350     0.02054    0.10223
233       0.02171    0.10350     0.02054    0.10223
234       0.02171    0.10350     0.02054    0.10223
235       0.02171    0.10350     0.02054    0.10223
236       0.02171    0.10350     0.02054    0.10223
237       0.02171    0.10350     0.02054    0.10223
238       0.02171    0.10350     0.02054    0.10223
239       0.02171    0.10350     0.02054    0.10223
240       0.02171    0.10350     0.02054    0.10223
241       0.02171    0.10350     0.02054    0.10223
242       0.02171    0.10350     0.02054    0.10223
243       0.02171    0.10350     0.02054    0.10223
244       0.02171    0.10350     0.02054    0.10223
245       0.02171    0.10350     0.02054    0.10223
246       0.02171    0.10350     0.02054    0.10223
247       0.02171    0.10350     0.02054    0.10223
248       0.02171    0.10350     0.02054    0.10223
249       0.02171    0.10350     0.02054    0.10223
250       0.02171    0.10350     0.02054    0.10223
251       0.02171    0.10350     0.02054    0.10223
252       0.02171    0.10350     0.02054    0.10223
253       0.02171    0.10350     0.02054    0.10223
254       0.02171    0.10350     0.02054    0.10223
255       0.02171    0.10350     0.02054    0.10223
256       0.02171    0.10350     0.02054    0.10223
257       0.02171    0.10350     0.02054    0.10223
258       0.02171    0.10350     0.02054    0.10223
259       0.02171    0.10350     0.02054    0.10223
260       0.02171    0.10350     0.02054    0.10223
261       0.02171    0.10350     0.02054    0.10223
262       0.02171    0.10350     0.02054    0.10223
263       0.02171    0.10350     0.02054    0.10223
264       0.02171    0.10350     0.02054    0.10223
265       0.02171    0.10350     0.02054    0.10223
266       0.02171    0.10350     0.02054    0.10223
267       0.02171    0.10350     0.02054    0.10223
268       0.02171    0.10350     0.02054    0.10223
269       0.02171    0.10350     0.02054    0.10223
270       0.02171    0.10350     0.02054    0.10223
271       0.02171    0.10350     0.02054    0.10223
272       0.02171    0.10350     0.02054    0.10223
273       0.02171    0.10350     0.02054    0.10223
274       0.02171    0.10350     0.02054    0.10223
275       0.02171    0.10350     0.02054    0.10223
276       0.02171    0.10350     0.02054    0.10223
277       0.02171    0.10350     0.02054    0.10223
278       0.02171    0.10350     0.02054    0.10223
279       0.02171    0.10350     0.02054    0.10223
280       0.02171    0.10350     0.02054    0.10223
281       0.02171    0.10350     0.02054    0.10223
282       0.02171    0.10350     0.02054    0.10223
283       0.02171    0.10350     0.02054    0.10223
284       0.02171    0.10350     0.02054    0.10223
285       0.02171    0.10350     0.02054    0.10223
286       0.02171    0.10350     0.02054    0.10223
287       0.02171    0.10350     0.02054    0.10223
288       0.02171    0.10350     0.02054    0.10223
289       0.02171    0.10350     0.02054    0.10223
290       0.02171    0.10350     0.02054    0.10223
291       0.02171    0.10350     0.02054    0.10223
292       0.02171    0.10350     0.02054    0.10223
293       0.02171    0.10350     0.02054    0.10223
294       0.02171    0.10350     0.02054    0.10223
295       0.02171    0.10350     0.02054    0.10223
296       0.02171    0.10350     0.02054    0.10223
297       0.02171    0.10350     0.02054    0.10223
298       0.02171    0.10350     0.02054    0.10223
299       0.02171    0.10350     0.02054    0.10223
300       0.02171    0.10350     0.02054    0.10223
301       0.02171    0.10350     0.02054    0.10223
302       0.02171    0.10350     0.02054    0.10223
303       0.02171    0.10350     0.02054    0.10223
304       0.02171    0.10350     0.02054    0.10223
305       0.02171    0.10350     0.02054    0.10223
306       0.02171    0.10350     0.02054    0.10223
307       0.02171    0.10350     0.02054    0.10223
308       0.02171    0.10350     0.02054    0.10223
309       0.02171    0.10350     0.02054    0.10223
310       0.02171    0.10350     0.02054    0.10223
311       0.02171    0.10350     0.02054    0.10223
312       0.02171    0.10350     0.02054    0.10223
313       0.02171    0.10350     0.02054    0.10223
314       0.02171    0.10350     0.02054    0.10223
315       0.02171    0.10350     0.02054    0.10223
316       0.02171    0.10350     0.02054    0.10223
317       0.02171    0.10350     0.02054    0.10223
318       0.02171    0.10350     0.02054    0.10223
319       0.02171    0.10350     0.02054    0.10223
320       0.02171    0.10350     0.02054    0.10223
321       0.02171    0.10350     0.02054    0.10223
322       0.02171    0.10350     0.02054    0.10223
323       0.02171    0.10350     0.02054    0.10223
324       0.02171    0.10350     0.02054    0.10223
325       0.02171    0.10350     0.02054    0.10223
326       0.02171    0.10350     0.02054    0.10223
327       0.02171    0.10350     0.02054    0.10223
328       0.02171    0.10350     0.02054    0.10223
329       0.02171    0.10350     0.02054    0.10223
330       0.02171    0.10350     0.02054    0.10223
331       0.02171    0.10350     0.02054    0.10223
332       0.02171    0.10350     0.02054    0.10223
333       0.02171    0.10350     0.02054    0.10223
334       0.02171    0.10350     0.02054    0.10223
335       0.02171    0.10350     0.02054    0.10223
336       0.02171    0.10350     0.02054    0.10223
337       0.02171    0.10350     0.02054    0.10223
338       0.02171    0.10350     0.02054    0.10223
339       0.02171    0.10350     0.02054    0.10223
340       0.02171    0.10350     0.02054    0.10223
341       0.02171    0.10350     0.02054    0.10223
342       0.02171    0.10350     0.02054    0.10223
343       0.02171    0.10350     0.02054    0.10223
344       0.02171    0.10350     0.02054    0.10223
345       0.02171    0.10350     0.02054    0.10223
346       0.02171    0.10350     0.02054    0.10223
347       0.02171    0.10350     0.02054    0.10223
348       0.02171    0.10350     0.02054    0.10223
349       0.02171    0.10350     0.02054    0.10223
350       0.02171    0.10350     0.02054    0.10223
351       0.02171    0.10350     0.02054    0.10223
352       0.02171    0.10350     0.02054    0.10223
353       0.02171    0.10350     0.02054    0.10223
354       0.02171    0.10350     0.02054    0.10223
355       0.02171    0.10350     0.02054    0.10223
356       0.02171    0.10350     0.02054    0.10223
357       0.02171    0.10350     0.02054    0.10223
358       0.02171    0.10350     0.02054    0.10223
359       0.02171    0.10350     0.02054    0.10223
360       0.02171    0.10350     0.02054    0.10223
361       0.02171    0.10350     0.02054    0.10223
362       0.02171    0.10350     0.02054    0.10223
363       0.02171    0.10350     0.02054    0.10223
364       0.02171    0.10350     0.02054    0.10223
365       0.02171    0.10350     0.02054    0.10223
366       0.02171    0.10350     0.02054    0.10223
367       0.02171    0.10350     0.02054    0.10223
368       0.02171    0.10350     0.02054    0.10223
369       0.02171    0.10350     0.02054    0.10223
370       0.02171    0.10350     0.02054    0.10223
371       0.02171    0.10350     0.02054    0.10223
372       0.02171    0.10350     0.02054    0.10223
373       0.02171    0.10350     0.02054    0.10223
374       0.02171    0.10350     0.02054    0.10223
375       0.02171    0.10350     0.02054    0.10223
376       0.02171    0.10350     0.02054    0.10223
377       0.02171    0.10350     0.02054    0.10223
378       0.02171    0.10350     0.02054    0.10223
379       0.02171    0.10350     0.02054    0.10223
380       0.02171    0.10350     0.02054    0.10223
381       0.02171    0.10350     0.02054    0.10223
382       0.02171    0.10350     0.02054    0.10223
383       0.02171    0.10350     0.02054    0.10223
384       0.02171    0.10350     0.02054    0.10223
385       0.02171    0.10350     0.02054    0.10223
386       0.02171    0.10350     0.02054    0.10223
387       0.02171    0.10350     0.02054    0.10223
388       0.02171    0.10350     0.02054    0.10223
389       0.02171    0.10350     0.02054    0.10223
390       0.02171    0.10350     0.02054    0.10223
391       0.02171    0.10350     0.02054    0.10223
392       0.02171    0.10350     0.02054    0.10223
393       0.02171    0.10350     0.02054    0.10223
394       0.02171    0.10350     0.02054    0.10223
395       0.02171    0.10350     0.02054    0.10223
396       0.02171    0.10350     0.02054    0.10223
397       0.02171    0.10350     0.02054    0.10223
398       0.02171    0.10350     0.02054    0.10223
399       0.02171    0.10350     0.02054    0.10223
400       0.02171    0.10350     0.02054    0.10223
401       0.02171    0.10350     0.02054    0.10223
402       0.02171    0.10350     0.02054    0.10223
403       0.02171    0.10350     0.02054    0.10223
404       0.02171    0.10350     0.02054    0.10223
405       0.02171    0.10350     0.02054    0.10223
406       0.02171    0.10350     0.02054    0.10223
407       0.02171    0.10350     0.02054    0.10223
408       0.02171    0.10350     0.02054    0.10223
409       0.02171    0.10350     0.02054    0.10223
410       0.02171    0.10350     0.02054    0.10223
411       0.02171    0.10350     0.02054    0.10223
412       0.02171    0.10350     0.02054    0.10223
413       0.02171    0.10350     0.02054    0.10223
414       0.02171    0.10350     0.02054    0.10223
415       0.02171    0.10350     0.02054    0.10223
416       0.02171    0.10350     0.02054    0.10223
417       0.02171    0.10350     0.02054    0.10223
418       0.02171    0.10350     0.02054    0.10223
419       0.02171    0.10350     0.02054    0.10223
420       0.02171    0.10350     0.02054    0.10223
421       0.02171    0.10350     0.02054    0.10223
422       0.02171    0.10350     0.02054    0.10223
423       0.02171    0.10350     0.02054    0.10223
424       0.02171    0.10350     0.02054    0.10223
425       0.02171    0.10350     0.02054    0.10223
426       0.02171    0.10350     0.02054    0.10223
427       0.02171    0.10350     0.02054    0.10223
428       0.02171    0.10350     0.02054    0.10223
429       0.02171    0.10350     0.02054    0.10223
430       0.02171    0.10350     0.02054    0.10223
431       0.02171    0.10350     0.02054    0.10223
432       0.02171    0.10350     0.02054    0.10223
433       0.02171    0.10350     0.02054    0.10223
434       0.02171    0.10350     0.02054    0.10223
435       0.02171    0.10350     0.02054    0.10223
436       0.02171    0.10350     0.02054    0.10223
437       0.02171    0.10350     0.02054    0.10223
438       0.02171    0.10350     0.02054    0.10223
439       0.02171    0.10350     0.02054    0.10223
440       0.02171    0.10350     0.02054    0.10223
441       0.02171    0.10350     0.02054    0.10223
442       0.02171    0.10350     0.02054    0.10223
443       0.02171    0.10350     0.02054    0.10223
444       0.02171    0.10350     0.02054    0.10223
445       0.02171    0.10350     0.02054    0.10223
446       0.02171    0.10350     0.02054    0.10223
447       0.02171    0.10350     0.02054    0.10223
448       0.02171    0.10350     0.02054    0.10223
449       0.02171    0.10350     0.02054    0.10223
450       0.02171    0.10350     0.02054    0.10223
451       0.02171    0.10350     0.02054    0.10223
452       0.02171    0.10350     0.02054    0.10223
453       0.02171    0.10350     0.02054    0.10223
454       0.02171    0.10350     0.02054    0.10223
455       0.02171    0.10350     0.02054    0.10223
456       0.02171    0.10350     0.02054    0.10223
457       0.02171    0.10350     0.02054    0.10223
458       0.02171    0.10350     0.02054    0.10223
459       0.02171    0.10350     0.02054    0.10223
460       0.02171    0.10350     0.02054    0.10223
461       0.02171    0.10350     0.02054    0.10223
462       0.02171    0.10350     0.02054    0.10223
463       0.02171    0.10350     0.02054    0.10223
464       0.02171    0.10350     0.02054    0.10223
465       0.02171    0.10350     0.02054    0.10223
466       0.02171    0.10350     0.02054    0.10223
467       0.02171    0.10350     0.02054    0.10223
468       0.02171    0.10350     0.02054    0.10223
469       0.02171    0.10350     0.02054    0.10223
470       0.02171    0.10350     0.02054    0.10223
471       0.02171    0.10350     0.02054    0.10223
472       0.02171    0.10350     0.02054    0.10223
473       0.02171    0.10350     0.02054    0.10223
474       0.02171    0.10350     0.02054    0.10223
475       0.02171    0.10350     0.02054    0.10223
476       0.02171    0.10350     0.02054    0.10223
477       0.02171    0.10350     0.02054    0.10223
478       0.02171    0.10350     0.02054    0.10223
479       0.02171    0.10350     0.02054    0.10223
480       0.02171    0.10350     0.02054    0.10223
481       0.02171    0.10350     0.02054    0.10223
482       0.02171    0.10350     0.02054    0.10223
483       0.02171    0.10350     0.02054    0.10223
484       0.02171    0.10350     0.02054    0.10223
485       0.02171    0.10350     0.02054    0.10223
486       0.02171    0.10350     0.02054    0.10223
487       0.02171    0.10350     0.02054    0.10223
488       0.02171    0.10350     0.02054    0.10223
489       0.02171    0.10350     0.02054    0.10223
490       0.02171    0.10350     0.02054    0.10223
491       0.02171    0.10350     0.02054    0.10223
492       0.02171    0.10350     0.02054    0.10223
493       0.02171    0.10350     0.02054    0.10223
494       0.02171    0.10350     0.02054    0.10223
495       0.02171    0.10350     0.02054    0.10223
496       0.02171    0.10350     0.02054    0.10223
497       0.02171    0.10350     0.02054    0.10223
498       0.02171    0.10350     0.02054    0.10223
499       0.02171    0.10350     0.02054    0.10223
500       0.02171    0.10350     0.02054    0.10223
501       0.02171    0.10350     0.02054    0.10223
502       0.02171    0.10350     0.02054    0.10223
503       0.02171    0.10350     0.02054    0.10223
504       0.02171    0.10350     0.02054    0.10223
505       0.02171    0.10350     0.02054    0.10223
506       0.02171    0.10350     0.02054    0.10223
507       0.02171    0.10350     0.02054    0.10223
508       0.02171    0.10350     0.02054    0.10223
509       0.02171    0.10350     0.02054    0.10223
510       0.02171    0.10350     0.02054    0.10223
511       0.02171    0.10350     0.02054    0.10223
512       0.02171    0.10350     0.02054    0.10223
513       0.02171    0.10350     0.02054    0.10223
514       0.02171    0.10350     0.02054    0.10223
515       0.02171    0.10350     0.02054    0.10223
516       0.02171    0.10350     0.02054    0.10223
517       0.02171    0.10350     0.02054    0.10223
518       0.02171    0.10350     0.02054    0.10223
519       0.02171    0.10350     0.02054    0.10223
520       0.02171    0.10350     0.02054    0.10223
521       0.02171    0.10350     0.02054    0.10223
522       0.02171    0.10350     0.02054    0.10223
523       0.02171    0.10350     0.02054    0.10223
524       0.02171    0.10350     0.02054    0.10223
525       0.02171    0.10350     0.02054    0.10223
526       0.02171    0.10350     0.02054    0.10223
527       0.02171    0.10350     0.02054    0.10223
528       0.02171    0.10350     0.02054    0.10223
529       0.02171    0.10350     0.02054    0.10223
530       0.02171    0.10350     0.02054    0.10223
531       0.02171    0.10350     0.02054    0.10223
532       0.02171    0.10350     0.02054    0.10223
533       0.02171    0.10350     0.02054    0.10223
534       0.02171    0.10350     0.02054    0.10223
535       0.02171    0.10350     0.02054    0.10223
536       0.02171    0.10350     0.02054    0.10223
537       0.02171    0.10350     0.02054    0.10223
538       0.02171    0.10350     0.02054    0.10223
539       0.02171    0.10350     0.02054    0.10223
540       0.02171    0.10350     0.02054    0.10223
541       0.02171    0.10350     0.02054    0.10223
542       0.02171    0.10350     0.02054    0.10223
543       0.02171    0.10350     0.02054    0.10223
544       0.02171    0.10350     0.02054    0.10223
545       0.02171    0.10350     0.02054    0.10223
546       0.02171    0.10350     0.02054    0.10223
547       0.02171    0.10350     0.02054    0.10223
548       0.02171    0.10350     0.02054    0.10223
549       0.02171    0.10350     0.02054    0.10223
550       0.02171    0.10350     0.02054    0.10223
551       0.02171    0.10350     0.02054    0.10223
552       0.02171    0.10350     0.02054    0.10223
553       0.02171    0.10350     0.02054    0.10223
554       0.02171    0.10350     0.02054    0.10223
555       0.02171    0.10350     0.02054    0.10223
556       0.02171    0.10350     0.02054    0.10223
557       0.02171    0.10350     0.02054    0.10223
558       0.02171    0.10350     0.02054    0.10223
559       0.02171    0.10350     0.02054    0.10223
560       0.02171    0.10350     0.02054    0.10223
561       0.02171    0.10350     0.02054    0.10223
562       0.02171    0.10350     0.02054    0.10223
563       0.02171    0.10350     0.02054    0.10223
564       0.02171    0.10350     0.02054    0.10223
565       0.02171    0.10350     0.02054    0.10223
566       0.02171    0.10350     0.02054    0.10223
567       0.02171    0.10350     0.02054    0.10223
568       0.02171    0.10350     0.02054    0.10223
569       0.02171    0.10350     0.02054    0.10223
570       0.02171    0.10350     0.02054    0.10223
571       0.02171    0.10350     0.02054    0.10223
572       0.02171    0.10350     0.02054    0.10223
573       0.02171    0.10350     0.02054    0.10223
574       0.02171    0.10350     0.02054    0.10223
575       0.02171    0.10350     0.02054    0.10223
576       0.02171    0.10350     0.02054    0.10223
577       0.02171    0.10350     0.02054    0.10223
578       0.02171    0.10350     0.02054    0.10223
579       0.02171    0.10350     0.02054    0.10223
580       0.02171    0.10350     0.02054    0.10223
581       0.02171    0.10350     0.02054    0.10223
582       0.02171    0.10350     0.02054    0.10223
583       0.02171    0.10350     0.02054    0.10223
584       0.02171    0.10350     0.02054    0.10223
585       0.02171    0.10350     0.02054    0.10223
586       0.02171    0.10350     0.02054    0.10223
587       0.02171    0.10350     0.02054    0.10223
588       0.02171    0.10350     0.02054    0.10223
589       0.02171    0.10350     0.02054    0.10223
590       0.02171    0.10350     0.02054    0.10223
591       0.02171    0.10350     0.02054    0.10223
592       0.02171    0.10350     0.02054    0.10223
593       0.02171    0.10350     0.02054    0.10223
594       0.02171    0.10350     0.02054    0.10223
595       0.02171    0.10350     0.02054    0.10223
596       0.02171    0.10350     0.02054    0.10223
597       0.02171    0.10350     0.02054    0.10223
598       0.02171    0.10350     0.02054    0.10223
599       0.02171    0.10350     0.02054    0.10223
600       0.02171    0.10350     0.02054    0.10223
601       0.02171    0.10350     0.02054    0.10223
602       0.02171    0.10350     0.02054    0.10223
603       0.02171    0.10350     0.02054    0.10223
604       0.02171    0.10350     0.02054    0.10223
605       0.02171    0.10350     0.02054    0.10223
606       0.02171    0.10350     0.02054    0.10223
607       0.02171    0.10350     0.02054    0.10223
608       0.02171    0.10350     0.02054    0.10223
609       0.02171    0.10350     0.02054    0.10223
610       0.02171    0.10350     0.02054    0.10223
611       0.02171    0.10350     0.02054    0.10223
612       0.02171    0.10350     0.02054    0.10223
613       0.02171    0.10350     0.02054    0.10223
614       0.02171    0.10350     0.02054    0.10223
615       0.02171    0.10350     0.02054    0.10223
616       0.02171    0.10350     0.02054    0.10223
617       0.02171    0.10350     0.02054    0.10223
618       0.02171    0.10350     0.02054    0.10223
619       0.02171    0.10350     0.02054    0.10223
620       0.02171    0.10350     0.02054    0.10223
621       0.02171    0.10350     0.02054    0.10223
622       0.02171    0.10350     0.02054    0.10223
623       0.02171    0.10350     0.02054    0.10223
624       0.02171    0.10350     0.02054    0.10223
625       0.02171    0.10350     0.02054    0.10223
626       0.02171    0.10350     0.02054    0.10223
627       0.02171    0.10350     0.02054    0.10223
628       0.02171    0.10350     0.02054    0.10223
629       0.02171    0.10350     0.02054    0.10223
630       0.02171    0.10350     0.02054    0.10223
631       0.02171    0.10350     0.02054    0.10223
632       0.02171    0.10350     0.02054    0.10223
633       0.02171    0.10350     0.02054    0.10223
634       0.02171    0.10350     0.02054    0.10223
635       0.02171    0.10350     0.02054    0.10223
636       0.02171    0.10350     0.02054    0.10223
637       0.02171    0.10350     0.02054    0.10223
638       0.02171    0.10350     0.02054    0.10223
639       0.02171    0.10350     0.02054    0.10223
640       0.02171    0.10350     0.02054    0.10223
641       0.02171    0.10350     0.02054    0.10223
642       0.02171    0.10350     0.02054    0.10223
643       0.02171    0.10350     0.02054    0.10223
644       0.02171    0.10350     0.02054    0.10223
645       0.02171    0.10350     0.02054    0.10223
646       0.02171    0.10350     0.02054    0.10223
647       0.02171    0.10350     0.02054    0.10223
648       0.02171    0.10350     0.02054    0.10223
649       0.02171    0.10350     0.02054    0.10223
650       0.02171    0.10350     0.02054    0.10223
651       0.02171    0.10350     0.02054    0.10223
652       0.02171    0.10350     0.02054    0.10223
653       0.02171    0.10350     0.02054    0.10223
654       0.02171    0.10350     0.02054    0.10223
655       0.02171    0.10350     0.02054    0.10223
656       0.02171    0.10350     0.02054    0.10223
657       0.02171    0.10350     0.02054    0.10223
658       0.02171    0.10350     0.02054    0.10223
659       0.02171    0.10350     0.02054    0.10223
660       0.02171    0.10350     0.02054    0.10223
661       0.02171    0.10350     0.02054    0.10223
662       0.02171    0.10350     0.02054    0.10223
663       0.02171    0.10350     0.02054    0.10223
664       0.02171    0.10350     0.02054    0.10223
665       0.02171    0.10350     0.02054    0.10223
666       0.02171    0.10350     0.02054    0.10223
667       0.02171    0.10350     0.02054    0.10223
668       0.02171    0.10350     0.02054    0.10223
669       0.02171    0.10350     0.02054    0.10223
670       0.02171    0.10350     0.02054    0.10223
671       0.02171    0.10350     0.02054    0.10223
672       0.02171    0.10350     0.02054    0.10223
673       0.02171    0.10350     0.02054    0.10223
674       0.02171    0.10350     0.02054    0.10223
675       0.02171    0.10350     0.02054    0.10223
676       0.02171    0.10350     0.02054    0.10223
677       0.02171    0.10350     0.02054    0.10223
678       0.02171    0.10350     0.02054    0.10223
679       0.02171    0.10350     0.02054    0.10223
680       0.02171    0.10350     0.02054    0.10223
681       0.02171    0.10350     0.02054    0.10223
682       0.02171    0.10350     0.02054    0.10223
683       0.02171    0.10350     0.02054    0.10223
684       0.02171    0.10350     0.02054    0.10223
685       0.02171    0.10350     0.02054    0.10223
686       0.02171    0.10350     0.02054    0.10223
687       0.02171    0.10350     0.02054    0.10223
688       0.02171    0.10350     0.02054    0.10223
689       0.02171    0.10350     0.02054    0.10223
690       0.02171    0.10350     0.02054    0.10223
691       0.02171    0.10350     0.02054    0.10223
692       0.02171    0.10350     0.02054    0.10223
693       0.02171    0.10350     0.02054    0.10223
694       0.02171    0.10350     0.02054    0.10223
695       0.02171    0.10350     0.02054    0.10223
696       0.02171    0.10350     0.02054    0.10223
697       0.02171    0.10350     0.02054    0.10223
698       0.02171    0.10350     0.02054    0.10223
699       0.02171    0.10350     0.02054    0.10223
700       0.02171    0.10350     0.02054    0.10223
701       0.02171    0.10350     0.02054    0.10223
702       0.02171    0.10350     0.02054    0.10223
703       0.02171    0.10350     0.02054    0.10223
704       0.02171    0.10350     0.02054    0.10223
705       0.02171    0.10350     0.02054    0.10223
706       0.02171    0.10350     0.02054    0.10223
707       0.02171    0.10350     0.02054    0.10223
708       0.02171    0.10350     0.02054    0.10223
709       0.02171    0.10350     0.02054    0.10223
710       0.02171    0.10350     0.02054    0.10223    0.02259    0.10347