Ciclo   TrainMSE   TrainMAE   ValidMSE   ValidMAE   TestMSE     TestMAE
----------------------------------------------------------------------- 
0       0.02505    0.11341     0.02447    0.11276
1       0.02301    0.10703     0.02176    0.10500
2       0.02277    0.10633     0.02142    0.10403
3       0.02265    0.10604     0.02128    0.10374
4       0.02256    0.10585     0.02119    0.10359
5       0.02249    0.10570     0.02112    0.10347
6       0.02243    0.10558     0.02106    0.10338
7       0.02238    0.10548     0.02101    0.10330
8       0.02233    0.10539     0.02097    0.10323
9       0.02229    0.10531     0.02093    0.10316
10       0.02226    0.10523     0.02090    0.10310
11       0.02222    0.10516     0.02086    0.10303
12       0.02219    0.10509     0.02083    0.10297
13       0.02216    0.10502     0.02080    0.10292
14       0.02213    0.10495     0.02077    0.10286
15       0.02210    0.10489     0.02075    0.10280
16       0.02208    0.10482     0.02072    0.10275
17       0.02205    0.10476     0.02070    0.10270
18       0.02203    0.10470     0.02067    0.10265
19       0.02200    0.10464     0.02065    0.10260
20       0.02198    0.10459     0.02063    0.10256
21       0.02196    0.10453     0.02061    0.10251
22       0.02194    0.10448     0.02059    0.10247
23       0.02192    0.10443     0.02057    0.10243
24       0.02190    0.10438     0.02055    0.10240
25       0.02188    0.10433     0.02053    0.10236
26       0.02186    0.10429     0.02051    0.10232
27       0.02185    0.10424     0.02050    0.10229
28       0.02183    0.10420     0.02048    0.10226
29       0.02181    0.10416     0.02047    0.10223
30       0.02180    0.10412     0.02045    0.10220
31       0.02178    0.10408     0.02044    0.10217
32       0.02177    0.10405     0.02042    0.10214
33       0.02175    0.10401     0.02041    0.10211
34       0.02174    0.10398     0.02040    0.10209
35       0.02173    0.10394     0.02038    0.10206
36       0.02171    0.10391     0.02037    0.10204
37       0.02170    0.10388     0.02036    0.10202
38       0.02169    0.10385     0.02035    0.10200
39       0.02168    0.10382     0.02034    0.10198
40       0.02167    0.10380     0.02033    0.10196
41       0.02166    0.10377     0.02032    0.10194
42       0.02165    0.10375     0.02031    0.10192
43       0.02164    0.10372     0.02030    0.10190
44       0.02163    0.10370     0.02029    0.10189
45       0.02162    0.10368     0.02029    0.10187
46       0.02161    0.10366     0.02028    0.10186
47       0.02160    0.10364     0.02027    0.10185
48       0.02159    0.10362     0.02026    0.10184
49       0.02158    0.10360     0.02026    0.10182
50       0.02158    0.10358     0.02025    0.10181
51       0.02157    0.10356     0.02024    0.10180
52       0.02156    0.10355     0.02024    0.10179
53       0.02155    0.10353     0.02023    0.10178
54       0.02155    0.10352     0.02022    0.10177
55       0.02154    0.10350     0.02022    0.10176
56       0.02153    0.10349     0.02021    0.10175
57       0.02153    0.10348     0.02021    0.10175
58       0.02152    0.10347     0.02020    0.10174
59       0.02152    0.10345     0.02020    0.10173
60       0.02151    0.10344     0.02020    0.10173
61       0.02150    0.10343     0.02019    0.10172
62       0.02150    0.10342     0.02019    0.10171
63       0.02149    0.10341     0.02018    0.10171
64       0.02149    0.10340     0.02018    0.10170
65       0.02148    0.10339     0.02018    0.10170
66       0.02148    0.10338     0.02017    0.10169
67       0.02148    0.10338     0.02017    0.10169
68       0.02147    0.10337     0.02017    0.10169
69       0.02147    0.10336     0.02016    0.10168
70       0.02146    0.10336     0.02016    0.10168
71       0.02146    0.10335     0.02016    0.10168
72       0.02146    0.10334     0.02015    0.10167
73       0.02145    0.10334     0.02015    0.10167
74       0.02145    0.10333     0.02015    0.10167
75       0.02145    0.10333     0.02015    0.10166
76       0.02144    0.10332     0.02015    0.10166
77       0.02144    0.10332     0.02014    0.10166
78       0.02144    0.10331     0.02014    0.10166
79       0.02143    0.10331     0.02014    0.10166
80       0.02143    0.10330     0.02014    0.10166
81       0.02143    0.10330     0.02014    0.10166
82       0.02142    0.10330     0.02013    0.10166
83       0.02142    0.10329     0.02013    0.10165
84       0.02142    0.10329     0.02013    0.10165
85       0.02142    0.10329     0.02013    0.10165
86       0.02142    0.10328     0.02013    0.10165
87       0.02141    0.10328     0.02013    0.10165
88       0.02141    0.10328     0.02013    0.10165
89       0.02141    0.10327     0.02013    0.10165
90       0.02141    0.10327     0.02012    0.10165
91       0.02140    0.10327     0.02012    0.10165
92       0.02140    0.10327     0.02012    0.10165
93       0.02140    0.10326     0.02012    0.10165
94       0.02140    0.10326     0.02012    0.10165
95       0.02140    0.10326     0.02012    0.10165
96       0.02140    0.10326     0.02012    0.10165
97       0.02139    0.10325     0.02012    0.10165
98       0.02139    0.10325     0.02012    0.10165
99       0.02139    0.10325     0.02012    0.10166
100       0.02139    0.10325     0.02012    0.10166
101       0.02139    0.10325     0.02012    0.10166
102       0.02139    0.10325     0.02012    0.10166
103       0.02139    0.10325     0.02012    0.10166
104       0.02138    0.10325     0.02011    0.10166
105       0.02138    0.10324     0.02011    0.10166
106       0.02138    0.10324     0.02011    0.10166
107       0.02138    0.10324     0.02011    0.10167
108       0.02138    0.10324     0.02011    0.10167
109       0.02138    0.10324     0.02011    0.10167
110       0.02138    0.10324     0.02011    0.10167
111       0.02138    0.10324     0.02011    0.10167
112       0.02138    0.10324     0.02011    0.10167
113       0.02138    0.10324     0.02011    0.10167
114       0.02137    0.10324     0.02011    0.10167
115       0.02137    0.10324     0.02011    0.10168
116       0.02137    0.10324     0.02011    0.10168
117       0.02137    0.10324     0.02011    0.10168
118       0.02137    0.10324     0.02011    0.10168
119       0.02137    0.10324     0.02011    0.10168
120       0.02137    0.10324     0.02011    0.10168
121       0.02137    0.10324     0.02011    0.10168
122       0.02137    0.10324     0.02011    0.10168
123       0.02137    0.10324     0.02011    0.10169
124       0.02137    0.10324     0.02011    0.10169
125       0.02137    0.10324     0.02011    0.10169
126       0.02137    0.10324     0.02011    0.10169
127       0.02137    0.10324     0.02011    0.10169
128       0.02136    0.10324     0.02011    0.10169
129       0.02136    0.10324     0.02011    0.10169
130       0.02136    0.10324     0.02011    0.10170
131       0.02136    0.10324     0.02011    0.10170
132       0.02136    0.10324     0.02011    0.10170
133       0.02136    0.10324     0.02011    0.10170
134       0.02136    0.10324     0.02011    0.10170
135       0.02136    0.10324     0.02011    0.10170
136       0.02136    0.10324     0.02011    0.10170
137       0.02136    0.10324     0.02011    0.10171
138       0.02136    0.10324     0.02011    0.10171
139       0.02136    0.10324     0.02011    0.10171
140       0.02136    0.10325     0.02011    0.10171
141       0.02136    0.10325     0.02012    0.10171
142       0.02136    0.10325     0.02012    0.10171
143       0.02136    0.10325     0.02012    0.10171
144       0.02136    0.10325     0.02012    0.10172
145       0.02136    0.10325     0.02012    0.10172
146       0.02136    0.10325     0.02012    0.10172
147       0.02136    0.10325     0.02012    0.10172
148       0.02136    0.10325     0.02012    0.10172
149       0.02136    0.10325     0.02012    0.10172
150       0.02136    0.10325     0.02012    0.10173
151       0.02136    0.10325     0.02012    0.10173
152       0.02136    0.10325     0.02012    0.10173
153       0.02136    0.10325     0.02012    0.10173
154       0.02136    0.10325     0.02012    0.10173
155       0.02136    0.10325     0.02012    0.10173
156       0.02136    0.10326     0.02012    0.10174
157       0.02136    0.10326     0.02012    0.10174
158       0.02136    0.10326     0.02012    0.10174
159       0.02135    0.10326     0.02012    0.10174
160       0.02135    0.10326     0.02012    0.10174
161       0.02135    0.10326     0.02012    0.10174
162       0.02135    0.10326     0.02012    0.10174
163       0.02135    0.10326     0.02012    0.10175
164       0.02135    0.10326     0.02012    0.10175
165       0.02135    0.10326     0.02012    0.10175
166       0.02135    0.10326     0.02012    0.10175
167       0.02135    0.10326     0.02012    0.10175
168       0.02135    0.10326     0.02012    0.10175
169       0.02135    0.10326     0.02012    0.10175
170       0.02135    0.10327     0.02012    0.10176
171       0.02135    0.10327     0.02012    0.10176
172       0.02135    0.10327     0.02012    0.10176
173       0.02135    0.10327     0.02012    0.10176
174       0.02135    0.10327     0.02012    0.10176
175       0.02135    0.10327     0.02012    0.10176
176       0.02135    0.10327     0.02012    0.10176
177       0.02135    0.10327     0.02012    0.10177
178       0.02135    0.10327     0.02012    0.10177
179       0.02135    0.10327     0.02012    0.10177
180       0.02135    0.10327     0.02013    0.10177
181       0.02135    0.10327     0.02013    0.10177
182       0.02135    0.10327     0.02013    0.10177
183       0.02135    0.10327     0.02013    0.10177
184       0.02135    0.10327     0.02013    0.10177
185       0.02135    0.10328     0.02013    0.10178
186       0.02135    0.10328     0.02013    0.10178
187       0.02135    0.10328     0.02013    0.10178
188       0.02135    0.10328     0.02013    0.10178
189       0.02135    0.10328     0.02013    0.10178
190       0.02135    0.10328     0.02013    0.10178
191       0.02135    0.10328     0.02013    0.10178
192       0.02135    0.10328     0.02013    0.10178
193       0.02135    0.10328     0.02013    0.10179
194       0.02135    0.10328     0.02013    0.10179
195       0.02135    0.10328     0.02013    0.10179
196       0.02135    0.10328     0.02013    0.10179
197       0.02135    0.10328     0.02013    0.10179
198       0.02135    0.10328     0.02013    0.10179
199       0.02135    0.10328     0.02013    0.10179
200       0.02135    0.10329     0.02013    0.10179
201       0.02135    0.10329     0.02013    0.10179
202       0.02135    0.10329     0.02013    0.10180
203       0.02135    0.10329     0.02013    0.10180
204       0.02135    0.10329     0.02013    0.10180
205       0.02135    0.10329     0.02013    0.10180
206       0.02135    0.10329     0.02013    0.10180
207       0.02135    0.10329     0.02013    0.10180
208       0.02135    0.10329     0.02013    0.10180
209       0.02135    0.10329     0.02013    0.10180
210       0.02135    0.10329     0.02013    0.10180
211       0.02135    0.10329     0.02013    0.10180
212       0.02135    0.10329     0.02013    0.10181
213       0.02135    0.10329     0.02013    0.10181
214       0.02135    0.10329     0.02013    0.10181
215       0.02135    0.10329     0.02013    0.10181
216       0.02135    0.10329     0.02013    0.10181
217       0.02135    0.10330     0.02013    0.10181
218       0.02135    0.10330     0.02013    0.10181
219       0.02135    0.10330     0.02013    0.10181
220       0.02135    0.10330     0.02013    0.10181
221       0.02135    0.10330     0.02013    0.10181
222       0.02135    0.10330     0.02013    0.10181
223       0.02135    0.10330     0.02013    0.10181
224       0.02135    0.10330     0.02013    0.10182
225       0.02135    0.10330     0.02014    0.10182
226       0.02135    0.10330     0.02014    0.10182
227       0.02135    0.10330     0.02014    0.10182
228       0.02135    0.10330     0.02014    0.10182
229       0.02135    0.10330     0.02014    0.10182
230       0.02135    0.10330     0.02014    0.10182
231       0.02135    0.10330     0.02014    0.10182
232       0.02135    0.10330     0.02014    0.10182
233       0.02135    0.10330     0.02014    0.10182
234       0.02135    0.10330     0.02014    0.10182
235       0.02135    0.10330     0.02014    0.10182
236       0.02135    0.10331     0.02014    0.10182
237       0.02135    0.10331     0.02014    0.10183
238       0.02135    0.10331     0.02014    0.10183
239       0.02135    0.10331     0.02014    0.10183
240       0.02135    0.10331     0.02014    0.10183
241       0.02135    0.10331     0.02014    0.10183
242       0.02135    0.10331     0.02014    0.10183
243       0.02135    0.10331     0.02014    0.10183
244       0.02135    0.10331     0.02014    0.10183
245       0.02135    0.10331     0.02014    0.10183
246       0.02135    0.10331     0.02014    0.10183
247       0.02135    0.10331     0.02014    0.10183
248       0.02135    0.10331     0.02014    0.10183
249       0.02135    0.10331     0.02014    0.10183
250       0.02135    0.10331     0.02014    0.10183
251       0.02135    0.10331     0.02014    0.10183
252       0.02135    0.10331     0.02014    0.10184
253       0.02135    0.10331     0.02014    0.10184
254       0.02135    0.10331     0.02014    0.10184
255       0.02135    0.10331     0.02014    0.10184
256       0.02135    0.10331     0.02014    0.10184
257       0.02135    0.10331     0.02014    0.10184
258       0.02135    0.10331     0.02014    0.10184
259       0.02135    0.10332     0.02014    0.10184
260       0.02135    0.10332     0.02014    0.10184
261       0.02135    0.10332     0.02014    0.10184
262       0.02135    0.10332     0.02014    0.10184
263       0.02135    0.10332     0.02014    0.10184
264       0.02135    0.10332     0.02014    0.10184
265       0.02135    0.10332     0.02014    0.10184
266       0.02135    0.10332     0.02014    0.10184
267       0.02135    0.10332     0.02014    0.10184
268       0.02135    0.10332     0.02014    0.10184
269       0.02135    0.10332     0.02014    0.10184
270       0.02135    0.10332     0.02014    0.10185
271       0.02135    0.10332     0.02014    0.10185
272       0.02135    0.10332     0.02014    0.10185
273       0.02135    0.10332     0.02014    0.10185
274       0.02135    0.10332     0.02014    0.10185
275       0.02135    0.10332     0.02014    0.10185
276       0.02135    0.10332     0.02014    0.10185
277       0.02135    0.10332     0.02014    0.10185
278       0.02135    0.10332     0.02014    0.10185
279       0.02135    0.10332     0.02014    0.10185
280       0.02135    0.10332     0.02014    0.10185
281       0.02135    0.10332     0.02014    0.10185
282       0.02135    0.10332     0.02014    0.10185
283       0.02135    0.10332     0.02014    0.10185
284       0.02135    0.10332     0.02014    0.10185
285       0.02135    0.10332     0.02014    0.10185
286       0.02135    0.10332     0.02014    0.10185
287       0.02135    0.10332     0.02014    0.10185
288       0.02135    0.10333     0.02014    0.10185
289       0.02135    0.10333     0.02014    0.10185
290       0.02135    0.10333     0.02014    0.10185
291       0.02135    0.10333     0.02014    0.10185
292       0.02135    0.10333     0.02014    0.10185
293       0.02135    0.10333     0.02014    0.10185
294       0.02135    0.10333     0.02014    0.10186
295       0.02135    0.10333     0.02014    0.10186
296       0.02135    0.10333     0.02014    0.10186
297       0.02135    0.10333     0.02014    0.10186
298       0.02135    0.10333     0.02014    0.10186
299       0.02135    0.10333     0.02014    0.10186
300       0.02135    0.10333     0.02014    0.10186
301       0.02135    0.10333     0.02014    0.10186
302       0.02135    0.10333     0.02015    0.10186
303       0.02135    0.10333     0.02015    0.10186
304       0.02135    0.10333     0.02015    0.10186
305       0.02135    0.10333     0.02015    0.10186
306       0.02135    0.10333     0.02015    0.10186
307       0.02135    0.10333     0.02015    0.10186
308       0.02135    0.10333     0.02015    0.10186
309       0.02135    0.10333     0.02015    0.10186
310       0.02135    0.10333     0.02015    0.10186
311       0.02135    0.10333     0.02015    0.10186
312       0.02135    0.10333     0.02015    0.10186
313       0.02135    0.10333     0.02015    0.10186
314       0.02135    0.10333     0.02015    0.10186
315       0.02135    0.10333     0.02015    0.10186
316       0.02135    0.10333     0.02015    0.10186
317       0.02135    0.10333     0.02015    0.10186
318       0.02135    0.10333     0.02015    0.10186
319       0.02135    0.10333     0.02015    0.10186
320       0.02135    0.10333     0.02015    0.10186
321       0.02135    0.10333     0.02015    0.10186
322       0.02135    0.10333     0.02015    0.10186
323       0.02135    0.10333     0.02015    0.10186
324       0.02135    0.10333     0.02015    0.10186
325       0.02135    0.10333     0.02015    0.10187
326       0.02135    0.10333     0.02015    0.10187
327       0.02135    0.10333     0.02015    0.10187
328       0.02135    0.10334     0.02015    0.10187
329       0.02135    0.10334     0.02015    0.10187
330       0.02135    0.10334     0.02015    0.10187
331       0.02135    0.10334     0.02015    0.10187
332       0.02135    0.10334     0.02015    0.10187
333       0.02135    0.10334     0.02015    0.10187
334       0.02135    0.10334     0.02015    0.10187
335       0.02135    0.10334     0.02015    0.10187
336       0.02135    0.10334     0.02015    0.10187
337       0.02135    0.10334     0.02015    0.10187
338       0.02135    0.10334     0.02015    0.10187
339       0.02135    0.10334     0.02015    0.10187
340       0.02135    0.10334     0.02015    0.10187
341       0.02135    0.10334     0.02015    0.10187
342       0.02135    0.10334     0.02015    0.10187
343       0.02135    0.10334     0.02015    0.10187
344       0.02135    0.10334     0.02015    0.10187
345       0.02135    0.10334     0.02015    0.10187
346       0.02135    0.10334     0.02015    0.10187
347       0.02135    0.10334     0.02015    0.10187
348       0.02135    0.10334     0.02015    0.10187
349       0.02135    0.10334     0.02015    0.10187
350       0.02135    0.10334     0.02015    0.10187
351       0.02135    0.10334     0.02015    0.10187
352       0.02135    0.10334     0.02015    0.10187
353       0.02135    0.10334     0.02015    0.10187
354       0.02135    0.10334     0.02015    0.10187
355       0.02135    0.10334     0.02015    0.10187
356       0.02135    0.10334     0.02015    0.10187
357       0.02135    0.10334     0.02015    0.10187
358       0.02135    0.10334     0.02015    0.10187
359       0.02135    0.10334     0.02015    0.10187
360       0.02135    0.10334     0.02015    0.10187
361       0.02135    0.10334     0.02015    0.10187
362       0.02135    0.10334     0.02015    0.10187
363       0.02135    0.10334     0.02015    0.10187
364       0.02135    0.10334     0.02015    0.10187
365       0.02135    0.10334     0.02015    0.10187
366       0.02135    0.10334     0.02015    0.10187
367       0.02135    0.10334     0.02015    0.10187
368       0.02135    0.10334     0.02015    0.10187
369       0.02135    0.10334     0.02015    0.10188
370       0.02135    0.10334     0.02015    0.10188
371       0.02135    0.10334     0.02015    0.10188
372       0.02135    0.10334     0.02015    0.10188
373       0.02135    0.10334     0.02015    0.10188
374       0.02135    0.10334     0.02015    0.10188
375       0.02135    0.10334     0.02015    0.10188
376       0.02135    0.10334     0.02015    0.10188
377       0.02135    0.10334     0.02015    0.10188
378       0.02135    0.10334     0.02015    0.10188
379       0.02135    0.10334     0.02015    0.10188
380       0.02135    0.10334     0.02015    0.10188
381       0.02135    0.10334     0.02015    0.10188
382       0.02135    0.10334     0.02015    0.10188
383       0.02135    0.10334     0.02015    0.10188
384       0.02135    0.10334     0.02015    0.10188
385       0.02135    0.10335     0.02015    0.10188
386       0.02135    0.10335     0.02015    0.10188
387       0.02135    0.10335     0.02015    0.10188
388       0.02135    0.10335     0.02015    0.10188
389       0.02135    0.10335     0.02015    0.10188
390       0.02135    0.10335     0.02015    0.10188
391       0.02135    0.10335     0.02015    0.10188
392       0.02135    0.10335     0.02015    0.10188
393       0.02135    0.10335     0.02015    0.10188
394       0.02135    0.10335     0.02015    0.10188
395       0.02135    0.10335     0.02015    0.10188
396       0.02135    0.10335     0.02015    0.10188
397       0.02135    0.10335     0.02015    0.10188
398       0.02135    0.10335     0.02015    0.10188
399       0.02135    0.10335     0.02015    0.10188
400       0.02135    0.10335     0.02015    0.10188
401       0.02135    0.10335     0.02015    0.10188
402       0.02135    0.10335     0.02015    0.10188
403       0.02135    0.10335     0.02015    0.10188
404       0.02135    0.10335     0.02015    0.10188
405       0.02135    0.10335     0.02015    0.10188
406       0.02135    0.10335     0.02015    0.10188
407       0.02135    0.10335     0.02015    0.10188
408       0.02135    0.10335     0.02015    0.10188
409       0.02135    0.10335     0.02015    0.10188
410       0.02135    0.10335     0.02015    0.10188
411       0.02135    0.10335     0.02015    0.10188
412       0.02135    0.10335     0.02015    0.10188
413       0.02135    0.10335     0.02015    0.10188
414       0.02135    0.10335     0.02015    0.10188
415       0.02135    0.10335     0.02015    0.10188
416       0.02135    0.10335     0.02015    0.10188
417       0.02135    0.10335     0.02015    0.10188
418       0.02135    0.10335     0.02015    0.10188
419       0.02135    0.10335     0.02015    0.10188
420       0.02135    0.10335     0.02015    0.10188
421       0.02135    0.10335     0.02015    0.10188
422       0.02135    0.10335     0.02015    0.10188
423       0.02135    0.10335     0.02015    0.10188
424       0.02135    0.10335     0.02015    0.10188
425       0.02135    0.10335     0.02015    0.10188
426       0.02135    0.10335     0.02015    0.10188
427       0.02135    0.10335     0.02015    0.10188
428       0.02135    0.10335     0.02015    0.10188
429       0.02135    0.10335     0.02015    0.10188
430       0.02135    0.10335     0.02015    0.10188
431       0.02135    0.10335     0.02015    0.10188
432       0.02135    0.10335     0.02015    0.10188
433       0.02135    0.10335     0.02015    0.10188
434       0.02135    0.10335     0.02015    0.10188
435       0.02135    0.10335     0.02015    0.10188
436       0.02135    0.10335     0.02015    0.10188
437       0.02135    0.10335     0.02015    0.10188
438       0.02135    0.10335     0.02015    0.10188
439       0.02135    0.10335     0.02015    0.10188
440       0.02135    0.10335     0.02015    0.10188
441       0.02135    0.10335     0.02015    0.10189
442       0.02135    0.10335     0.02015    0.10189
443       0.02135    0.10335     0.02015    0.10189
444       0.02135    0.10335     0.02015    0.10189
445       0.02135    0.10335     0.02015    0.10189
446       0.02135    0.10335     0.02015    0.10189
447       0.02135    0.10335     0.02015    0.10189
448       0.02135    0.10335     0.02015    0.10189
449       0.02135    0.10335     0.02015    0.10189
450       0.02135    0.10335     0.02015    0.10189
451       0.02135    0.10335     0.02015    0.10189
452       0.02135    0.10335     0.02015    0.10189
453       0.02135    0.10335     0.02015    0.10189
454       0.02135    0.10335     0.02015    0.10189
455       0.02135    0.10335     0.02015    0.10189
456       0.02135    0.10335     0.02015    0.10189
457       0.02135    0.10335     0.02015    0.10189
458       0.02135    0.10335     0.02015    0.10189
459       0.02135    0.10335     0.02015    0.10189
460       0.02135    0.10335     0.02015    0.10189
461       0.02135    0.10335     0.02015    0.10189
462       0.02135    0.10335     0.02015    0.10189
463       0.02135    0.10335     0.02015    0.10189
464       0.02135    0.10335     0.02015    0.10189
465       0.02135    0.10335     0.02015    0.10189
466       0.02135    0.10335     0.02015    0.10189
467       0.02135    0.10335     0.02015    0.10189
468       0.02135    0.10335     0.02015    0.10189
469       0.02135    0.10335     0.02015    0.10189
470       0.02135    0.10335     0.02015    0.10189
471       0.02135    0.10335     0.02015    0.10189
472       0.02135    0.10335     0.02015    0.10189
473       0.02135    0.10335     0.02015    0.10189
474       0.02135    0.10335     0.02015    0.10189
475       0.02135    0.10335     0.02015    0.10189
476       0.02135    0.10335     0.02015    0.10189
477       0.02135    0.10335     0.02015    0.10189
478       0.02135    0.10335     0.02015    0.10189
479       0.02135    0.10335     0.02015    0.10189
480       0.02135    0.10335     0.02015    0.10189
481       0.02135    0.10335     0.02015    0.10189
482       0.02135    0.10336     0.02015    0.10189
483       0.02135    0.10336     0.02015    0.10189
484       0.02135    0.10336     0.02015    0.10189
485       0.02135    0.10336     0.02015    0.10189
486       0.02135    0.10336     0.02015    0.10189
487       0.02135    0.10336     0.02015    0.10189
488       0.02135    0.10336     0.02015    0.10189
489       0.02135    0.10336     0.02015    0.10189
490       0.02135    0.10336     0.02015    0.10189
491       0.02135    0.10336     0.02015    0.10189
492       0.02135    0.10336     0.02015    0.10189
493       0.02135    0.10336     0.02015    0.10189
494       0.02135    0.10336     0.02015    0.10189
495       0.02135    0.10336     0.02015    0.10189
496       0.02135    0.10336     0.02015    0.10189
497       0.02135    0.10336     0.02015    0.10189
498       0.02135    0.10336     0.02015    0.10189
499       0.02135    0.10336     0.02015    0.10189
500       0.02135    0.10336     0.02015    0.10189
501       0.02135    0.10336     0.02015    0.10189
502       0.02135    0.10336     0.02015    0.10189
503       0.02135    0.10336     0.02015    0.10189
504       0.02135    0.10336     0.02015    0.10189
505       0.02135    0.10336     0.02015    0.10189
506       0.02135    0.10336     0.02015    0.10189
507       0.02135    0.10336     0.02015    0.10189
508       0.02135    0.10336     0.02015    0.10189
509       0.02135    0.10336     0.02015    0.10189
510       0.02135    0.10336     0.02015    0.10189
511       0.02135    0.10336     0.02015    0.10189
512       0.02135    0.10336     0.02015    0.10189
513       0.02135    0.10336     0.02015    0.10189
514       0.02135    0.10336     0.02015    0.10189
515       0.02135    0.10336     0.02015    0.10189
516       0.02135    0.10336     0.02015    0.10189
517       0.02135    0.10336     0.02015    0.10189
518       0.02135    0.10336     0.02015    0.10189
519       0.02135    0.10336     0.02015    0.10189
520       0.02135    0.10336     0.02015    0.10189
521       0.02135    0.10336     0.02015    0.10189
522       0.02135    0.10336     0.02015    0.10189
523       0.02135    0.10336     0.02015    0.10189
524       0.02135    0.10336     0.02015    0.10189
525       0.02135    0.10336     0.02015    0.10189
526       0.02135    0.10336     0.02015    0.10189
527       0.02135    0.10336     0.02015    0.10189
528       0.02135    0.10336     0.02015    0.10189
529       0.02135    0.10336     0.02015    0.10189
530       0.02135    0.10336     0.02015    0.10189
531       0.02135    0.10336     0.02015    0.10189
532       0.02135    0.10336     0.02015    0.10189
533       0.02135    0.10336     0.02015    0.10189
534       0.02135    0.10336     0.02015    0.10189
535       0.02135    0.10336     0.02015    0.10189
536       0.02135    0.10336     0.02015    0.10189
537       0.02135    0.10336     0.02015    0.10189
538       0.02135    0.10336     0.02015    0.10189
539       0.02135    0.10336     0.02015    0.10189
540       0.02135    0.10336     0.02015    0.10189
541       0.02135    0.10336     0.02015    0.10189
542       0.02135    0.10336     0.02015    0.10189
543       0.02135    0.10336     0.02015    0.10189
544       0.02135    0.10336     0.02015    0.10189
545       0.02135    0.10336     0.02015    0.10189
546       0.02135    0.10336     0.02015    0.10189
547       0.02135    0.10336     0.02015    0.10189
548       0.02135    0.10336     0.02015    0.10189
549       0.02135    0.10336     0.02015    0.10189
550       0.02135    0.10336     0.02015    0.10189
551       0.02135    0.10336     0.02015    0.10189
552       0.02135    0.10336     0.02015    0.10189
553       0.02135    0.10336     0.02015    0.10189
554       0.02135    0.10336     0.02015    0.10189
555       0.02135    0.10336     0.02015    0.10189
556       0.02135    0.10336     0.02015    0.10189
557       0.02135    0.10336     0.02015    0.10189
558       0.02135    0.10336     0.02015    0.10189
559       0.02135    0.10336     0.02015    0.10189
560       0.02135    0.10336     0.02015    0.10189
561       0.02135    0.10336     0.02015    0.10189
562       0.02135    0.10336     0.02015    0.10189
563       0.02135    0.10336     0.02015    0.10189
564       0.02135    0.10336     0.02015    0.10189
565       0.02135    0.10336     0.02015    0.10189
566       0.02135    0.10336     0.02015    0.10189
567       0.02135    0.10336     0.02015    0.10189
568       0.02135    0.10336     0.02015    0.10189
569       0.02135    0.10336     0.02015    0.10189
570       0.02135    0.10336     0.02015    0.10189
571       0.02135    0.10336     0.02015    0.10189
572       0.02135    0.10336     0.02016    0.10189
573       0.02135    0.10336     0.02016    0.10189
574       0.02135    0.10336     0.02016    0.10189
575       0.02135    0.10336     0.02016    0.10189
576       0.02135    0.10336     0.02016    0.10189
577       0.02135    0.10336     0.02016    0.10189
578       0.02135    0.10336     0.02016    0.10189
579       0.02135    0.10336     0.02016    0.10189
580       0.02135    0.10336     0.02016    0.10189
581       0.02135    0.10336     0.02016    0.10189
582       0.02135    0.10336     0.02016    0.10189
583       0.02135    0.10336     0.02016    0.10189
584       0.02135    0.10336     0.02016    0.10189
585       0.02135    0.10336     0.02016    0.10189
586       0.02135    0.10336     0.02016    0.10189
587       0.02135    0.10336     0.02016    0.10189
588       0.02135    0.10336     0.02016    0.10190
589       0.02135    0.10336     0.02016    0.10190
590       0.02135    0.10336     0.02016    0.10190
591       0.02135    0.10336     0.02016    0.10190
592       0.02135    0.10336     0.02016    0.10190
593       0.02135    0.10336     0.02016    0.10190
594       0.02135    0.10336     0.02016    0.10190
595       0.02135    0.10336     0.02016    0.10190
596       0.02135    0.10336     0.02016    0.10190
597       0.02135    0.10336     0.02016    0.10190
598       0.02135    0.10336     0.02016    0.10190
599       0.02135    0.10336     0.02016    0.10190
600       0.02135    0.10336     0.02016    0.10190
601       0.02135    0.10336     0.02016    0.10190
602       0.02135    0.10336     0.02016    0.10190
603       0.02135    0.10336     0.02016    0.10190
604       0.02135    0.10336     0.02016    0.10190
605       0.02135    0.10336     0.02016    0.10190
606       0.02135    0.10336     0.02016    0.10190
607       0.02135    0.10336     0.02016    0.10190
608       0.02135    0.10336     0.02016    0.10190
609       0.02135    0.10336     0.02016    0.10190
610       0.02135    0.10336     0.02016    0.10190
611       0.02135    0.10336     0.02016    0.10190
612       0.02135    0.10336     0.02016    0.10190
613       0.02135    0.10336     0.02016    0.10190
614       0.02135    0.10336     0.02016    0.10190
615       0.02135    0.10336     0.02016    0.10190
616       0.02135    0.10336     0.02016    0.10190
617       0.02135    0.10336     0.02016    0.10190
618       0.02135    0.10336     0.02016    0.10190
619       0.02135    0.10336     0.02016    0.10190
620       0.02135    0.10336     0.02016    0.10190
621       0.02135    0.10336     0.02016    0.10190
622       0.02135    0.10336     0.02016    0.10190
623       0.02135    0.10336     0.02016    0.10190
624       0.02135    0.10336     0.02016    0.10190
625       0.02135    0.10336     0.02016    0.10190
626       0.02135    0.10336     0.02016    0.10190
627       0.02135    0.10336     0.02016    0.10190
628       0.02135    0.10336     0.02016    0.10190
629       0.02135    0.10336     0.02016    0.10190
630       0.02135    0.10336     0.02016    0.10190
631       0.02135    0.10336     0.02016    0.10190
632       0.02135    0.10336     0.02016    0.10190
633       0.02135    0.10336     0.02016    0.10190
634       0.02135    0.10336     0.02016    0.10190
635       0.02135    0.10336     0.02016    0.10190
636       0.02135    0.10336     0.02016    0.10190
637       0.02135    0.10336     0.02016    0.10190
638       0.02135    0.10336     0.02016    0.10190
639       0.02135    0.10336     0.02016    0.10190
640       0.02135    0.10336     0.02016    0.10190
641       0.02135    0.10336     0.02016    0.10190
642       0.02135    0.10336     0.02016    0.10190
643       0.02135    0.10336     0.02016    0.10190
644       0.02135    0.10336     0.02016    0.10190
645       0.02135    0.10336     0.02016    0.10190
646       0.02135    0.10336     0.02016    0.10190
647       0.02135    0.10336     0.02016    0.10190
648       0.02135    0.10336     0.02016    0.10190
649       0.02135    0.10336     0.02016    0.10190
650       0.02135    0.10336     0.02016    0.10190
651       0.02135    0.10336     0.02016    0.10190
652       0.02135    0.10336     0.02016    0.10190
653       0.02135    0.10336     0.02016    0.10190
654       0.02135    0.10336     0.02016    0.10190
655       0.02135    0.10336     0.02016    0.10190
656       0.02135    0.10336     0.02016    0.10190
657       0.02135    0.10336     0.02016    0.10190
658       0.02135    0.10336     0.02016    0.10190
659       0.02135    0.10336     0.02016    0.10190
660       0.02135    0.10336     0.02016    0.10190
661       0.02135    0.10336     0.02016    0.10190
662       0.02135    0.10336     0.02016    0.10190
663       0.02135    0.10336     0.02016    0.10190
664       0.02135    0.10336     0.02016    0.10190
665       0.02135    0.10336     0.02016    0.10190
666       0.02135    0.10336     0.02016    0.10190
667       0.02135    0.10336     0.02016    0.10190
668       0.02135    0.10336     0.02016    0.10190
669       0.02135    0.10336     0.02016    0.10190
670       0.02135    0.10336     0.02016    0.10190
671       0.02135    0.10336     0.02016    0.10190
672       0.02135    0.10336     0.02016    0.10190
673       0.02135    0.10336     0.02016    0.10190
674       0.02135    0.10336     0.02016    0.10190
675       0.02135    0.10336     0.02016    0.10190
676       0.02135    0.10336     0.02016    0.10190
677       0.02136    0.10336     0.02016    0.10190
678       0.02136    0.10336     0.02016    0.10190
679       0.02136    0.10336     0.02016    0.10190
680       0.02136    0.10336     0.02016    0.10190
681       0.02136    0.10336     0.02016    0.10190
682       0.02136    0.10336     0.02016    0.10190
683       0.02136    0.10336     0.02016    0.10190
684       0.02136    0.10336     0.02016    0.10190
685       0.02136    0.10336     0.02016    0.10190
686       0.02136    0.10336     0.02016    0.10190
687       0.02136    0.10336     0.02016    0.10190
688       0.02136    0.10336     0.02016    0.10190
689       0.02136    0.10336     0.02016    0.10190
690       0.02136    0.10336     0.02016    0.10190
691       0.02136    0.10336     0.02016    0.10190
692       0.02136    0.10336     0.02016    0.10190
693       0.02136    0.10336     0.02016    0.10190
694       0.02136    0.10336     0.02016    0.10190
695       0.02136    0.10336     0.02016    0.10190
696       0.02136    0.10336     0.02016    0.10190
697       0.02136    0.10336     0.02016    0.10190
698       0.02136    0.10336     0.02016    0.10190
699       0.02136    0.10336     0.02016    0.10190
700       0.02136    0.10336     0.02016    0.10190
701       0.02136    0.10336     0.02016    0.10190
702       0.02136    0.10336     0.02016    0.10190
703       0.02136    0.10336     0.02016    0.10190
704       0.02136    0.10336     0.02016    0.10190
705       0.02136    0.10336     0.02016    0.10190
706       0.02136    0.10336     0.02016    0.10190
707       0.02136    0.10336     0.02016    0.10190
708       0.02136    0.10336     0.02016    0.10190
709       0.02136    0.10336     0.02016    0.10190
710       0.02136    0.10336     0.02016    0.10190
711       0.02136    0.10336     0.02016    0.10190
712       0.02136    0.10336     0.02016    0.10190
713       0.02136    0.10336     0.02016    0.10190
714       0.02136    0.10336     0.02016    0.10190
715       0.02136    0.10336     0.02016    0.10190
716       0.02136    0.10336     0.02016    0.10190
717       0.02136    0.10336     0.02016    0.10190
718       0.02136    0.10336     0.02016    0.10190
719       0.02136    0.10336     0.02016    0.10190
720       0.02136    0.10336     0.02016    0.10190
721       0.02136    0.10337     0.02016    0.10190
722       0.02136    0.10337     0.02016    0.10190
723       0.02136    0.10337     0.02016    0.10190
724       0.02136    0.10337     0.02016    0.10190
725       0.02136    0.10337     0.02016    0.10190
726       0.02136    0.10337     0.02016    0.10190
727       0.02136    0.10337     0.02016    0.10190
728       0.02136    0.10337     0.02016    0.10190
729       0.02136    0.10337     0.02016    0.10190
730       0.02136    0.10337     0.02016    0.10190
731       0.02136    0.10337     0.02016    0.10190
732       0.02136    0.10337     0.02016    0.10190
733       0.02136    0.10337     0.02016    0.10190
734       0.02136    0.10337     0.02016    0.10190
735       0.02136    0.10337     0.02016    0.10190
736       0.02136    0.10337     0.02016    0.10190
737       0.02136    0.10337     0.02016    0.10190    0.02222    0.10321