Ciclo   TrainMSE   TrainMAE   ValidMSE   ValidMAE   TestMSE     TestMAE
----------------------------------------------------------------------- 
0       0.02374    0.10739     0.02246    0.10527
1       0.02329    0.10630     0.02201    0.10433
2       0.02305    0.10577     0.02177    0.10387
3       0.02287    0.10535     0.02159    0.10350
4       0.02271    0.10499     0.02142    0.10321
5       0.02257    0.10469     0.02129    0.10297
6       0.02246    0.10443     0.02117    0.10275
7       0.02236    0.10422     0.02108    0.10258
8       0.02228    0.10405     0.02100    0.10244
9       0.02221    0.10390     0.02093    0.10234
10       0.02215    0.10378     0.02087    0.10226
11       0.02210    0.10369     0.02082    0.10219
12       0.02205    0.10361     0.02078    0.10213
13       0.02201    0.10355     0.02075    0.10209
14       0.02198    0.10350     0.02072    0.10206
15       0.02195    0.10346     0.02069    0.10204
16       0.02193    0.10343     0.02067    0.10203
17       0.02190    0.10341     0.02065    0.10202
18       0.02189    0.10339     0.02064    0.10201
19       0.02187    0.10338     0.02062    0.10201
20       0.02185    0.10337     0.02061    0.10201
21       0.02184    0.10336     0.02060    0.10201
22       0.02183    0.10336     0.02059    0.10201
23       0.02182    0.10335     0.02059    0.10201
24       0.02181    0.10335     0.02058    0.10202
25       0.02180    0.10335     0.02058    0.10202
26       0.02180    0.10335     0.02057    0.10203
27       0.02179    0.10335     0.02057    0.10203
28       0.02178    0.10335     0.02056    0.10204
29       0.02178    0.10336     0.02056    0.10205
30       0.02177    0.10336     0.02056    0.10205
31       0.02177    0.10336     0.02056    0.10206
32       0.02177    0.10336     0.02056    0.10206
33       0.02176    0.10337     0.02055    0.10207
34       0.02176    0.10337     0.02055    0.10207
35       0.02176    0.10337     0.02055    0.10208
36       0.02175    0.10338     0.02055    0.10208
37       0.02175    0.10338     0.02055    0.10209
38       0.02175    0.10338     0.02055    0.10209
39       0.02175    0.10339     0.02055    0.10210
40       0.02174    0.10339     0.02055    0.10210
41       0.02174    0.10339     0.02055    0.10211
42       0.02174    0.10340     0.02055    0.10211
43       0.02174    0.10340     0.02055    0.10211
44       0.02174    0.10340     0.02055    0.10212
45       0.02174    0.10341     0.02055    0.10212
46       0.02174    0.10341     0.02054    0.10212
47       0.02173    0.10341     0.02054    0.10213
48       0.02173    0.10341     0.02054    0.10213
49       0.02173    0.10342     0.02054    0.10213
50       0.02173    0.10342     0.02054    0.10214
51       0.02173    0.10342     0.02054    0.10214
52       0.02173    0.10342     0.02054    0.10214
53       0.02173    0.10343     0.02054    0.10214
54       0.02173    0.10343     0.02054    0.10215
55       0.02173    0.10343     0.02054    0.10215
56       0.02173    0.10343     0.02054    0.10215
57       0.02173    0.10343     0.02054    0.10215
58       0.02173    0.10344     0.02054    0.10216
59       0.02172    0.10344     0.02054    0.10216
60       0.02172    0.10344     0.02054    0.10216
61       0.02172    0.10344     0.02054    0.10216
62       0.02172    0.10344     0.02054    0.10216
63       0.02172    0.10344     0.02054    0.10217
64       0.02172    0.10344     0.02054    0.10217
65       0.02172    0.10345     0.02054    0.10217
66       0.02172    0.10345     0.02054    0.10217
67       0.02172    0.10345     0.02054    0.10217
68       0.02172    0.10345     0.02054    0.10217
69       0.02172    0.10345     0.02054    0.10218
70       0.02172    0.10345     0.02054    0.10218
71       0.02172    0.10345     0.02054    0.10218
72       0.02172    0.10346     0.02054    0.10218
73       0.02172    0.10346     0.02054    0.10218
74       0.02172    0.10346     0.02054    0.10218
75       0.02172    0.10346     0.02054    0.10218
76       0.02172    0.10346     0.02054    0.10218
77       0.02172    0.10346     0.02054    0.10219
78       0.02172    0.10346     0.02054    0.10219
79       0.02172    0.10346     0.02054    0.10219
80       0.02172    0.10346     0.02054    0.10219
81       0.02172    0.10346     0.02054    0.10219
82       0.02172    0.10347     0.02054    0.10219
83       0.02172    0.10347     0.02054    0.10219
84       0.02172    0.10347     0.02054    0.10219
85       0.02172    0.10347     0.02054    0.10219
86       0.02172    0.10347     0.02054    0.10219
87       0.02172    0.10347     0.02054    0.10220
88       0.02172    0.10347     0.02054    0.10220
89       0.02172    0.10347     0.02054    0.10220
90       0.02172    0.10347     0.02054    0.10220
91       0.02172    0.10347     0.02054    0.10220
92       0.02172    0.10347     0.02054    0.10220
93       0.02172    0.10347     0.02054    0.10220
94       0.02172    0.10347     0.02054    0.10220
95       0.02172    0.10347     0.02054    0.10220
96       0.02172    0.10348     0.02054    0.10220
97       0.02171    0.10348     0.02054    0.10220
98       0.02171    0.10348     0.02054    0.10220
99       0.02171    0.10348     0.02054    0.10220
100       0.02171    0.10348     0.02054    0.10220
101       0.02171    0.10348     0.02054    0.10220
102       0.02171    0.10348     0.02054    0.10221
103       0.02171    0.10348     0.02054    0.10221
104       0.02171    0.10348     0.02054    0.10221
105       0.02171    0.10348     0.02054    0.10221
106       0.02171    0.10348     0.02054    0.10221
107       0.02171    0.10348     0.02054    0.10221
108       0.02171    0.10348     0.02054    0.10221
109       0.02171    0.10348     0.02054    0.10221
110       0.02171    0.10348     0.02054    0.10221
111       0.02171    0.10348     0.02054    0.10221
112       0.02171    0.10348     0.02054    0.10221
113       0.02171    0.10348     0.02054    0.10221
114       0.02171    0.10348     0.02054    0.10221
115       0.02171    0.10348     0.02054    0.10221
116       0.02171    0.10348     0.02054    0.10221
117       0.02171    0.10348     0.02054    0.10221
118       0.02171    0.10349     0.02054    0.10221
119       0.02171    0.10349     0.02054    0.10221
120       0.02171    0.10349     0.02054    0.10221
121       0.02171    0.10349     0.02054    0.10221
122       0.02171    0.10349     0.02054    0.10221
123       0.02171    0.10349     0.02054    0.10221
124       0.02171    0.10349     0.02054    0.10221
125       0.02171    0.10349     0.02054    0.10221
126       0.02171    0.10349     0.02054    0.10221
127       0.02171    0.10349     0.02054    0.10221
128       0.02171    0.10349     0.02054    0.10222
129       0.02171    0.10349     0.02054    0.10222
130       0.02171    0.10349     0.02054    0.10222
131       0.02171    0.10349     0.02054    0.10222
132       0.02171    0.10349     0.02054    0.10222
133       0.02171    0.10349     0.02054    0.10222
134       0.02171    0.10349     0.02054    0.10222
135       0.02171    0.10349     0.02054    0.10222
136       0.02171    0.10349     0.02054    0.10222
137       0.02171    0.10349     0.02054    0.10222
138       0.02171    0.10349     0.02054    0.10222
139       0.02171    0.10349     0.02054    0.10222
140       0.02171    0.10349     0.02054    0.10222
141       0.02171    0.10349     0.02054    0.10222
142       0.02171    0.10349     0.02054    0.10222
143       0.02171    0.10349     0.02054    0.10222
144       0.02171    0.10349     0.02054    0.10222
145       0.02171    0.10349     0.02054    0.10222
146       0.02171    0.10349     0.02054    0.10222
147       0.02171    0.10349     0.02054    0.10222
148       0.02171    0.10349     0.02054    0.10222
149       0.02171    0.10349     0.02054    0.10222
150       0.02171    0.10349     0.02054    0.10222
151       0.02171    0.10349     0.02054    0.10222
152       0.02171    0.10349     0.02054    0.10222
153       0.02171    0.10349     0.02054    0.10222
154       0.02171    0.10349     0.02054    0.10222
155       0.02171    0.10349     0.02054    0.10222
156       0.02171    0.10349     0.02054    0.10222
157       0.02171    0.10349     0.02054    0.10222
158       0.02171    0.10349     0.02054    0.10222
159       0.02171    0.10349     0.02054    0.10222
160       0.02171    0.10349     0.02054    0.10222
161       0.02171    0.10349     0.02054    0.10222
162       0.02171    0.10349     0.02054    0.10222
163       0.02171    0.10349     0.02054    0.10222
164       0.02171    0.10349     0.02054    0.10222
165       0.02171    0.10349     0.02054    0.10222
166       0.02171    0.10349     0.02054    0.10222
167       0.02171    0.10349     0.02054    0.10222
168       0.02171    0.10349     0.02054    0.10222
169       0.02171    0.10349     0.02054    0.10222
170       0.02171    0.10349     0.02054    0.10222
171       0.02171    0.10349     0.02054    0.10222
172       0.02171    0.10349     0.02054    0.10222
173       0.02171    0.10349     0.02054    0.10222
174       0.02171    0.10349     0.02054    0.10222
175       0.02171    0.10349     0.02054    0.10222
176       0.02171    0.10349     0.02054    0.10222
177       0.02171    0.10350     0.02054    0.10222
178       0.02171    0.10350     0.02054    0.10222
179       0.02171    0.10350     0.02054    0.10222
180       0.02171    0.10350     0.02054    0.10222
181       0.02171    0.10350     0.02054    0.10222
182       0.02171    0.10350     0.02054    0.10222
183       0.02171    0.10350     0.02054    0.10222
184       0.02171    0.10350     0.02054    0.10222
185       0.02171    0.10350     0.02054    0.10222
186       0.02171    0.10350     0.02054    0.10222
187       0.02171    0.10350     0.02054    0.10222
188       0.02171    0.10350     0.02054    0.10222
189       0.02171    0.10350     0.02054    0.10222
190       0.02171    0.10350     0.02054    0.10222
191       0.02171    0.10350     0.02054    0.10222
192       0.02171    0.10350     0.02054    0.10222
193       0.02171    0.10350     0.02054    0.10222
194       0.02171    0.10350     0.02054    0.10222
195       0.02171    0.10350     0.02054    0.10222
196       0.02171    0.10350     0.02054    0.10222
197       0.02171    0.10350     0.02054    0.10222
198       0.02171    0.10350     0.02054    0.10222
199       0.02171    0.10350     0.02054    0.10222
200       0.02171    0.10350     0.02054    0.10222
201       0.02171    0.10350     0.02054    0.10222
202       0.02171    0.10350     0.02054    0.10222
203       0.02171    0.10350     0.02054    0.10222
204       0.02171    0.10350     0.02054    0.10222
205       0.02171    0.10350     0.02054    0.10222
206       0.02171    0.10350     0.02054    0.10222
207       0.02171    0.10350     0.02054    0.10222
208       0.02171    0.10350     0.02054    0.10222
209       0.02171    0.10350     0.02054    0.10222
210       0.02171    0.10350     0.02054    0.10222
211       0.02171    0.10350     0.02054    0.10222
212       0.02171    0.10350     0.02054    0.10222
213       0.02171    0.10350     0.02054    0.10222
214       0.02171    0.10350     0.02054    0.10222
215       0.02171    0.10350     0.02054    0.10222
216       0.02171    0.10350     0.02054    0.10222
217       0.02171    0.10350     0.02054    0.10222
218       0.02171    0.10350     0.02054    0.10222
219       0.02171    0.10350     0.02054    0.10222
220       0.02171    0.10350     0.02054    0.10222
221       0.02171    0.10350     0.02054    0.10222
222       0.02171    0.10350     0.02054    0.10222
223       0.02171    0.10350     0.02054    0.10222
224       0.02171    0.10350     0.02054    0.10222
225       0.02171    0.10350     0.02054    0.10222
226       0.02171    0.10350     0.02054    0.10222
227       0.02171    0.10350     0.02054    0.10222
228       0.02171    0.10350     0.02054    0.10222
229       0.02171    0.10350     0.02054    0.10222
230       0.02171    0.10350     0.02054    0.10222
231       0.02171    0.10350     0.02054    0.10222
232       0.02171    0.10350     0.02054    0.10222
233       0.02171    0.10350     0.02054    0.10222
234       0.02171    0.10350     0.02054    0.10222
235       0.02171    0.10350     0.02054    0.10222
236       0.02171    0.10350     0.02054    0.10222
237       0.02171    0.10350     0.02054    0.10222
238       0.02171    0.10350     0.02054    0.10222
239       0.02171    0.10350     0.02054    0.10222
240       0.02171    0.10350     0.02054    0.10222
241       0.02171    0.10350     0.02054    0.10222
242       0.02171    0.10350     0.02054    0.10222
243       0.02171    0.10350     0.02054    0.10222
244       0.02171    0.10350     0.02054    0.10222
245       0.02171    0.10350     0.02054    0.10222
246       0.02171    0.10350     0.02054    0.10222
247       0.02171    0.10350     0.02054    0.10222
248       0.02171    0.10350     0.02054    0.10222
249       0.02171    0.10350     0.02054    0.10222
250       0.02171    0.10350     0.02054    0.10222
251       0.02171    0.10350     0.02054    0.10222
252       0.02171    0.10350     0.02054    0.10222
253       0.02171    0.10350     0.02054    0.10222
254       0.02171    0.10350     0.02054    0.10222
255       0.02171    0.10350     0.02054    0.10222
256       0.02171    0.10350     0.02054    0.10222
257       0.02171    0.10350     0.02054    0.10222
258       0.02171    0.10350     0.02054    0.10222
259       0.02171    0.10350     0.02054    0.10222
260       0.02171    0.10350     0.02054    0.10222
261       0.02171    0.10350     0.02054    0.10222
262       0.02171    0.10350     0.02054    0.10222
263       0.02171    0.10350     0.02054    0.10222
264       0.02171    0.10350     0.02054    0.10222
265       0.02171    0.10350     0.02054    0.10222
266       0.02171    0.10350     0.02054    0.10222
267       0.02171    0.10350     0.02054    0.10222
268       0.02171    0.10350     0.02054    0.10223
269       0.02171    0.10350     0.02054    0.10223
270       0.02171    0.10350     0.02054    0.10223
271       0.02171    0.10350     0.02054    0.10223
272       0.02171    0.10350     0.02054    0.10223
273       0.02171    0.10350     0.02054    0.10223
274       0.02171    0.10350     0.02054    0.10223
275       0.02171    0.10350     0.02054    0.10223
276       0.02171    0.10350     0.02054    0.10223
277       0.02171    0.10350     0.02054    0.10223
278       0.02171    0.10350     0.02054    0.10223
279       0.02171    0.10350     0.02054    0.10223
280       0.02171    0.10350     0.02054    0.10223
281       0.02171    0.10350     0.02054    0.10223
282       0.02171    0.10350     0.02054    0.10223
283       0.02171    0.10350     0.02054    0.10223
284       0.02171    0.10350     0.02054    0.10223
285       0.02171    0.10350     0.02054    0.10223
286       0.02171    0.10350     0.02054    0.10223
287       0.02171    0.10350     0.02054    0.10223
288       0.02171    0.10350     0.02054    0.10223
289       0.02171    0.10350     0.02054    0.10223
290       0.02171    0.10350     0.02054    0.10223
291       0.02171    0.10350     0.02054    0.10223
292       0.02171    0.10350     0.02054    0.10223
293       0.02171    0.10350     0.02054    0.10223
294       0.02171    0.10350     0.02054    0.10223
295       0.02171    0.10350     0.02054    0.10223
296       0.02171    0.10350     0.02054    0.10223
297       0.02171    0.10350     0.02054    0.10223
298       0.02171    0.10350     0.02054    0.10223
299       0.02171    0.10350     0.02054    0.10223
300       0.02171    0.10350     0.02054    0.10223
301       0.02171    0.10350     0.02054    0.10223
302       0.02171    0.10350     0.02054    0.10223
303       0.02171    0.10350     0.02054    0.10223
304       0.02171    0.10350     0.02054    0.10223
305       0.02171    0.10350     0.02054    0.10223
306       0.02171    0.10350     0.02054    0.10223
307       0.02171    0.10350     0.02054    0.10223
308       0.02171    0.10350     0.02054    0.10223
309       0.02171    0.10350     0.02054    0.10223
310       0.02171    0.10350     0.02054    0.10223
311       0.02171    0.10350     0.02054    0.10223
312       0.02171    0.10350     0.02054    0.10223
313       0.02171    0.10350     0.02054    0.10223
314       0.02171    0.10350     0.02054    0.10223
315       0.02171    0.10350     0.02054    0.10223
316       0.02171    0.10350     0.02054    0.10223
317       0.02171    0.10350     0.02054    0.10223
318       0.02171    0.10350     0.02054    0.10223
319       0.02171    0.10350     0.02054    0.10223
320       0.02171    0.10350     0.02054    0.10223
321       0.02171    0.10350     0.02054    0.10223
322       0.02171    0.10350     0.02054    0.10223
323       0.02171    0.10350     0.02054    0.10223
324       0.02171    0.10350     0.02054    0.10223
325       0.02171    0.10350     0.02054    0.10223
326       0.02171    0.10350     0.02054    0.10223
327       0.02171    0.10350     0.02054    0.10223
328       0.02171    0.10350     0.02054    0.10223
329       0.02171    0.10350     0.02054    0.10223
330       0.02171    0.10350     0.02054    0.10223
331       0.02171    0.10350     0.02054    0.10223
332       0.02171    0.10350     0.02054    0.10223
333       0.02171    0.10350     0.02054    0.10223
334       0.02171    0.10350     0.02054    0.10223
335       0.02171    0.10350     0.02054    0.10223
336       0.02171    0.10350     0.02054    0.10223
337       0.02171    0.10350     0.02054    0.10223
338       0.02171    0.10350     0.02054    0.10223
339       0.02171    0.10350     0.02054    0.10223
340       0.02171    0.10350     0.02054    0.10223
341       0.02171    0.10350     0.02054    0.10223
342       0.02171    0.10350     0.02054    0.10223
343       0.02171    0.10350     0.02054    0.10223
344       0.02171    0.10350     0.02054    0.10223
345       0.02171    0.10350     0.02054    0.10223
346       0.02171    0.10350     0.02054    0.10223
347       0.02171    0.10350     0.02054    0.10223
348       0.02171    0.10350     0.02054    0.10223
349       0.02171    0.10350     0.02054    0.10223
350       0.02171    0.10350     0.02054    0.10223
351       0.02171    0.10350     0.02054    0.10223
352       0.02171    0.10350     0.02054    0.10223
353       0.02171    0.10350     0.02054    0.10223
354       0.02171    0.10350     0.02054    0.10223
355       0.02171    0.10350     0.02054    0.10223
356       0.02171    0.10350     0.02054    0.10223
357       0.02171    0.10350     0.02054    0.10223
358       0.02171    0.10350     0.02054    0.10223
359       0.02171    0.10350     0.02054    0.10223
360       0.02171    0.10350     0.02054    0.10223
361       0.02171    0.10350     0.02054    0.10223
362       0.02171    0.10350     0.02054    0.10223
363       0.02171    0.10350     0.02054    0.10223
364       0.02171    0.10350     0.02054    0.10223
365       0.02171    0.10350     0.02054    0.10223
366       0.02171    0.10350     0.02054    0.10223
367       0.02171    0.10350     0.02054    0.10223
368       0.02171    0.10350     0.02054    0.10223
369       0.02171    0.10350     0.02054    0.10223
370       0.02171    0.10350     0.02054    0.10223
371       0.02171    0.10350     0.02054    0.10223
372       0.02171    0.10350     0.02054    0.10223
373       0.02171    0.10350     0.02054    0.10223
374       0.02171    0.10350     0.02054    0.10223
375       0.02171    0.10350     0.02054    0.10223
376       0.02171    0.10350     0.02054    0.10223
377       0.02171    0.10350     0.02054    0.10223
378       0.02171    0.10350     0.02054    0.10223
379       0.02171    0.10350     0.02054    0.10223
380       0.02171    0.10350     0.02054    0.10223
381       0.02171    0.10350     0.02054    0.10223
382       0.02171    0.10350     0.02054    0.10223
383       0.02171    0.10350     0.02054    0.10223
384       0.02171    0.10350     0.02054    0.10223
385       0.02171    0.10350     0.02054    0.10223
386       0.02171    0.10350     0.02054    0.10223
387       0.02171    0.10350     0.02054    0.10223
388       0.02171    0.10350     0.02054    0.10223
389       0.02171    0.10350     0.02054    0.10223
390       0.02171    0.10350     0.02054    0.10223
391       0.02171    0.10350     0.02054    0.10223
392       0.02171    0.10350     0.02054    0.10223
393       0.02171    0.10350     0.02054    0.10223
394       0.02171    0.10350     0.02054    0.10223
395       0.02171    0.10350     0.02054    0.10223
396       0.02171    0.10350     0.02054    0.10223
397       0.02171    0.10350     0.02054    0.10223
398       0.02171    0.10350     0.02054    0.10223
399       0.02171    0.10350     0.02054    0.10223
400       0.02171    0.10350     0.02054    0.10223
401       0.02171    0.10350     0.02054    0.10223
402       0.02171    0.10350     0.02054    0.10223
403       0.02171    0.10350     0.02054    0.10223
404       0.02171    0.10350     0.02054    0.10223
405       0.02171    0.10350     0.02054    0.10223
406       0.02171    0.10350     0.02054    0.10223
407       0.02171    0.10350     0.02054    0.10223
408       0.02171    0.10350     0.02054    0.10223
409       0.02171    0.10350     0.02054    0.10223
410       0.02171    0.10350     0.02054    0.10223
411       0.02171    0.10350     0.02054    0.10223
412       0.02171    0.10350     0.02054    0.10223
413       0.02171    0.10350     0.02054    0.10223
414       0.02171    0.10350     0.02054    0.10223
415       0.02171    0.10350     0.02054    0.10223
416       0.02171    0.10350     0.02054    0.10223
417       0.02171    0.10350     0.02054    0.10223
418       0.02171    0.10350     0.02054    0.10223
419       0.02171    0.10350     0.02054    0.10223
420       0.02171    0.10350     0.02054    0.10223
421       0.02171    0.10350     0.02054    0.10223
422       0.02171    0.10350     0.02054    0.10223
423       0.02171    0.10350     0.02054    0.10223
424       0.02171    0.10350     0.02054    0.10223
425       0.02171    0.10350     0.02054    0.10223
426       0.02171    0.10350     0.02054    0.10223
427       0.02171    0.10350     0.02054    0.10223
428       0.02171    0.10350     0.02054    0.10223
429       0.02171    0.10350     0.02054    0.10223
430       0.02171    0.10350     0.02054    0.10223
431       0.02171    0.10350     0.02054    0.10223
432       0.02171    0.10350     0.02054    0.10223
433       0.02171    0.10350     0.02054    0.10223
434       0.02171    0.10350     0.02054    0.10223
435       0.02171    0.10350     0.02054    0.10223
436       0.02171    0.10350     0.02054    0.10223
437       0.02171    0.10350     0.02054    0.10223
438       0.02171    0.10350     0.02054    0.10223
439       0.02171    0.10350     0.02054    0.10223
440       0.02171    0.10350     0.02054    0.10223
441       0.02171    0.10350     0.02054    0.10223
442       0.02171    0.10350     0.02054    0.10223
443       0.02171    0.10350     0.02054    0.10223
444       0.02171    0.10350     0.02054    0.10223
445       0.02171    0.10350     0.02054    0.10223
446       0.02171    0.10350     0.02054    0.10223
447       0.02171    0.10350     0.02054    0.10223
448       0.02171    0.10350     0.02054    0.10223
449       0.02171    0.10350     0.02054    0.10223
450       0.02171    0.10350     0.02054    0.10223
451       0.02171    0.10350     0.02054    0.10223
452       0.02171    0.10350     0.02054    0.10223
453       0.02171    0.10350     0.02054    0.10223
454       0.02171    0.10350     0.02054    0.10223
455       0.02171    0.10350     0.02054    0.10223
456       0.02171    0.10350     0.02054    0.10223
457       0.02171    0.10350     0.02054    0.10223
458       0.02171    0.10350     0.02054    0.10223
459       0.02171    0.10350     0.02054    0.10223
460       0.02171    0.10350     0.02054    0.10223
461       0.02171    0.10350     0.02054    0.10223
462       0.02171    0.10350     0.02054    0.10223
463       0.02171    0.10350     0.02054    0.10223
464       0.02171    0.10350     0.02054    0.10223
465       0.02171    0.10350     0.02054    0.10223
466       0.02171    0.10350     0.02054    0.10223
467       0.02171    0.10350     0.02054    0.10223
468       0.02171    0.10350     0.02054    0.10223
469       0.02171    0.10350     0.02054    0.10223
470       0.02171    0.10350     0.02054    0.10223
471       0.02171    0.10350     0.02054    0.10223
472       0.02171    0.10350     0.02054    0.10223
473       0.02171    0.10350     0.02054    0.10223
474       0.02171    0.10350     0.02054    0.10223
475       0.02171    0.10350     0.02054    0.10223
476       0.02171    0.10350     0.02054    0.10223
477       0.02171    0.10350     0.02054    0.10223
478       0.02171    0.10350     0.02054    0.10223
479       0.02171    0.10350     0.02054    0.10223
480       0.02171    0.10350     0.02054    0.10223
481       0.02171    0.10350     0.02054    0.10223
482       0.02171    0.10350     0.02054    0.10223
483       0.02171    0.10350     0.02054    0.10223
484       0.02171    0.10350     0.02054    0.10223
485       0.02171    0.10350     0.02054    0.10223
486       0.02171    0.10350     0.02054    0.10223
487       0.02171    0.10350     0.02054    0.10223
488       0.02171    0.10350     0.02054    0.10223
489       0.02171    0.10350     0.02054    0.10223
490       0.02171    0.10350     0.02054    0.10223
491       0.02171    0.10350     0.02054    0.10223
492       0.02171    0.10350     0.02054    0.10223
493       0.02171    0.10350     0.02054    0.10223
494       0.02171    0.10350     0.02054    0.10223
495       0.02171    0.10350     0.02054    0.10223
496       0.02171    0.10350     0.02054    0.10223
497       0.02171    0.10350     0.02054    0.10223
498       0.02171    0.10350     0.02054    0.10223
499       0.02171    0.10350     0.02054    0.10223
500       0.02171    0.10350     0.02054    0.10223
501       0.02171    0.10350     0.02054    0.10223
502       0.02171    0.10350     0.02054    0.10223
503       0.02171    0.10350     0.02054    0.10223
504       0.02171    0.10350     0.02054    0.10223
505       0.02171    0.10350     0.02054    0.10223
506       0.02171    0.10350     0.02054    0.10223
507       0.02171    0.10350     0.02054    0.10223
508       0.02171    0.10350     0.02054    0.10223
509       0.02171    0.10350     0.02054    0.10223
510       0.02171    0.10350     0.02054    0.10223
511       0.02171    0.10350     0.02054    0.10223
512       0.02171    0.10350     0.02054    0.10223
513       0.02171    0.10350     0.02054    0.10223
514       0.02171    0.10350     0.02054    0.10223
515       0.02171    0.10350     0.02054    0.10223
516       0.02171    0.10350     0.02054    0.10223
517       0.02171    0.10350     0.02054    0.10223
518       0.02171    0.10350     0.02054    0.10223
519       0.02171    0.10350     0.02054    0.10223
520       0.02171    0.10350     0.02054    0.10223
521       0.02171    0.10350     0.02054    0.10223
522       0.02171    0.10350     0.02054    0.10223
523       0.02171    0.10350     0.02054    0.10223
524       0.02171    0.10350     0.02054    0.10223
525       0.02171    0.10350     0.02054    0.10223
526       0.02171    0.10350     0.02054    0.10223
527       0.02171    0.10350     0.02054    0.10223
528       0.02171    0.10350     0.02054    0.10223
529       0.02171    0.10350     0.02054    0.10223
530       0.02171    0.10350     0.02054    0.10223
531       0.02171    0.10350     0.02054    0.10223
532       0.02171    0.10350     0.02054    0.10223
533       0.02171    0.10350     0.02054    0.10223
534       0.02171    0.10350     0.02054    0.10223
535       0.02171    0.10350     0.02054    0.10223
536       0.02171    0.10350     0.02054    0.10223
537       0.02171    0.10350     0.02054    0.10223
538       0.02171    0.10350     0.02054    0.10223
539       0.02171    0.10350     0.02054    0.10223
540       0.02171    0.10350     0.02054    0.10223
541       0.02171    0.10350     0.02054    0.10223
542       0.02171    0.10350     0.02054    0.10223
543       0.02171    0.10350     0.02054    0.10223
544       0.02171    0.10350     0.02054    0.10223
545       0.02171    0.10350     0.02054    0.10223
546       0.02171    0.10350     0.02054    0.10223
547       0.02171    0.10350     0.02054    0.10223
548       0.02171    0.10350     0.02054    0.10223
549       0.02171    0.10350     0.02054    0.10223
550       0.02171    0.10350     0.02054    0.10223
551       0.02171    0.10350     0.02054    0.10223
552       0.02171    0.10350     0.02054    0.10223
553       0.02171    0.10350     0.02054    0.10223
554       0.02171    0.10350     0.02054    0.10223
555       0.02171    0.10350     0.02054    0.10223
556       0.02171    0.10350     0.02054    0.10223
557       0.02171    0.10350     0.02054    0.10223
558       0.02171    0.10350     0.02054    0.10223
559       0.02171    0.10350     0.02054    0.10223
560       0.02171    0.10350     0.02054    0.10223
561       0.02171    0.10350     0.02054    0.10223
562       0.02171    0.10350     0.02054    0.10223
563       0.02171    0.10350     0.02054    0.10223
564       0.02171    0.10350     0.02054    0.10223
565       0.02171    0.10350     0.02054    0.10223
566       0.02171    0.10350     0.02054    0.10223
567       0.02171    0.10350     0.02054    0.10223
568       0.02171    0.10350     0.02054    0.10223
569       0.02171    0.10350     0.02054    0.10223
570       0.02171    0.10350     0.02054    0.10223
571       0.02171    0.10350     0.02054    0.10223
572       0.02171    0.10350     0.02054    0.10223
573       0.02171    0.10350     0.02054    0.10223
574       0.02171    0.10350     0.02054    0.10223
575       0.02171    0.10350     0.02054    0.10223
576       0.02171    0.10350     0.02054    0.10223
577       0.02171    0.10350     0.02054    0.10223
578       0.02171    0.10350     0.02054    0.10223
579       0.02171    0.10350     0.02054    0.10223
580       0.02171    0.10350     0.02054    0.10223
581       0.02171    0.10350     0.02054    0.10223
582       0.02171    0.10350     0.02054    0.10223
583       0.02171    0.10350     0.02054    0.10223
584       0.02171    0.10350     0.02054    0.10223
585       0.02171    0.10350     0.02054    0.10223
586       0.02171    0.10350     0.02054    0.10223
587       0.02171    0.10350     0.02054    0.10223
588       0.02171    0.10350     0.02054    0.10223
589       0.02171    0.10350     0.02054    0.10223
590       0.02171    0.10350     0.02054    0.10223
591       0.02171    0.10350     0.02054    0.10223
592       0.02171    0.10350     0.02054    0.10223
593       0.02171    0.10350     0.02054    0.10223
594       0.02171    0.10350     0.02054    0.10223
595       0.02171    0.10350     0.02054    0.10223
596       0.02171    0.10350     0.02054    0.10223
597       0.02171    0.10350     0.02054    0.10223
598       0.02171    0.10350     0.02054    0.10223
599       0.02171    0.10350     0.02054    0.10223
600       0.02171    0.10350     0.02054    0.10223
601       0.02171    0.10350     0.02054    0.10223
602       0.02171    0.10350     0.02054    0.10223
603       0.02171    0.10350     0.02054    0.10223
604       0.02171    0.10350     0.02054    0.10223
605       0.02171    0.10350     0.02054    0.10223
606       0.02171    0.10350     0.02054    0.10223
607       0.02171    0.10350     0.02054    0.10223
608       0.02171    0.10350     0.02054    0.10223
609       0.02171    0.10350     0.02054    0.10223
610       0.02171    0.10350     0.02054    0.10223
611       0.02171    0.10350     0.02054    0.10223
612       0.02171    0.10350     0.02054    0.10223
613       0.02171    0.10350     0.02054    0.10223
614       0.02171    0.10350     0.02054    0.10223
615       0.02171    0.10350     0.02054    0.10223
616       0.02171    0.10350     0.02054    0.10223
617       0.02171    0.10350     0.02054    0.10223
618       0.02171    0.10350     0.02054    0.10223
619       0.02171    0.10350     0.02054    0.10223
620       0.02171    0.10350     0.02054    0.10223
621       0.02171    0.10350     0.02054    0.10223
622       0.02171    0.10350     0.02054    0.10223
623       0.02171    0.10350     0.02054    0.10223
624       0.02171    0.10350     0.02054    0.10223
625       0.02171    0.10350     0.02054    0.10223
626       0.02171    0.10350     0.02054    0.10223
627       0.02171    0.10350     0.02054    0.10223
628       0.02171    0.10350     0.02054    0.10223
629       0.02171    0.10350     0.02054    0.10223
630       0.02171    0.10350     0.02054    0.10223
631       0.02171    0.10350     0.02054    0.10223
632       0.02171    0.10350     0.02054    0.10223
633       0.02171    0.10350     0.02054    0.10223
634       0.02171    0.10350     0.02054    0.10223
635       0.02171    0.10350     0.02054    0.10223
636       0.02171    0.10350     0.02054    0.10223
637       0.02171    0.10350     0.02054    0.10223
638       0.02171    0.10350     0.02054    0.10223
639       0.02171    0.10350     0.02054    0.10223
640       0.02171    0.10350     0.02054    0.10223
641       0.02171    0.10350     0.02054    0.10223
642       0.02171    0.10350     0.02054    0.10223
643       0.02171    0.10350     0.02054    0.10223
644       0.02171    0.10350     0.02054    0.10223
645       0.02171    0.10350     0.02054    0.10223
646       0.02171    0.10350     0.02054    0.10223
647       0.02171    0.10350     0.02054    0.10223
648       0.02171    0.10350     0.02054    0.10223
649       0.02171    0.10350     0.02054    0.10223
650       0.02171    0.10350     0.02054    0.10223
651       0.02171    0.10350     0.02054    0.10223
652       0.02171    0.10350     0.02054    0.10223
653       0.02171    0.10350     0.02054    0.10223
654       0.02171    0.10350     0.02054    0.10223
655       0.02171    0.10350     0.02054    0.10223
656       0.02171    0.10350     0.02054    0.10223
657       0.02171    0.10350     0.02054    0.10223
658       0.02171    0.10350     0.02054    0.10223
659       0.02171    0.10350     0.02054    0.10223
660       0.02171    0.10350     0.02054    0.10223
661       0.02171    0.10350     0.02054    0.10223
662       0.02171    0.10350     0.02054    0.10223
663       0.02171    0.10350     0.02054    0.10223
664       0.02171    0.10350     0.02054    0.10223
665       0.02171    0.10350     0.02054    0.10223
666       0.02171    0.10350     0.02054    0.10223
667       0.02171    0.10350     0.02054    0.10223
668       0.02171    0.10350     0.02054    0.10223
669       0.02171    0.10350     0.02054    0.10223
670       0.02171    0.10350     0.02054    0.10223
671       0.02171    0.10350     0.02054    0.10223
672       0.02171    0.10350     0.02054    0.10223
673       0.02171    0.10350     0.02054    0.10223
674       0.02171    0.10350     0.02054    0.10223
675       0.02171    0.10350     0.02054    0.10223
676       0.02171    0.10350     0.02054    0.10223
677       0.02171    0.10350     0.02054    0.10223
678       0.02171    0.10350     0.02054    0.10223
679       0.02171    0.10350     0.02054    0.10223
680       0.02171    0.10350     0.02054    0.10223
681       0.02171    0.10350     0.02054    0.10223
682       0.02171    0.10350     0.02054    0.10223
683       0.02171    0.10350     0.02054    0.10223
684       0.02171    0.10350     0.02054    0.10223
685       0.02171    0.10350     0.02054    0.10223
686       0.02171    0.10350     0.02054    0.10223
687       0.02171    0.10350     0.02054    0.10223
688       0.02171    0.10350     0.02054    0.10223
689       0.02171    0.10350     0.02054    0.10223
690       0.02171    0.10350     0.02054    0.10223
691       0.02171    0.10350     0.02054    0.10223
692       0.02171    0.10350     0.02054    0.10223
693       0.02171    0.10350     0.02054    0.10223
694       0.02171    0.10350     0.02054    0.10223
695       0.02171    0.10350     0.02054    0.10223
696       0.02171    0.10350     0.02054    0.10223
697       0.02171    0.10350     0.02054    0.10223
698       0.02171    0.10350     0.02054    0.10223
699       0.02171    0.10350     0.02054    0.10223
700       0.02171    0.10350     0.02054    0.10223
701       0.02171    0.10350     0.02054    0.10223
702       0.02171    0.10350     0.02054    0.10223
703       0.02171    0.10350     0.02054    0.10223
704       0.02171    0.10350     0.02054    0.10223
705       0.02171    0.10350     0.02054    0.10223
706       0.02171    0.10350     0.02054    0.10223
707       0.02171    0.10350     0.02054    0.10223
708       0.02171    0.10350     0.02054    0.10223
709       0.02171    0.10350     0.02054    0.10223
710       0.02171    0.10350     0.02054    0.10223
711       0.02171    0.10350     0.02054    0.10223
712       0.02171    0.10350     0.02054    0.10223
713       0.02171    0.10350     0.02054    0.10223
714       0.02171    0.10350     0.02054    0.10223
715       0.02171    0.10350     0.02054    0.10223
716       0.02171    0.10350     0.02054    0.10223
717       0.02171    0.10350     0.02054    0.10223
718       0.02171    0.10350     0.02054    0.10223
719       0.02171    0.10350     0.02054    0.10223
720       0.02171    0.10350     0.02054    0.10223
721       0.02171    0.10350     0.02054    0.10223
722       0.02171    0.10350     0.02054    0.10223
723       0.02171    0.10350     0.02054    0.10223
724       0.02171    0.10350     0.02054    0.10223
725       0.02171    0.10350     0.02054    0.10223
726       0.02171    0.10350     0.02054    0.10223
727       0.02171    0.10350     0.02054    0.10223
728       0.02171    0.10350     0.02054    0.10223
729       0.02171    0.10350     0.02054    0.10223
730       0.02171    0.10350     0.02054    0.10223
731       0.02171    0.10350     0.02054    0.10223
732       0.02171    0.10350     0.02054    0.10223
733       0.02171    0.10350     0.02054    0.10223
734       0.02171    0.10350     0.02054    0.10223
735       0.02171    0.10350     0.02054    0.10223
736       0.02171    0.10350     0.02054    0.10223
737       0.02171    0.10350     0.02054    0.10223
738       0.02171    0.10350     0.02054    0.10223
739       0.02171    0.10350     0.02054    0.10223
740       0.02171    0.10350     0.02054    0.10223
741       0.02171    0.10350     0.02054    0.10223
742       0.02171    0.10350     0.02054    0.10223
743       0.02171    0.10350     0.02054    0.10223
744       0.02171    0.10350     0.02054    0.10223
745       0.02171    0.10350     0.02054    0.10223
746       0.02171    0.10350     0.02054    0.10223
747       0.02171    0.10350     0.02054    0.10223
748       0.02171    0.10350     0.02054    0.10223
749       0.02171    0.10350     0.02054    0.10223
750       0.02171    0.10350     0.02054    0.10223
751       0.02171    0.10350     0.02054    0.10223
752       0.02171    0.10350     0.02054    0.10223
753       0.02171    0.10350     0.02054    0.10223
754       0.02171    0.10350     0.02054    0.10223
755       0.02171    0.10350     0.02054    0.10223
756       0.02171    0.10350     0.02054    0.10223
757       0.02171    0.10350     0.02054    0.10223
758       0.02171    0.10350     0.02054    0.10223
759       0.02171    0.10350     0.02054    0.10223
760       0.02171    0.10350     0.02054    0.10223
761       0.02171    0.10350     0.02054    0.10223
762       0.02171    0.10350     0.02054    0.10223
763       0.02171    0.10350     0.02054    0.10223
764       0.02171    0.10350     0.02054    0.10223
765       0.02171    0.10350     0.02054    0.10223
766       0.02171    0.10350     0.02054    0.10223
767       0.02171    0.10350     0.02054    0.10223
768       0.02171    0.10350     0.02054    0.10223
769       0.02171    0.10350     0.02054    0.10223
770       0.02171    0.10350     0.02054    0.10223
771       0.02171    0.10350     0.02054    0.10223
772       0.02171    0.10350     0.02054    0.10223
773       0.02171    0.10350     0.02054    0.10223
774       0.02171    0.10350     0.02054    0.10223
775       0.02171    0.10350     0.02054    0.10223
776       0.02171    0.10350     0.02054    0.10223
777       0.02171    0.10350     0.02054    0.10223
778       0.02171    0.10350     0.02054    0.10223
779       0.02171    0.10350     0.02054    0.10223
780       0.02171    0.10350     0.02054    0.10223
781       0.02171    0.10350     0.02054    0.10223
782       0.02171    0.10350     0.02054    0.10223
783       0.02171    0.10350     0.02054    0.10223
784       0.02171    0.10350     0.02054    0.10223
785       0.02171    0.10350     0.02054    0.10223
786       0.02171    0.10350     0.02054    0.10223
787       0.02171    0.10350     0.02054    0.10223
788       0.02171    0.10350     0.02054    0.10223
789       0.02171    0.10350     0.02054    0.10223
790       0.02171    0.10350     0.02054    0.10223
791       0.02171    0.10350     0.02054    0.10223
792       0.02171    0.10350     0.02054    0.10223
793       0.02171    0.10350     0.02054    0.10223
794       0.02171    0.10350     0.02054    0.10223
795       0.02171    0.10350     0.02054    0.10223
796       0.02171    0.10350     0.02054    0.10223
797       0.02171    0.10350     0.02054    0.10223
798       0.02171    0.10350     0.02054    0.10223
799       0.02171    0.10350     0.02054    0.10223
800       0.02171    0.10350     0.02054    0.10223
801       0.02171    0.10350     0.02054    0.10223
802       0.02171    0.10350     0.02054    0.10223
803       0.02171    0.10350     0.02054    0.10223
804       0.02171    0.10350     0.02054    0.10223
805       0.02171    0.10350     0.02054    0.10223
806       0.02171    0.10350     0.02054    0.10223
807       0.02171    0.10350     0.02054    0.10223
808       0.02171    0.10350     0.02054    0.10223
809       0.02171    0.10350     0.02054    0.10223
810       0.02171    0.10350     0.02054    0.10223
811       0.02171    0.10350     0.02054    0.10223
812       0.02171    0.10350     0.02054    0.10223
813       0.02171    0.10350     0.02054    0.10223
814       0.02171    0.10350     0.02054    0.10223
815       0.02171    0.10350     0.02054    0.10223
816       0.02171    0.10350     0.02054    0.10223
817       0.02171    0.10350     0.02054    0.10223
818       0.02171    0.10350     0.02054    0.10223
819       0.02171    0.10350     0.02054    0.10223
820       0.02171    0.10350     0.02054    0.10223
821       0.02171    0.10350     0.02054    0.10223
822       0.02171    0.10350     0.02054    0.10223
823       0.02171    0.10350     0.02054    0.10223
824       0.02171    0.10350     0.02054    0.10223
825       0.02171    0.10350     0.02054    0.10223
826       0.02171    0.10350     0.02054    0.10223
827       0.02171    0.10350     0.02054    0.10223
828       0.02171    0.10350     0.02054    0.10223
829       0.02171    0.10350     0.02054    0.10223
830       0.02171    0.10350     0.02054    0.10223
831       0.02171    0.10350     0.02054    0.10223
832       0.02171    0.10350     0.02054    0.10223
833       0.02171    0.10350     0.02054    0.10223
834       0.02171    0.10350     0.02054    0.10223
835       0.02171    0.10350     0.02054    0.10223
836       0.02171    0.10350     0.02054    0.10223
837       0.02171    0.10350     0.02054    0.10223
838       0.02171    0.10350     0.02054    0.10223
839       0.02171    0.10350     0.02054    0.10223
840       0.02171    0.10350     0.02054    0.10223
841       0.02171    0.10350     0.02054    0.10223
842       0.02171    0.10350     0.02054    0.10223
843       0.02171    0.10350     0.02054    0.10223
844       0.02171    0.10350     0.02054    0.10223
845       0.02171    0.10350     0.02054    0.10223
846       0.02171    0.10350     0.02054    0.10223
847       0.02171    0.10350     0.02054    0.10223
848       0.02171    0.10350     0.02054    0.10223
849       0.02171    0.10350     0.02054    0.10223
850       0.02171    0.10350     0.02054    0.10223
851       0.02171    0.10350     0.02054    0.10223
852       0.02171    0.10350     0.02054    0.10223
853       0.02171    0.10350     0.02054    0.10223
854       0.02171    0.10350     0.02054    0.10223
855       0.02171    0.10350     0.02054    0.10223
856       0.02171    0.10350     0.02054    0.10223
857       0.02171    0.10350     0.02054    0.10223
858       0.02171    0.10350     0.02054    0.10223
859       0.02171    0.10350     0.02054    0.10223
860       0.02171    0.10350     0.02054    0.10223
861       0.02171    0.10350     0.02054    0.10223
862       0.02171    0.10350     0.02054    0.10223
863       0.02171    0.10350     0.02054    0.10223
864       0.02171    0.10350     0.02054    0.10223
865       0.02171    0.10350     0.02054    0.10223
866       0.02171    0.10350     0.02054    0.10223
867       0.02171    0.10350     0.02054    0.10223
868       0.02171    0.10350     0.02054    0.10223
869       0.02171    0.10350     0.02054    0.10223
870       0.02171    0.10350     0.02054    0.10223
871       0.02171    0.10350     0.02054    0.10223
872       0.02171    0.10350     0.02054    0.10223
873       0.02171    0.10350     0.02054    0.10223
874       0.02171    0.10350     0.02054    0.10223
875       0.02171    0.10350     0.02054    0.10223
876       0.02171    0.10350     0.02054    0.10223
877       0.02171    0.10350     0.02054    0.10223
878       0.02171    0.10350     0.02054    0.10223
879       0.02171    0.10350     0.02054    0.10223
880       0.02171    0.10350     0.02054    0.10223
881       0.02171    0.10350     0.02054    0.10223
882       0.02171    0.10350     0.02054    0.10223
883       0.02171    0.10350     0.02054    0.10223
884       0.02171    0.10350     0.02054    0.10223
885       0.02171    0.10350     0.02054    0.10223
886       0.02171    0.10350     0.02054    0.10223
887       0.02171    0.10350     0.02054    0.10223
888       0.02171    0.10350     0.02054    0.10223
889       0.02171    0.10350     0.02054    0.10223
890       0.02171    0.10350     0.02054    0.10223
891       0.02171    0.10350     0.02054    0.10223
892       0.02171    0.10350     0.02054    0.10223
893       0.02171    0.10350     0.02054    0.10223
894       0.02171    0.10350     0.02054    0.10223
895       0.02171    0.10350     0.02054    0.10223
896       0.02171    0.10350     0.02054    0.10223
897       0.02171    0.10350     0.02054    0.10223
898       0.02171    0.10350     0.02054    0.10223
899       0.02171    0.10350     0.02054    0.10223
900       0.02171    0.10350     0.02054    0.10223
901       0.02171    0.10350     0.02054    0.10223
902       0.02171    0.10350     0.02054    0.10223
903       0.02171    0.10350     0.02054    0.10223
904       0.02171    0.10350     0.02054    0.10223
905       0.02171    0.10350     0.02054    0.10223
906       0.02171    0.10350     0.02054    0.10223
907       0.02171    0.10350     0.02054    0.10223
908       0.02171    0.10350     0.02054    0.10223
909       0.02171    0.10350     0.02054    0.10223
910       0.02171    0.10350     0.02054    0.10223
911       0.02171    0.10350     0.02054    0.10223
912       0.02171    0.10350     0.02054    0.10223
913       0.02171    0.10350     0.02054    0.10223
914       0.02171    0.10350     0.02054    0.10223
915       0.02171    0.10350     0.02054    0.10223
916       0.02171    0.10350     0.02054    0.10223
917       0.02171    0.10350     0.02054    0.10223
918       0.02171    0.10350     0.02054    0.10223
919       0.02171    0.10350     0.02054    0.10223
920       0.02171    0.10350     0.02054    0.10223
921       0.02171    0.10350     0.02054    0.10223
922       0.02171    0.10350     0.02054    0.10223
923       0.02171    0.10350     0.02054    0.10223
924       0.02171    0.10350     0.02054    0.10223
925       0.02171    0.10350     0.02054    0.10223
926       0.02171    0.10350     0.02054    0.10223
927       0.02171    0.10350     0.02054    0.10223
928       0.02171    0.10350     0.02054    0.10223
929       0.02171    0.10350     0.02054    0.10223
930       0.02171    0.10350     0.02054    0.10223
931       0.02171    0.10350     0.02054    0.10223
932       0.02171    0.10350     0.02054    0.10223
933       0.02171    0.10350     0.02054    0.10223
934       0.02171    0.10350     0.02054    0.10223
935       0.02171    0.10350     0.02054    0.10223
936       0.02171    0.10350     0.02054    0.10223
937       0.02171    0.10350     0.02054    0.10223
938       0.02171    0.10350     0.02054    0.10223
939       0.02171    0.10350     0.02054    0.10223
940       0.02171    0.10350     0.02054    0.10223
941       0.02171    0.10350     0.02054    0.10223
942       0.02171    0.10350     0.02054    0.10223
943       0.02171    0.10350     0.02054    0.10223
944       0.02171    0.10350     0.02054    0.10223
945       0.02171    0.10350     0.02054    0.10223
946       0.02171    0.10350     0.02054    0.10223
947       0.02171    0.10350     0.02054    0.10223
948       0.02171    0.10350     0.02054    0.10223
949       0.02171    0.10350     0.02054    0.10223
950       0.02171    0.10350     0.02054    0.10223
951       0.02171    0.10350     0.02054    0.10223
952       0.02171    0.10350     0.02054    0.10223
953       0.02171    0.10350     0.02054    0.10223
954       0.02171    0.10350     0.02054    0.10223
955       0.02171    0.10350     0.02054    0.10223
956       0.02171    0.10350     0.02054    0.10223
957       0.02171    0.10350     0.02054    0.10223
958       0.02171    0.10350     0.02054    0.10223
959       0.02171    0.10350     0.02054    0.10223
960       0.02171    0.10350     0.02054    0.10223
961       0.02171    0.10350     0.02054    0.10223
962       0.02171    0.10350     0.02054    0.10223
963       0.02171    0.10350     0.02054    0.10223
964       0.02171    0.10350     0.02054    0.10223
965       0.02171    0.10350     0.02054    0.10223
966       0.02171    0.10350     0.02054    0.10223
967       0.02171    0.10350     0.02054    0.10223
968       0.02171    0.10350     0.02054    0.10223
969       0.02171    0.10350     0.02054    0.10223
970       0.02171    0.10350     0.02054    0.10223
971       0.02171    0.10350     0.02054    0.10223
972       0.02171    0.10350     0.02054    0.10223
973       0.02171    0.10350     0.02054    0.10223
974       0.02171    0.10350     0.02054    0.10223
975       0.02171    0.10350     0.02054    0.10223
976       0.02171    0.10350     0.02054    0.10223
977       0.02171    0.10350     0.02054    0.10223
978       0.02171    0.10350     0.02054    0.10223
979       0.02171    0.10350     0.02054    0.10223
980       0.02171    0.10350     0.02054    0.10223
981       0.02171    0.10350     0.02054    0.10223
982       0.02171    0.10350     0.02054    0.10223
983       0.02171    0.10350     0.02054    0.10223
984       0.02171    0.10350     0.02054    0.10223
985       0.02171    0.10350     0.02054    0.10223
986       0.02171    0.10350     0.02054    0.10223
987       0.02171    0.10350     0.02054    0.10223
988       0.02171    0.10350     0.02054    0.10223
989       0.02171    0.10350     0.02054    0.10223
990       0.02171    0.10350     0.02054    0.10223
991       0.02171    0.10350     0.02054    0.10223
992       0.02171    0.10350     0.02054    0.10223
993       0.02171    0.10350     0.02054    0.10223
994       0.02171    0.10350     0.02054    0.10223
995       0.02171    0.10350     0.02054    0.10223
996       0.02171    0.10350     0.02054    0.10223
997       0.02171    0.10350     0.02054    0.10223
998       0.02171    0.10350     0.02054    0.10223
999       0.02171    0.10350     0.02054    0.10223
1000       0.02171    0.10350     0.02054    0.10223
1001       0.02171    0.10350     0.02054    0.10223
1002       0.02171    0.10350     0.02054    0.10223
1003       0.02171    0.10350     0.02054    0.10223
1004       0.02171    0.10350     0.02054    0.10223
1005       0.02171    0.10350     0.02054    0.10223
1006       0.02171    0.10350     0.02054    0.10223
1007       0.02171    0.10350     0.02054    0.10223
1008       0.02171    0.10350     0.02054    0.10223
1009       0.02171    0.10350     0.02054    0.10223    0.02259    0.10347