Ciclo   TrainMSE   TrainMAE   ValidMSE   ValidMAE   TestMSE     TestMAE
----------------------------------------------------------------------- 
0       0.02723    0.11485     0.02617    0.11346
1       0.02592    0.11257     0.02482    0.11102
2       0.02523    0.11146     0.02414    0.10986
3       0.02484    0.11084     0.02377    0.10923
4       0.02460    0.11046     0.02354    0.10885
5       0.02443    0.11020     0.02339    0.10861
6       0.02432    0.11002     0.02329    0.10845
7       0.02423    0.10989     0.02322    0.10833
8       0.02417    0.10979     0.02316    0.10824
9       0.02412    0.10971     0.02312    0.10817
10       0.02408    0.10965     0.02308    0.10812
11       0.02405    0.10960     0.02305    0.10807
12       0.02402    0.10956     0.02303    0.10804
13       0.02400    0.10952     0.02301    0.10801
14       0.02399    0.10949     0.02300    0.10799
15       0.02397    0.10947     0.02299    0.10797
16       0.02396    0.10945     0.02297    0.10795
17       0.02395    0.10943     0.02297    0.10794
18       0.02394    0.10942     0.02296    0.10793
19       0.02393    0.10940     0.02295    0.10792
20       0.02393    0.10939     0.02295    0.10791
21       0.02392    0.10938     0.02294    0.10790
22       0.02392    0.10938     0.02294    0.10789
23       0.02391    0.10937     0.02293    0.10789
24       0.02391    0.10936     0.02293    0.10788
25       0.02391    0.10936     0.02293    0.10788
26       0.02390    0.10936     0.02293    0.10788
27       0.02390    0.10935     0.02292    0.10787
28       0.02390    0.10935     0.02292    0.10787
29       0.02390    0.10935     0.02292    0.10787
30       0.02390    0.10935     0.02292    0.10787
31       0.02390    0.10934     0.02292    0.10787
32       0.02390    0.10934     0.02292    0.10787
33       0.02389    0.10934     0.02292    0.10786
34       0.02389    0.10934     0.02292    0.10786
35       0.02389    0.10934     0.02292    0.10786
36       0.02389    0.10934     0.02292    0.10786
37       0.02389    0.10934     0.02292    0.10786
38       0.02389    0.10934     0.02292    0.10786
39       0.02389    0.10934     0.02292    0.10786
40       0.02389    0.10934     0.02291    0.10786
41       0.02389    0.10934     0.02291    0.10786
42       0.02389    0.10934     0.02291    0.10786
43       0.02389    0.10933     0.02291    0.10786
44       0.02389    0.10933     0.02291    0.10786
45       0.02389    0.10933     0.02291    0.10786
46       0.02389    0.10933     0.02291    0.10786
47       0.02389    0.10933     0.02291    0.10786
48       0.02389    0.10933     0.02291    0.10786
49       0.02389    0.10933     0.02291    0.10786
50       0.02389    0.10933     0.02291    0.10786
51       0.02389    0.10933     0.02291    0.10786
52       0.02389    0.10933     0.02291    0.10786
53       0.02389    0.10933     0.02291    0.10786
54       0.02389    0.10933     0.02291    0.10786
55       0.02389    0.10933     0.02291    0.10786
56       0.02389    0.10933     0.02291    0.10786
57       0.02389    0.10933     0.02291    0.10786
58       0.02389    0.10933     0.02291    0.10786
59       0.02389    0.10933     0.02291    0.10786
60       0.02389    0.10933     0.02291    0.10786
61       0.02389    0.10933     0.02291    0.10786
62       0.02389    0.10933     0.02291    0.10786
63       0.02389    0.10933     0.02291    0.10786
64       0.02389    0.10933     0.02291    0.10786
65       0.02389    0.10933     0.02291    0.10786
66       0.02389    0.10933     0.02291    0.10786
67       0.02389    0.10933     0.02291    0.10786
68       0.02389    0.10933     0.02291    0.10786
69       0.02389    0.10933     0.02291    0.10786
70       0.02389    0.10933     0.02291    0.10786
71       0.02389    0.10933     0.02291    0.10786
72       0.02389    0.10933     0.02291    0.10786
73       0.02389    0.10933     0.02291    0.10786
74       0.02389    0.10933     0.02291    0.10786
75       0.02389    0.10933     0.02291    0.10786
76       0.02389    0.10933     0.02291    0.10786
77       0.02389    0.10933     0.02291    0.10786
78       0.02389    0.10933     0.02291    0.10786
79       0.02389    0.10933     0.02291    0.10786
80       0.02389    0.10933     0.02291    0.10786
81       0.02389    0.10933     0.02291    0.10786
82       0.02389    0.10933     0.02291    0.10786
83       0.02389    0.10933     0.02291    0.10786
84       0.02389    0.10933     0.02291    0.10786
85       0.02389    0.10933     0.02291    0.10786
86       0.02389    0.10933     0.02291    0.10786
87       0.02389    0.10933     0.02291    0.10786
88       0.02389    0.10933     0.02291    0.10786
89       0.02389    0.10933     0.02291    0.10786
90       0.02389    0.10933     0.02291    0.10786
91       0.02389    0.10933     0.02291    0.10786
92       0.02389    0.10933     0.02291    0.10786
93       0.02389    0.10933     0.02291    0.10786
94       0.02389    0.10933     0.02291    0.10786
95       0.02389    0.10933     0.02291    0.10786
96       0.02389    0.10933     0.02291    0.10786
97       0.02389    0.10933     0.02291    0.10786
98       0.02389    0.10933     0.02291    0.10786
99       0.02389    0.10933     0.02291    0.10786
100       0.02389    0.10933     0.02291    0.10786
101       0.02389    0.10933     0.02291    0.10786
102       0.02389    0.10933     0.02291    0.10786
103       0.02389    0.10933     0.02291    0.10786
104       0.02389    0.10933     0.02291    0.10786
105       0.02389    0.10933     0.02291    0.10786
106       0.02389    0.10933     0.02291    0.10786
107       0.02389    0.10933     0.02291    0.10786
108       0.02389    0.10933     0.02291    0.10786
109       0.02389    0.10933     0.02291    0.10786
110       0.02389    0.10933     0.02291    0.10786
111       0.02389    0.10933     0.02291    0.10786
112       0.02389    0.10933     0.02291    0.10786
113       0.02389    0.10933     0.02291    0.10786
114       0.02389    0.10933     0.02291    0.10786
115       0.02389    0.10933     0.02291    0.10786
116       0.02389    0.10933     0.02291    0.10786
117       0.02389    0.10933     0.02291    0.10786
118       0.02389    0.10933     0.02291    0.10786
119       0.02389    0.10933     0.02291    0.10786
120       0.02389    0.10933     0.02291    0.10786
121       0.02389    0.10933     0.02291    0.10786
122       0.02389    0.10933     0.02291    0.10786
123       0.02389    0.10933     0.02291    0.10786
124       0.02389    0.10933     0.02291    0.10786
125       0.02389    0.10933     0.02291    0.10786
126       0.02389    0.10933     0.02291    0.10786
127       0.02389    0.10933     0.02291    0.10786
128       0.02389    0.10933     0.02291    0.10786
129       0.02389    0.10933     0.02291    0.10786
130       0.02389    0.10933     0.02291    0.10786
131       0.02389    0.10933     0.02291    0.10786
132       0.02389    0.10933     0.02291    0.10786
133       0.02389    0.10933     0.02291    0.10786
134       0.02389    0.10933     0.02291    0.10786
135       0.02389    0.10933     0.02291    0.10786
136       0.02389    0.10933     0.02291    0.10786
137       0.02389    0.10933     0.02291    0.10786
138       0.02389    0.10933     0.02291    0.10786
139       0.02389    0.10933     0.02291    0.10786
140       0.02389    0.10933     0.02291    0.10786
141       0.02389    0.10933     0.02291    0.10786
142       0.02389    0.10933     0.02291    0.10786
143       0.02389    0.10933     0.02291    0.10786
144       0.02389    0.10933     0.02291    0.10786
145       0.02389    0.10933     0.02291    0.10786
146       0.02389    0.10933     0.02291    0.10786
147       0.02389    0.10933     0.02291    0.10786
148       0.02389    0.10933     0.02291    0.10786
149       0.02389    0.10933     0.02291    0.10786
150       0.02389    0.10933     0.02291    0.10786
151       0.02389    0.10933     0.02291    0.10786
152       0.02389    0.10933     0.02291    0.10786
153       0.02389    0.10933     0.02291    0.10786
154       0.02389    0.10933     0.02291    0.10786
155       0.02389    0.10933     0.02291    0.10786
156       0.02389    0.10933     0.02291    0.10786
157       0.02389    0.10933     0.02291    0.10786
158       0.02389    0.10933     0.02291    0.10786
159       0.02389    0.10933     0.02291    0.10786
160       0.02389    0.10933     0.02291    0.10786
161       0.02389    0.10933     0.02291    0.10786
162       0.02389    0.10933     0.02291    0.10786
163       0.02389    0.10933     0.02291    0.10786
164       0.02389    0.10933     0.02291    0.10786
165       0.02389    0.10933     0.02291    0.10786
166       0.02389    0.10933     0.02291    0.10786
167       0.02389    0.10933     0.02291    0.10786
168       0.02389    0.10933     0.02291    0.10786
169       0.02389    0.10933     0.02291    0.10786
170       0.02389    0.10933     0.02291    0.10786
171       0.02389    0.10933     0.02291    0.10786
172       0.02389    0.10933     0.02291    0.10786
173       0.02389    0.10933     0.02291    0.10786
174       0.02389    0.10933     0.02291    0.10786
175       0.02389    0.10933     0.02291    0.10786
176       0.02389    0.10933     0.02291    0.10786
177       0.02389    0.10933     0.02291    0.10786
178       0.02389    0.10933     0.02291    0.10786
179       0.02389    0.10933     0.02291    0.10786
180       0.02389    0.10933     0.02291    0.10786
181       0.02389    0.10933     0.02291    0.10786
182       0.02389    0.10933     0.02291    0.10786
183       0.02389    0.10933     0.02291    0.10786
184       0.02389    0.10933     0.02291    0.10786
185       0.02389    0.10933     0.02291    0.10786
186       0.02389    0.10933     0.02291    0.10786
187       0.02389    0.10933     0.02291    0.10786
188       0.02389    0.10933     0.02291    0.10786
189       0.02389    0.10933     0.02291    0.10786
190       0.02389    0.10933     0.02291    0.10786
191       0.02389    0.10933     0.02291    0.10786
192       0.02389    0.10933     0.02291    0.10786
193       0.02389    0.10933     0.02291    0.10786
194       0.02389    0.10933     0.02291    0.10786
195       0.02389    0.10933     0.02291    0.10786
196       0.02389    0.10933     0.02291    0.10786
197       0.02389    0.10933     0.02291    0.10786
198       0.02389    0.10933     0.02291    0.10786
199       0.02389    0.10933     0.02291    0.10786
200       0.02389    0.10933     0.02291    0.10786
201       0.02389    0.10933     0.02291    0.10786
202       0.02389    0.10933     0.02291    0.10786
203       0.02389    0.10933     0.02291    0.10786
204       0.02389    0.10933     0.02291    0.10786
205       0.02389    0.10933     0.02291    0.10786
206       0.02389    0.10933     0.02291    0.10786
207       0.02389    0.10933     0.02291    0.10786
208       0.02389    0.10933     0.02291    0.10786
209       0.02389    0.10933     0.02291    0.10786
210       0.02389    0.10933     0.02291    0.10786
211       0.02389    0.10933     0.02291    0.10786
212       0.02389    0.10933     0.02291    0.10786
213       0.02389    0.10933     0.02291    0.10786
214       0.02389    0.10933     0.02291    0.10786
215       0.02389    0.10933     0.02291    0.10786
216       0.02389    0.10933     0.02291    0.10786
217       0.02389    0.10933     0.02291    0.10786
218       0.02389    0.10933     0.02291    0.10786
219       0.02389    0.10933     0.02291    0.10786
220       0.02389    0.10933     0.02291    0.10786
221       0.02389    0.10933     0.02291    0.10786
222       0.02389    0.10933     0.02291    0.10786
223       0.02389    0.10933     0.02291    0.10786
224       0.02389    0.10933     0.02291    0.10786
225       0.02389    0.10933     0.02291    0.10786
226       0.02389    0.10933     0.02291    0.10786
227       0.02389    0.10933     0.02291    0.10786
228       0.02389    0.10933     0.02291    0.10786
229       0.02389    0.10933     0.02291    0.10786
230       0.02389    0.10933     0.02291    0.10786
231       0.02389    0.10933     0.02291    0.10786
232       0.02389    0.10933     0.02291    0.10786
233       0.02389    0.10933     0.02291    0.10786
234       0.02389    0.10933     0.02291    0.10786
235       0.02389    0.10933     0.02291    0.10786
236       0.02389    0.10933     0.02291    0.10786
237       0.02389    0.10933     0.02291    0.10786
238       0.02389    0.10933     0.02291    0.10786
239       0.02389    0.10933     0.02291    0.10786
240       0.02389    0.10933     0.02291    0.10786
241       0.02389    0.10933     0.02291    0.10786
242       0.02389    0.10933     0.02291    0.10786
243       0.02389    0.10933     0.02291    0.10786
244       0.02389    0.10933     0.02291    0.10786
245       0.02389    0.10933     0.02291    0.10786
246       0.02389    0.10933     0.02291    0.10786
247       0.02389    0.10933     0.02291    0.10786
248       0.02389    0.10933     0.02291    0.10786
249       0.02389    0.10933     0.02291    0.10786
250       0.02389    0.10933     0.02291    0.10786
251       0.02389    0.10933     0.02291    0.10786
252       0.02389    0.10933     0.02291    0.10786
253       0.02389    0.10933     0.02291    0.10786
254       0.02389    0.10933     0.02291    0.10786
255       0.02389    0.10933     0.02291    0.10786
256       0.02389    0.10933     0.02291    0.10786
257       0.02389    0.10933     0.02291    0.10786
258       0.02389    0.10933     0.02291    0.10786
259       0.02389    0.10933     0.02291    0.10786
260       0.02389    0.10933     0.02291    0.10786
261       0.02389    0.10933     0.02291    0.10786
262       0.02389    0.10933     0.02291    0.10786
263       0.02389    0.10933     0.02291    0.10786
264       0.02389    0.10933     0.02291    0.10786
265       0.02389    0.10933     0.02291    0.10786
266       0.02389    0.10933     0.02291    0.10786
267       0.02389    0.10933     0.02291    0.10786
268       0.02389    0.10933     0.02291    0.10786
269       0.02389    0.10933     0.02291    0.10786
270       0.02389    0.10933     0.02291    0.10786
271       0.02389    0.10933     0.02291    0.10786
272       0.02389    0.10933     0.02291    0.10786
273       0.02389    0.10933     0.02291    0.10786
274       0.02389    0.10933     0.02291    0.10786
275       0.02389    0.10933     0.02291    0.10786
276       0.02389    0.10933     0.02291    0.10786
277       0.02389    0.10933     0.02291    0.10786
278       0.02389    0.10933     0.02291    0.10786
279       0.02389    0.10933     0.02291    0.10786
280       0.02389    0.10933     0.02291    0.10786
281       0.02389    0.10933     0.02291    0.10786
282       0.02389    0.10933     0.02291    0.10786
283       0.02389    0.10933     0.02291    0.10786
284       0.02389    0.10933     0.02291    0.10786
285       0.02389    0.10933     0.02291    0.10786
286       0.02389    0.10933     0.02291    0.10786
287       0.02389    0.10933     0.02291    0.10786
288       0.02389    0.10933     0.02291    0.10786
289       0.02389    0.10933     0.02291    0.10786
290       0.02389    0.10933     0.02291    0.10786
291       0.02389    0.10933     0.02291    0.10786
292       0.02389    0.10933     0.02291    0.10786
293       0.02389    0.10933     0.02291    0.10786
294       0.02389    0.10933     0.02291    0.10786
295       0.02389    0.10933     0.02291    0.10786
296       0.02389    0.10933     0.02291    0.10786
297       0.02389    0.10933     0.02291    0.10786
298       0.02389    0.10933     0.02291    0.10786
299       0.02389    0.10933     0.02291    0.10786
300       0.02389    0.10933     0.02291    0.10786
301       0.02389    0.10933     0.02291    0.10786
302       0.02389    0.10933     0.02291    0.10786
303       0.02389    0.10933     0.02291    0.10786
304       0.02389    0.10933     0.02291    0.10786
305       0.02389    0.10933     0.02291    0.10786
306       0.02389    0.10933     0.02291    0.10786
307       0.02389    0.10933     0.02291    0.10786
308       0.02389    0.10933     0.02291    0.10786
309       0.02389    0.10933     0.02291    0.10786
310       0.02389    0.10933     0.02291    0.10786
311       0.02389    0.10933     0.02291    0.10786
312       0.02389    0.10933     0.02291    0.10786
313       0.02389    0.10933     0.02291    0.10786
314       0.02389    0.10933     0.02291    0.10786
315       0.02389    0.10933     0.02291    0.10786
316       0.02389    0.10933     0.02291    0.10786
317       0.02389    0.10933     0.02291    0.10786
318       0.02389    0.10933     0.02291    0.10786
319       0.02389    0.10933     0.02291    0.10786
320       0.02389    0.10933     0.02291    0.10786
321       0.02389    0.10933     0.02291    0.10786
322       0.02389    0.10933     0.02291    0.10786
323       0.02389    0.10933     0.02291    0.10786
324       0.02389    0.10933     0.02291    0.10786
325       0.02389    0.10933     0.02291    0.10786
326       0.02389    0.10933     0.02291    0.10786
327       0.02389    0.10933     0.02291    0.10786
328       0.02389    0.10933     0.02291    0.10786
329       0.02389    0.10933     0.02291    0.10786
330       0.02389    0.10933     0.02291    0.10786
331       0.02389    0.10933     0.02291    0.10786
332       0.02389    0.10933     0.02291    0.10786
333       0.02389    0.10933     0.02291    0.10786
334       0.02389    0.10933     0.02291    0.10786
335       0.02389    0.10933     0.02291    0.10786
336       0.02389    0.10933     0.02291    0.10786
337       0.02389    0.10933     0.02291    0.10786
338       0.02389    0.10933     0.02291    0.10786
339       0.02389    0.10933     0.02291    0.10786
340       0.02389    0.10933     0.02291    0.10786
341       0.02389    0.10933     0.02291    0.10786
342       0.02389    0.10933     0.02291    0.10786
343       0.02389    0.10933     0.02291    0.10786
344       0.02389    0.10933     0.02291    0.10786
345       0.02389    0.10933     0.02291    0.10786
346       0.02389    0.10933     0.02291    0.10786
347       0.02389    0.10933     0.02291    0.10786
348       0.02389    0.10933     0.02291    0.10786
349       0.02389    0.10933     0.02291    0.10786
350       0.02389    0.10933     0.02291    0.10786
351       0.02389    0.10933     0.02291    0.10786
352       0.02389    0.10933     0.02291    0.10786
353       0.02389    0.10933     0.02291    0.10786
354       0.02389    0.10933     0.02291    0.10786
355       0.02389    0.10933     0.02291    0.10786
356       0.02389    0.10933     0.02291    0.10786
357       0.02389    0.10933     0.02291    0.10786
358       0.02389    0.10933     0.02291    0.10786
359       0.02389    0.10933     0.02291    0.10786
360       0.02389    0.10933     0.02291    0.10786
361       0.02389    0.10933     0.02291    0.10786
362       0.02389    0.10933     0.02291    0.10786
363       0.02389    0.10933     0.02291    0.10786
364       0.02389    0.10933     0.02291    0.10786
365       0.02389    0.10933     0.02291    0.10786
366       0.02389    0.10933     0.02291    0.10786
367       0.02389    0.10933     0.02291    0.10786
368       0.02389    0.10933     0.02291    0.10786
369       0.02389    0.10933     0.02291    0.10786
370       0.02389    0.10933     0.02291    0.10786
371       0.02389    0.10933     0.02291    0.10786
372       0.02389    0.10933     0.02291    0.10786
373       0.02389    0.10933     0.02291    0.10786
374       0.02389    0.10933     0.02291    0.10786
375       0.02389    0.10933     0.02291    0.10786
376       0.02389    0.10933     0.02291    0.10786
377       0.02389    0.10933     0.02291    0.10786
378       0.02389    0.10933     0.02291    0.10786
379       0.02389    0.10933     0.02291    0.10786
380       0.02389    0.10933     0.02291    0.10786
381       0.02389    0.10933     0.02291    0.10786
382       0.02389    0.10933     0.02291    0.10786
383       0.02389    0.10933     0.02291    0.10786
384       0.02389    0.10933     0.02291    0.10786
385       0.02389    0.10933     0.02291    0.10786
386       0.02389    0.10933     0.02291    0.10786
387       0.02389    0.10933     0.02291    0.10786
388       0.02389    0.10933     0.02291    0.10786
389       0.02389    0.10933     0.02291    0.10786
390       0.02389    0.10933     0.02291    0.10786
391       0.02389    0.10933     0.02291    0.10786
392       0.02389    0.10933     0.02291    0.10786
393       0.02389    0.10933     0.02291    0.10786
394       0.02389    0.10933     0.02291    0.10786
395       0.02389    0.10933     0.02291    0.10786
396       0.02389    0.10933     0.02291    0.10786
397       0.02389    0.10933     0.02291    0.10786
398       0.02389    0.10933     0.02291    0.10786
399       0.02389    0.10933     0.02291    0.10786
400       0.02389    0.10933     0.02291    0.10786
401       0.02389    0.10933     0.02291    0.10786
402       0.02389    0.10933     0.02291    0.10786
403       0.02389    0.10933     0.02291    0.10786
404       0.02389    0.10933     0.02291    0.10786
405       0.02389    0.10933     0.02291    0.10786
406       0.02389    0.10933     0.02291    0.10786
407       0.02389    0.10933     0.02291    0.10786
408       0.02389    0.10933     0.02291    0.10786
409       0.02389    0.10933     0.02291    0.10786
410       0.02389    0.10933     0.02291    0.10786
411       0.02389    0.10933     0.02291    0.10786
412       0.02389    0.10933     0.02291    0.10786
413       0.02389    0.10933     0.02291    0.10786
414       0.02389    0.10933     0.02291    0.10786
415       0.02389    0.10933     0.02291    0.10786
416       0.02389    0.10933     0.02291    0.10786
417       0.02389    0.10933     0.02291    0.10786
418       0.02389    0.10933     0.02291    0.10786
419       0.02389    0.10933     0.02291    0.10786
420       0.02389    0.10933     0.02291    0.10786
421       0.02389    0.10933     0.02291    0.10786
422       0.02389    0.10933     0.02291    0.10786
423       0.02389    0.10933     0.02291    0.10786
424       0.02389    0.10933     0.02291    0.10786
425       0.02389    0.10933     0.02291    0.10786
426       0.02389    0.10933     0.02291    0.10786
427       0.02389    0.10933     0.02291    0.10786
428       0.02389    0.10933     0.02291    0.10786
429       0.02389    0.10933     0.02291    0.10786
430       0.02389    0.10933     0.02291    0.10786
431       0.02389    0.10933     0.02291    0.10786
432       0.02389    0.10933     0.02291    0.10786
433       0.02389    0.10933     0.02291    0.10786
434       0.02389    0.10933     0.02291    0.10786
435       0.02389    0.10933     0.02291    0.10786
436       0.02389    0.10933     0.02291    0.10786
437       0.02389    0.10933     0.02291    0.10786
438       0.02389    0.10933     0.02291    0.10786
439       0.02389    0.10933     0.02291    0.10786
440       0.02389    0.10933     0.02291    0.10786
441       0.02389    0.10933     0.02291    0.10786
442       0.02389    0.10933     0.02291    0.10786
443       0.02389    0.10933     0.02291    0.10786
444       0.02389    0.10933     0.02291    0.10786
445       0.02389    0.10933     0.02291    0.10786
446       0.02389    0.10933     0.02291    0.10786
447       0.02389    0.10933     0.02291    0.10786
448       0.02389    0.10933     0.02291    0.10786
449       0.02389    0.10933     0.02291    0.10786
450       0.02389    0.10933     0.02291    0.10786
451       0.02389    0.10933     0.02291    0.10786
452       0.02389    0.10933     0.02291    0.10786
453       0.02389    0.10933     0.02291    0.10786
454       0.02389    0.10933     0.02291    0.10786
455       0.02389    0.10933     0.02291    0.10786
456       0.02389    0.10933     0.02291    0.10786
457       0.02389    0.10933     0.02291    0.10786
458       0.02389    0.10933     0.02291    0.10786
459       0.02389    0.10933     0.02291    0.10786
460       0.02389    0.10933     0.02291    0.10786
461       0.02389    0.10933     0.02291    0.10786
462       0.02389    0.10933     0.02291    0.10786
463       0.02389    0.10933     0.02291    0.10786
464       0.02389    0.10933     0.02291    0.10786
465       0.02389    0.10933     0.02291    0.10786
466       0.02389    0.10933     0.02291    0.10786
467       0.02389    0.10933     0.02291    0.10786
468       0.02389    0.10933     0.02291    0.10786
469       0.02389    0.10933     0.02291    0.10786
470       0.02389    0.10933     0.02291    0.10786
471       0.02389    0.10933     0.02291    0.10786
472       0.02389    0.10933     0.02291    0.10786
473       0.02389    0.10933     0.02291    0.10786
474       0.02389    0.10933     0.02291    0.10786
475       0.02389    0.10933     0.02291    0.10786
476       0.02389    0.10933     0.02291    0.10786
477       0.02389    0.10933     0.02291    0.10786
478       0.02389    0.10933     0.02291    0.10786
479       0.02389    0.10933     0.02291    0.10786
480       0.02389    0.10933     0.02291    0.10786
481       0.02389    0.10933     0.02291    0.10786
482       0.02389    0.10933     0.02291    0.10786
483       0.02389    0.10933     0.02291    0.10786
484       0.02389    0.10933     0.02291    0.10786
485       0.02389    0.10933     0.02291    0.10786
486       0.02389    0.10933     0.02291    0.10786
487       0.02389    0.10933     0.02291    0.10786
488       0.02389    0.10933     0.02291    0.10786
489       0.02389    0.10933     0.02291    0.10786
490       0.02389    0.10933     0.02291    0.10786
491       0.02389    0.10933     0.02291    0.10786
492       0.02389    0.10933     0.02291    0.10786
493       0.02389    0.10933     0.02291    0.10786
494       0.02389    0.10933     0.02291    0.10786
495       0.02389    0.10933     0.02291    0.10786
496       0.02389    0.10933     0.02291    0.10786
497       0.02389    0.10933     0.02291    0.10786
498       0.02389    0.10933     0.02291    0.10786
499       0.02389    0.10933     0.02291    0.10786
500       0.02389    0.10933     0.02291    0.10786
501       0.02389    0.10933     0.02291    0.10786
502       0.02389    0.10933     0.02291    0.10786
503       0.02389    0.10933     0.02291    0.10786
504       0.02389    0.10933     0.02291    0.10786
505       0.02389    0.10933     0.02291    0.10786
506       0.02389    0.10933     0.02291    0.10786
507       0.02389    0.10933     0.02291    0.10786
508       0.02389    0.10933     0.02291    0.10786
509       0.02389    0.10933     0.02291    0.10786
510       0.02389    0.10933     0.02291    0.10786
511       0.02389    0.10933     0.02291    0.10786
512       0.02389    0.10933     0.02291    0.10786
513       0.02389    0.10933     0.02291    0.10786
514       0.02389    0.10933     0.02291    0.10786
515       0.02389    0.10933     0.02291    0.10786    0.02502    0.10919