Ciclo   TrainMSE   TrainMAE   ValidMSE   ValidMAE   TestMSE     TestMAE
----------------------------------------------------------------------- 
0       0.02712    0.11876     0.02651    0.11751
1       0.02511    0.11277     0.02391    0.11072
2       0.02464    0.11145     0.02336    0.10921
3       0.02436    0.11074     0.02306    0.10847
4       0.02414    0.11025     0.02285    0.10798
5       0.02397    0.10985     0.02268    0.10762
6       0.02383    0.10952     0.02254    0.10731
7       0.02371    0.10924     0.02242    0.10704
8       0.02360    0.10900     0.02231    0.10680
9       0.02351    0.10878     0.02222    0.10657
10       0.02343    0.10857     0.02213    0.10636
11       0.02335    0.10837     0.02205    0.10617
12       0.02327    0.10819     0.02197    0.10599
13       0.02320    0.10801     0.02190    0.10581
14       0.02314    0.10784     0.02183    0.10564
15       0.02308    0.10768     0.02177    0.10547
16       0.02302    0.10752     0.02171    0.10531
17       0.02296    0.10737     0.02165    0.10515
18       0.02290    0.10722     0.02159    0.10500
19       0.02285    0.10707     0.02154    0.10486
20       0.02280    0.10694     0.02148    0.10472
21       0.02275    0.10680     0.02143    0.10459
22       0.02270    0.10668     0.02138    0.10446
23       0.02266    0.10655     0.02133    0.10434
24       0.02262    0.10643     0.02129    0.10422
25       0.02257    0.10631     0.02125    0.10410
26       0.02253    0.10620     0.02120    0.10399
27       0.02249    0.10608     0.02116    0.10388
28       0.02245    0.10598     0.02112    0.10377
29       0.02242    0.10588     0.02108    0.10367
30       0.02238    0.10578     0.02105    0.10358
31       0.02235    0.10568     0.02101    0.10348
32       0.02231    0.10558     0.02098    0.10340
33       0.02228    0.10549     0.02095    0.10332
34       0.02225    0.10540     0.02091    0.10325
35       0.02222    0.10532     0.02088    0.10318
36       0.02219    0.10524     0.02086    0.10311
37       0.02217    0.10516     0.02083    0.10304
38       0.02214    0.10509     0.02080    0.10298
39       0.02211    0.10501     0.02077    0.10292
40       0.02209    0.10495     0.02075    0.10286
41       0.02206    0.10488     0.02072    0.10280
42       0.02204    0.10482     0.02070    0.10275
43       0.02202    0.10475     0.02068    0.10270
44       0.02200    0.10469     0.02066    0.10265
45       0.02197    0.10464     0.02063    0.10260
46       0.02195    0.10458     0.02061    0.10256
47       0.02193    0.10452     0.02059    0.10252
48       0.02192    0.10447     0.02058    0.10247
49       0.02190    0.10442     0.02056    0.10244
50       0.02188    0.10437     0.02054    0.10240
51       0.02186    0.10432     0.02052    0.10236
52       0.02185    0.10428     0.02051    0.10233
53       0.02183    0.10424     0.02049    0.10229
54       0.02181    0.10419     0.02048    0.10226
55       0.02180    0.10415     0.02046    0.10223
56       0.02179    0.10411     0.02045    0.10220
57       0.02177    0.10408     0.02043    0.10217
58       0.02176    0.10404     0.02042    0.10215
59       0.02174    0.10400     0.02041    0.10212
60       0.02173    0.10397     0.02040    0.10209
61       0.02172    0.10393     0.02039    0.10207
62       0.02171    0.10390     0.02037    0.10205
63       0.02170    0.10387     0.02036    0.10203
64       0.02169    0.10384     0.02035    0.10201
65       0.02168    0.10381     0.02034    0.10199
66       0.02166    0.10379     0.02033    0.10197
67       0.02165    0.10376     0.02033    0.10195
68       0.02165    0.10374     0.02032    0.10193
69       0.02164    0.10371     0.02031    0.10191
70       0.02163    0.10369     0.02030    0.10190
71       0.02162    0.10367     0.02029    0.10188
72       0.02161    0.10365     0.02028    0.10187
73       0.02160    0.10363     0.02028    0.10186
74       0.02159    0.10361     0.02027    0.10185
75       0.02159    0.10359     0.02026    0.10183
76       0.02158    0.10357     0.02026    0.10182
77       0.02157    0.10356     0.02025    0.10181
78       0.02157    0.10354     0.02024    0.10180
79       0.02156    0.10353     0.02024    0.10179
80       0.02155    0.10351     0.02023    0.10178
81       0.02155    0.10350     0.02023    0.10177
82       0.02154    0.10349     0.02022    0.10177
83       0.02153    0.10347     0.02022    0.10176
84       0.02153    0.10346     0.02021    0.10175
85       0.02152    0.10345     0.02021    0.10174
86       0.02152    0.10344     0.02020    0.10174
87       0.02151    0.10343     0.02020    0.10173
88       0.02151    0.10342     0.02020    0.10172
89       0.02150    0.10341     0.02019    0.10172
90       0.02150    0.10340     0.02019    0.10171
91       0.02149    0.10339     0.02018    0.10171
92       0.02149    0.10338     0.02018    0.10170
93       0.02148    0.10338     0.02018    0.10170
94       0.02148    0.10337     0.02017    0.10169
95       0.02148    0.10336     0.02017    0.10169
96       0.02147    0.10335     0.02017    0.10168
97       0.02147    0.10335     0.02017    0.10168
98       0.02147    0.10334     0.02016    0.10167
99       0.02146    0.10333     0.02016    0.10167
100       0.02146    0.10333     0.02016    0.10167
101       0.02146    0.10332     0.02016    0.10166
102       0.02145    0.10332     0.02015    0.10166
103       0.02145    0.10331     0.02015    0.10166
104       0.02145    0.10331     0.02015    0.10166
105       0.02144    0.10330     0.02015    0.10165
106       0.02144    0.10330     0.02015    0.10165
107       0.02144    0.10329     0.02014    0.10165
108       0.02144    0.10329     0.02014    0.10165
109       0.02143    0.10328     0.02014    0.10165
110       0.02143    0.10328     0.02014    0.10164
111       0.02143    0.10328     0.02014    0.10164
112       0.02143    0.10327     0.02014    0.10164
113       0.02142    0.10327     0.02013    0.10164
114       0.02142    0.10327     0.02013    0.10164
115       0.02142    0.10326     0.02013    0.10164
116       0.02142    0.10326     0.02013    0.10164
117       0.02142    0.10326     0.02013    0.10164
118       0.02141    0.10326     0.02013    0.10164
119       0.02141    0.10325     0.02013    0.10164
120       0.02141    0.10325     0.02013    0.10164
121       0.02141    0.10325     0.02013    0.10164
122       0.02141    0.10325     0.02012    0.10164
123       0.02141    0.10325     0.02012    0.10164
124       0.02140    0.10325     0.02012    0.10164
125       0.02140    0.10324     0.02012    0.10164
126       0.02140    0.10324     0.02012    0.10164
127       0.02140    0.10324     0.02012    0.10164
128       0.02140    0.10324     0.02012    0.10164
129       0.02140    0.10324     0.02012    0.10164
130       0.02140    0.10324     0.02012    0.10164
131       0.02139    0.10323     0.02012    0.10164
132       0.02139    0.10323     0.02012    0.10165
133       0.02139    0.10323     0.02012    0.10165
134       0.02139    0.10323     0.02012    0.10165
135       0.02139    0.10323     0.02012    0.10165
136       0.02139    0.10323     0.02012    0.10165
137       0.02139    0.10323     0.02012    0.10165
138       0.02139    0.10323     0.02012    0.10165
139       0.02139    0.10323     0.02012    0.10165
140       0.02138    0.10323     0.02012    0.10165
141       0.02138    0.10323     0.02012    0.10166
142       0.02138    0.10323     0.02011    0.10166
143       0.02138    0.10322     0.02011    0.10166
144       0.02138    0.10322     0.02011    0.10166
145       0.02138    0.10322     0.02011    0.10166
146       0.02138    0.10322     0.02011    0.10166
147       0.02138    0.10322     0.02011    0.10166
148       0.02138    0.10322     0.02011    0.10166
149       0.02138    0.10322     0.02011    0.10167
150       0.02138    0.10322     0.02011    0.10167
151       0.02138    0.10322     0.02011    0.10167
152       0.02137    0.10322     0.02011    0.10167
153       0.02137    0.10322     0.02011    0.10167
154       0.02137    0.10322     0.02011    0.10167
155       0.02137    0.10322     0.02011    0.10167
156       0.02137    0.10322     0.02011    0.10168
157       0.02137    0.10322     0.02011    0.10168
158       0.02137    0.10322     0.02011    0.10168
159       0.02137    0.10322     0.02011    0.10168
160       0.02137    0.10322     0.02011    0.10168
161       0.02137    0.10322     0.02011    0.10168
162       0.02137    0.10322     0.02011    0.10168
163       0.02137    0.10322     0.02011    0.10169
164       0.02137    0.10322     0.02011    0.10169
165       0.02137    0.10323     0.02011    0.10169
166       0.02137    0.10323     0.02011    0.10169
167       0.02137    0.10323     0.02011    0.10169
168       0.02137    0.10323     0.02011    0.10169
169       0.02137    0.10323     0.02011    0.10169
170       0.02137    0.10323     0.02011    0.10169
171       0.02136    0.10323     0.02011    0.10170
172       0.02136    0.10323     0.02011    0.10170
173       0.02136    0.10323     0.02011    0.10170
174       0.02136    0.10323     0.02011    0.10170
175       0.02136    0.10323     0.02011    0.10170
176       0.02136    0.10323     0.02011    0.10170
177       0.02136    0.10323     0.02012    0.10170
178       0.02136    0.10323     0.02012    0.10170
179       0.02136    0.10323     0.02012    0.10171
180       0.02136    0.10323     0.02012    0.10171
181       0.02136    0.10323     0.02012    0.10171
182       0.02136    0.10323     0.02012    0.10171
183       0.02136    0.10323     0.02012    0.10171
184       0.02136    0.10323     0.02012    0.10171
185       0.02136    0.10323     0.02012    0.10171
186       0.02136    0.10323     0.02012    0.10171
187       0.02136    0.10323     0.02012    0.10172
188       0.02136    0.10323     0.02012    0.10172
189       0.02136    0.10323     0.02012    0.10172
190       0.02136    0.10323     0.02012    0.10172
191       0.02136    0.10324     0.02012    0.10172
192       0.02136    0.10324     0.02012    0.10172
193       0.02136    0.10324     0.02012    0.10172
194       0.02136    0.10324     0.02012    0.10172
195       0.02136    0.10324     0.02012    0.10173
196       0.02136    0.10324     0.02012    0.10173
197       0.02136    0.10324     0.02012    0.10173
198       0.02136    0.10324     0.02012    0.10173
199       0.02136    0.10324     0.02012    0.10173
200       0.02136    0.10324     0.02012    0.10173
201       0.02136    0.10324     0.02012    0.10173
202       0.02136    0.10324     0.02012    0.10173
203       0.02136    0.10324     0.02012    0.10173
204       0.02136    0.10324     0.02012    0.10174
205       0.02136    0.10324     0.02012    0.10174
206       0.02136    0.10324     0.02012    0.10174
207       0.02136    0.10324     0.02012    0.10174
208       0.02136    0.10324     0.02012    0.10174
209       0.02136    0.10325     0.02012    0.10174
210       0.02136    0.10325     0.02012    0.10174
211       0.02136    0.10325     0.02012    0.10174
212       0.02136    0.10325     0.02012    0.10174
213       0.02135    0.10325     0.02012    0.10174
214       0.02135    0.10325     0.02012    0.10175
215       0.02135    0.10325     0.02012    0.10175
216       0.02135    0.10325     0.02012    0.10175
217       0.02135    0.10325     0.02012    0.10175
218       0.02135    0.10325     0.02012    0.10175
219       0.02135    0.10325     0.02012    0.10175
220       0.02135    0.10325     0.02012    0.10175
221       0.02135    0.10325     0.02012    0.10175
222       0.02135    0.10325     0.02012    0.10175
223       0.02135    0.10325     0.02012    0.10175
224       0.02135    0.10325     0.02012    0.10176
225       0.02135    0.10325     0.02012    0.10176
226       0.02135    0.10325     0.02012    0.10176
227       0.02135    0.10326     0.02012    0.10176
228       0.02135    0.10326     0.02012    0.10176
229       0.02135    0.10326     0.02012    0.10176
230       0.02135    0.10326     0.02012    0.10176
231       0.02135    0.10326     0.02012    0.10176
232       0.02135    0.10326     0.02012    0.10176
233       0.02135    0.10326     0.02013    0.10176
234       0.02135    0.10326     0.02013    0.10177
235       0.02135    0.10326     0.02013    0.10177
236       0.02135    0.10326     0.02013    0.10177
237       0.02135    0.10326     0.02013    0.10177
238       0.02135    0.10326     0.02013    0.10177
239       0.02135    0.10326     0.02013    0.10177
240       0.02135    0.10326     0.02013    0.10177
241       0.02135    0.10326     0.02013    0.10177
242       0.02135    0.10326     0.02013    0.10177
243       0.02135    0.10326     0.02013    0.10177
244       0.02135    0.10327     0.02013    0.10177
245       0.02135    0.10327     0.02013    0.10178
246       0.02135    0.10327     0.02013    0.10178
247       0.02135    0.10327     0.02013    0.10178
248       0.02135    0.10327     0.02013    0.10178
249       0.02135    0.10327     0.02013    0.10178
250       0.02135    0.10327     0.02013    0.10178
251       0.02135    0.10327     0.02013    0.10178
252       0.02135    0.10327     0.02013    0.10178
253       0.02135    0.10327     0.02013    0.10178
254       0.02135    0.10327     0.02013    0.10178
255       0.02135    0.10327     0.02013    0.10178
256       0.02135    0.10327     0.02013    0.10178
257       0.02135    0.10327     0.02013    0.10179
258       0.02135    0.10327     0.02013    0.10179
259       0.02135    0.10327     0.02013    0.10179
260       0.02135    0.10327     0.02013    0.10179
261       0.02135    0.10327     0.02013    0.10179
262       0.02135    0.10327     0.02013    0.10179
263       0.02135    0.10327     0.02013    0.10179
264       0.02135    0.10328     0.02013    0.10179
265       0.02135    0.10328     0.02013    0.10179
266       0.02135    0.10328     0.02013    0.10179
267       0.02135    0.10328     0.02013    0.10179
268       0.02135    0.10328     0.02013    0.10179
269       0.02135    0.10328     0.02013    0.10179
270       0.02135    0.10328     0.02013    0.10179
271       0.02135    0.10328     0.02013    0.10180
272       0.02135    0.10328     0.02013    0.10180
273       0.02135    0.10328     0.02013    0.10180
274       0.02135    0.10328     0.02013    0.10180
275       0.02135    0.10328     0.02013    0.10180
276       0.02135    0.10328     0.02013    0.10180
277       0.02135    0.10328     0.02013    0.10180
278       0.02135    0.10328     0.02013    0.10180
279       0.02135    0.10328     0.02013    0.10180
280       0.02135    0.10328     0.02013    0.10180
281       0.02135    0.10328     0.02013    0.10180
282       0.02135    0.10328     0.02013    0.10180
283       0.02135    0.10328     0.02013    0.10180
284       0.02135    0.10328     0.02013    0.10180
285       0.02135    0.10329     0.02013    0.10180
286       0.02135    0.10329     0.02013    0.10181
287       0.02135    0.10329     0.02013    0.10181
288       0.02135    0.10329     0.02013    0.10181
289       0.02135    0.10329     0.02013    0.10181
290       0.02135    0.10329     0.02013    0.10181
291       0.02135    0.10329     0.02013    0.10181
292       0.02135    0.10329     0.02013    0.10181
293       0.02135    0.10329     0.02013    0.10181
294       0.02135    0.10329     0.02013    0.10181
295       0.02135    0.10329     0.02013    0.10181
296       0.02135    0.10329     0.02013    0.10181
297       0.02135    0.10329     0.02013    0.10181
298       0.02135    0.10329     0.02013    0.10181
299       0.02135    0.10329     0.02013    0.10181
300       0.02135    0.10329     0.02013    0.10181
301       0.02135    0.10329     0.02014    0.10181
302       0.02135    0.10329     0.02014    0.10181
303       0.02135    0.10329     0.02014    0.10182
304       0.02135    0.10329     0.02014    0.10182
305       0.02135    0.10329     0.02014    0.10182
306       0.02135    0.10329     0.02014    0.10182
307       0.02135    0.10329     0.02014    0.10182
308       0.02135    0.10330     0.02014    0.10182
309       0.02135    0.10330     0.02014    0.10182
310       0.02135    0.10330     0.02014    0.10182
311       0.02135    0.10330     0.02014    0.10182
312       0.02135    0.10330     0.02014    0.10182
313       0.02135    0.10330     0.02014    0.10182
314       0.02135    0.10330     0.02014    0.10182
315       0.02135    0.10330     0.02014    0.10182
316       0.02135    0.10330     0.02014    0.10182
317       0.02135    0.10330     0.02014    0.10182
318       0.02135    0.10330     0.02014    0.10182
319       0.02135    0.10330     0.02014    0.10182
320       0.02135    0.10330     0.02014    0.10182
321       0.02135    0.10330     0.02014    0.10183
322       0.02135    0.10330     0.02014    0.10183
323       0.02135    0.10330     0.02014    0.10183
324       0.02135    0.10330     0.02014    0.10183
325       0.02135    0.10330     0.02014    0.10183
326       0.02135    0.10330     0.02014    0.10183
327       0.02135    0.10330     0.02014    0.10183
328       0.02135    0.10330     0.02014    0.10183
329       0.02135    0.10330     0.02014    0.10183
330       0.02135    0.10330     0.02014    0.10183
331       0.02135    0.10330     0.02014    0.10183
332       0.02135    0.10330     0.02014    0.10183
333       0.02135    0.10330     0.02014    0.10183
334       0.02135    0.10331     0.02014    0.10183
335       0.02135    0.10331     0.02014    0.10183
336       0.02135    0.10331     0.02014    0.10183
337       0.02135    0.10331     0.02014    0.10183
338       0.02135    0.10331     0.02014    0.10183
339       0.02135    0.10331     0.02014    0.10183
340       0.02135    0.10331     0.02014    0.10183
341       0.02135    0.10331     0.02014    0.10183
342       0.02135    0.10331     0.02014    0.10183
343       0.02135    0.10331     0.02014    0.10184
344       0.02135    0.10331     0.02014    0.10184
345       0.02135    0.10331     0.02014    0.10184
346       0.02135    0.10331     0.02014    0.10184
347       0.02135    0.10331     0.02014    0.10184
348       0.02135    0.10331     0.02014    0.10184
349       0.02135    0.10331     0.02014    0.10184
350       0.02135    0.10331     0.02014    0.10184
351       0.02135    0.10331     0.02014    0.10184
352       0.02135    0.10331     0.02014    0.10184
353       0.02135    0.10331     0.02014    0.10184
354       0.02135    0.10331     0.02014    0.10184
355       0.02135    0.10331     0.02014    0.10184
356       0.02135    0.10331     0.02014    0.10184
357       0.02135    0.10331     0.02014    0.10184
358       0.02135    0.10331     0.02014    0.10184
359       0.02135    0.10331     0.02014    0.10184
360       0.02135    0.10331     0.02014    0.10184
361       0.02135    0.10331     0.02014    0.10184
362       0.02135    0.10331     0.02014    0.10184
363       0.02135    0.10331     0.02014    0.10184
364       0.02135    0.10331     0.02014    0.10184
365       0.02135    0.10331     0.02014    0.10184
366       0.02135    0.10331     0.02014    0.10184
367       0.02135    0.10332     0.02014    0.10184
368       0.02135    0.10332     0.02014    0.10184
369       0.02135    0.10332     0.02014    0.10184
370       0.02135    0.10332     0.02014    0.10185
371       0.02135    0.10332     0.02014    0.10185
372       0.02135    0.10332     0.02014    0.10185
373       0.02135    0.10332     0.02014    0.10185
374       0.02135    0.10332     0.02014    0.10185
375       0.02135    0.10332     0.02014    0.10185
376       0.02135    0.10332     0.02014    0.10185
377       0.02135    0.10332     0.02014    0.10185
378       0.02135    0.10332     0.02014    0.10185
379       0.02135    0.10332     0.02014    0.10185
380       0.02135    0.10332     0.02014    0.10185
381       0.02135    0.10332     0.02014    0.10185
382       0.02135    0.10332     0.02014    0.10185
383       0.02135    0.10332     0.02014    0.10185
384       0.02135    0.10332     0.02014    0.10185
385       0.02135    0.10332     0.02014    0.10185
386       0.02135    0.10332     0.02014    0.10185
387       0.02135    0.10332     0.02014    0.10185
388       0.02135    0.10332     0.02014    0.10185
389       0.02135    0.10332     0.02014    0.10185
390       0.02135    0.10332     0.02014    0.10185
391       0.02135    0.10332     0.02014    0.10185
392       0.02135    0.10332     0.02014    0.10185
393       0.02135    0.10332     0.02014    0.10185
394       0.02135    0.10332     0.02014    0.10185
395       0.02135    0.10332     0.02014    0.10185
396       0.02135    0.10332     0.02014    0.10185
397       0.02135    0.10332     0.02014    0.10185
398       0.02135    0.10332     0.02014    0.10185
399       0.02135    0.10332     0.02014    0.10185
400       0.02135    0.10332     0.02014    0.10185
401       0.02135    0.10332     0.02014    0.10185
402       0.02135    0.10332     0.02014    0.10185
403       0.02135    0.10332     0.02014    0.10186
404       0.02135    0.10332     0.02014    0.10186
405       0.02135    0.10332     0.02014    0.10186
406       0.02135    0.10332     0.02014    0.10186
407       0.02135    0.10332     0.02014    0.10186
408       0.02135    0.10333     0.02014    0.10186
409       0.02135    0.10333     0.02014    0.10186
410       0.02135    0.10333     0.02014    0.10186
411       0.02135    0.10333     0.02014    0.10186
412       0.02135    0.10333     0.02014    0.10186
413       0.02135    0.10333     0.02014    0.10186
414       0.02135    0.10333     0.02014    0.10186
415       0.02135    0.10333     0.02014    0.10186
416       0.02135    0.10333     0.02014    0.10186
417       0.02135    0.10333     0.02015    0.10186
418       0.02135    0.10333     0.02015    0.10186
419       0.02135    0.10333     0.02015    0.10186
420       0.02135    0.10333     0.02015    0.10186
421       0.02135    0.10333     0.02015    0.10186
422       0.02135    0.10333     0.02015    0.10186
423       0.02135    0.10333     0.02015    0.10186
424       0.02135    0.10333     0.02015    0.10186
425       0.02135    0.10333     0.02015    0.10186
426       0.02135    0.10333     0.02015    0.10186
427       0.02135    0.10333     0.02015    0.10186
428       0.02135    0.10333     0.02015    0.10186
429       0.02135    0.10333     0.02015    0.10186
430       0.02135    0.10333     0.02015    0.10186
431       0.02135    0.10333     0.02015    0.10186
432       0.02135    0.10333     0.02015    0.10186
433       0.02135    0.10333     0.02015    0.10186
434       0.02135    0.10333     0.02015    0.10186
435       0.02135    0.10333     0.02015    0.10186
436       0.02135    0.10333     0.02015    0.10186
437       0.02135    0.10333     0.02015    0.10186
438       0.02135    0.10333     0.02015    0.10186
439       0.02135    0.10333     0.02015    0.10186
440       0.02135    0.10333     0.02015    0.10186
441       0.02135    0.10333     0.02015    0.10186
442       0.02135    0.10333     0.02015    0.10186
443       0.02135    0.10333     0.02015    0.10186
444       0.02135    0.10333     0.02015    0.10186
445       0.02135    0.10333     0.02015    0.10186
446       0.02135    0.10333     0.02015    0.10186
447       0.02135    0.10333     0.02015    0.10187
448       0.02135    0.10333     0.02015    0.10187
449       0.02135    0.10333     0.02015    0.10187
450       0.02135    0.10333     0.02015    0.10187
451       0.02135    0.10333     0.02015    0.10187
452       0.02135    0.10333     0.02015    0.10187
453       0.02135    0.10333     0.02015    0.10187
454       0.02135    0.10333     0.02015    0.10187
455       0.02135    0.10333     0.02015    0.10187
456       0.02135    0.10333     0.02015    0.10187
457       0.02135    0.10333     0.02015    0.10187
458       0.02135    0.10333     0.02015    0.10187
459       0.02135    0.10333     0.02015    0.10187
460       0.02135    0.10333     0.02015    0.10187
461       0.02135    0.10334     0.02015    0.10187
462       0.02135    0.10334     0.02015    0.10187
463       0.02135    0.10334     0.02015    0.10187
464       0.02135    0.10334     0.02015    0.10187
465       0.02135    0.10334     0.02015    0.10187
466       0.02135    0.10334     0.02015    0.10187
467       0.02135    0.10334     0.02015    0.10187
468       0.02135    0.10334     0.02015    0.10187
469       0.02135    0.10334     0.02015    0.10187
470       0.02135    0.10334     0.02015    0.10187
471       0.02135    0.10334     0.02015    0.10187
472       0.02135    0.10334     0.02015    0.10187
473       0.02135    0.10334     0.02015    0.10187
474       0.02135    0.10334     0.02015    0.10187
475       0.02135    0.10334     0.02015    0.10187
476       0.02135    0.10334     0.02015    0.10187
477       0.02135    0.10334     0.02015    0.10187
478       0.02135    0.10334     0.02015    0.10187
479       0.02135    0.10334     0.02015    0.10187
480       0.02135    0.10334     0.02015    0.10187
481       0.02135    0.10334     0.02015    0.10187
482       0.02135    0.10334     0.02015    0.10187
483       0.02135    0.10334     0.02015    0.10187
484       0.02135    0.10334     0.02015    0.10187
485       0.02135    0.10334     0.02015    0.10187
486       0.02135    0.10334     0.02015    0.10187
487       0.02135    0.10334     0.02015    0.10187
488       0.02135    0.10334     0.02015    0.10187
489       0.02135    0.10334     0.02015    0.10187
490       0.02135    0.10334     0.02015    0.10187
491       0.02135    0.10334     0.02015    0.10187
492       0.02135    0.10334     0.02015    0.10187
493       0.02135    0.10334     0.02015    0.10187
494       0.02135    0.10334     0.02015    0.10187
495       0.02135    0.10334     0.02015    0.10187
496       0.02135    0.10334     0.02015    0.10187
497       0.02135    0.10334     0.02015    0.10187
498       0.02135    0.10334     0.02015    0.10187
499       0.02135    0.10334     0.02015    0.10187
500       0.02135    0.10334     0.02015    0.10187
501       0.02135    0.10334     0.02015    0.10187
502       0.02135    0.10334     0.02015    0.10187
503       0.02135    0.10334     0.02015    0.10188
504       0.02135    0.10334     0.02015    0.10188
505       0.02135    0.10334     0.02015    0.10188
506       0.02135    0.10334     0.02015    0.10188
507       0.02135    0.10334     0.02015    0.10188
508       0.02135    0.10334     0.02015    0.10188
509       0.02135    0.10334     0.02015    0.10188
510       0.02135    0.10334     0.02015    0.10188
511       0.02135    0.10334     0.02015    0.10188
512       0.02135    0.10334     0.02015    0.10188
513       0.02135    0.10334     0.02015    0.10188
514       0.02135    0.10334     0.02015    0.10188
515       0.02135    0.10334     0.02015    0.10188
516       0.02135    0.10334     0.02015    0.10188
517       0.02135    0.10334     0.02015    0.10188
518       0.02135    0.10334     0.02015    0.10188
519       0.02135    0.10334     0.02015    0.10188
520       0.02135    0.10334     0.02015    0.10188
521       0.02135    0.10334     0.02015    0.10188
522       0.02135    0.10334     0.02015    0.10188
523       0.02135    0.10334     0.02015    0.10188
524       0.02135    0.10334     0.02015    0.10188
525       0.02135    0.10334     0.02015    0.10188
526       0.02135    0.10334     0.02015    0.10188
527       0.02135    0.10334     0.02015    0.10188
528       0.02135    0.10334     0.02015    0.10188
529       0.02135    0.10334     0.02015    0.10188
530       0.02135    0.10335     0.02015    0.10188
531       0.02135    0.10335     0.02015    0.10188
532       0.02135    0.10335     0.02015    0.10188
533       0.02135    0.10335     0.02015    0.10188
534       0.02135    0.10335     0.02015    0.10188
535       0.02135    0.10335     0.02015    0.10188
536       0.02135    0.10335     0.02015    0.10188
537       0.02135    0.10335     0.02015    0.10188
538       0.02135    0.10335     0.02015    0.10188
539       0.02135    0.10335     0.02015    0.10188
540       0.02135    0.10335     0.02015    0.10188
541       0.02135    0.10335     0.02015    0.10188
542       0.02135    0.10335     0.02015    0.10188
543       0.02135    0.10335     0.02015    0.10188
544       0.02135    0.10335     0.02015    0.10188
545       0.02135    0.10335     0.02015    0.10188
546       0.02135    0.10335     0.02015    0.10188
547       0.02135    0.10335     0.02015    0.10188
548       0.02135    0.10335     0.02015    0.10188
549       0.02135    0.10335     0.02015    0.10188
550       0.02135    0.10335     0.02015    0.10188
551       0.02135    0.10335     0.02015    0.10188
552       0.02135    0.10335     0.02015    0.10188
553       0.02135    0.10335     0.02015    0.10188
554       0.02135    0.10335     0.02015    0.10188
555       0.02135    0.10335     0.02015    0.10188
556       0.02135    0.10335     0.02015    0.10188
557       0.02135    0.10335     0.02015    0.10188
558       0.02135    0.10335     0.02015    0.10188
559       0.02135    0.10335     0.02015    0.10188
560       0.02135    0.10335     0.02015    0.10188
561       0.02135    0.10335     0.02015    0.10188
562       0.02135    0.10335     0.02015    0.10188
563       0.02135    0.10335     0.02015    0.10188
564       0.02135    0.10335     0.02015    0.10188
565       0.02135    0.10335     0.02015    0.10188
566       0.02135    0.10335     0.02015    0.10188
567       0.02135    0.10335     0.02015    0.10188
568       0.02135    0.10335     0.02015    0.10188
569       0.02135    0.10335     0.02015    0.10188
570       0.02135    0.10335     0.02015    0.10188
571       0.02135    0.10335     0.02015    0.10188
572       0.02135    0.10335     0.02015    0.10188
573       0.02135    0.10335     0.02015    0.10188
574       0.02135    0.10335     0.02015    0.10188
575       0.02135    0.10335     0.02015    0.10188
576       0.02135    0.10335     0.02015    0.10188
577       0.02135    0.10335     0.02015    0.10188
578       0.02135    0.10335     0.02015    0.10188
579       0.02135    0.10335     0.02015    0.10188
580       0.02135    0.10335     0.02015    0.10188
581       0.02135    0.10335     0.02015    0.10188
582       0.02135    0.10335     0.02015    0.10188
583       0.02135    0.10335     0.02015    0.10188
584       0.02135    0.10335     0.02015    0.10188
585       0.02135    0.10335     0.02015    0.10188
586       0.02135    0.10335     0.02015    0.10188
587       0.02135    0.10335     0.02015    0.10189
588       0.02135    0.10335     0.02015    0.10189
589       0.02135    0.10335     0.02015    0.10189
590       0.02135    0.10335     0.02015    0.10189
591       0.02135    0.10335     0.02015    0.10189
592       0.02135    0.10335     0.02015    0.10189
593       0.02135    0.10335     0.02015    0.10189
594       0.02135    0.10335     0.02015    0.10189
595       0.02135    0.10335     0.02015    0.10189
596       0.02135    0.10335     0.02015    0.10189
597       0.02135    0.10335     0.02015    0.10189
598       0.02135    0.10335     0.02015    0.10189
599       0.02135    0.10335     0.02015    0.10189
600       0.02135    0.10335     0.02015    0.10189
601       0.02135    0.10335     0.02015    0.10189
602       0.02135    0.10335     0.02015    0.10189
603       0.02135    0.10335     0.02015    0.10189
604       0.02135    0.10335     0.02015    0.10189
605       0.02135    0.10335     0.02015    0.10189
606       0.02135    0.10335     0.02015    0.10189
607       0.02135    0.10335     0.02015    0.10189
608       0.02135    0.10335     0.02015    0.10189
609       0.02135    0.10335     0.02015    0.10189
610       0.02135    0.10335     0.02015    0.10189
611       0.02135    0.10335     0.02015    0.10189
612       0.02135    0.10335     0.02015    0.10189
613       0.02135    0.10335     0.02015    0.10189
614       0.02135    0.10335     0.02015    0.10189
615       0.02135    0.10335     0.02015    0.10189
616       0.02135    0.10335     0.02015    0.10189
617       0.02135    0.10335     0.02015    0.10189
618       0.02135    0.10335     0.02015    0.10189
619       0.02135    0.10335     0.02015    0.10189
620       0.02135    0.10335     0.02015    0.10189
621       0.02135    0.10335     0.02015    0.10189
622       0.02135    0.10335     0.02015    0.10189
623       0.02135    0.10335     0.02015    0.10189
624       0.02135    0.10335     0.02015    0.10189
625       0.02135    0.10335     0.02015    0.10189
626       0.02135    0.10335     0.02015    0.10189
627       0.02135    0.10335     0.02015    0.10189
628       0.02135    0.10335     0.02015    0.10189
629       0.02135    0.10335     0.02015    0.10189
630       0.02135    0.10335     0.02015    0.10189
631       0.02135    0.10335     0.02015    0.10189
632       0.02135    0.10335     0.02015    0.10189
633       0.02135    0.10335     0.02015    0.10189
634       0.02135    0.10335     0.02015    0.10189
635       0.02135    0.10336     0.02015    0.10189
636       0.02135    0.10336     0.02015    0.10189
637       0.02135    0.10336     0.02015    0.10189
638       0.02135    0.10336     0.02015    0.10189
639       0.02135    0.10336     0.02015    0.10189
640       0.02135    0.10336     0.02015    0.10189
641       0.02135    0.10336     0.02015    0.10189
642       0.02135    0.10336     0.02015    0.10189
643       0.02135    0.10336     0.02015    0.10189
644       0.02135    0.10336     0.02015    0.10189
645       0.02135    0.10336     0.02015    0.10189
646       0.02135    0.10336     0.02015    0.10189
647       0.02135    0.10336     0.02015    0.10189
648       0.02135    0.10336     0.02015    0.10189
649       0.02135    0.10336     0.02015    0.10189
650       0.02135    0.10336     0.02015    0.10189
651       0.02135    0.10336     0.02015    0.10189
652       0.02135    0.10336     0.02015    0.10189
653       0.02135    0.10336     0.02015    0.10189
654       0.02135    0.10336     0.02015    0.10189
655       0.02135    0.10336     0.02015    0.10189
656       0.02135    0.10336     0.02015    0.10189
657       0.02135    0.10336     0.02015    0.10189
658       0.02135    0.10336     0.02015    0.10189
659       0.02135    0.10336     0.02015    0.10189
660       0.02135    0.10336     0.02015    0.10189
661       0.02135    0.10336     0.02015    0.10189
662       0.02135    0.10336     0.02015    0.10189
663       0.02135    0.10336     0.02015    0.10189
664       0.02135    0.10336     0.02015    0.10189
665       0.02135    0.10336     0.02015    0.10189
666       0.02135    0.10336     0.02015    0.10189
667       0.02135    0.10336     0.02015    0.10189
668       0.02135    0.10336     0.02015    0.10189
669       0.02135    0.10336     0.02015    0.10189
670       0.02135    0.10336     0.02015    0.10189
671       0.02135    0.10336     0.02015    0.10189
672       0.02135    0.10336     0.02015    0.10189
673       0.02135    0.10336     0.02015    0.10189
674       0.02135    0.10336     0.02015    0.10189
675       0.02135    0.10336     0.02015    0.10189
676       0.02135    0.10336     0.02015    0.10189
677       0.02135    0.10336     0.02015    0.10189
678       0.02135    0.10336     0.02015    0.10189
679       0.02135    0.10336     0.02015    0.10189
680       0.02135    0.10336     0.02015    0.10189
681       0.02135    0.10336     0.02015    0.10189
682       0.02135    0.10336     0.02015    0.10189
683       0.02135    0.10336     0.02015    0.10189
684       0.02135    0.10336     0.02015    0.10189
685       0.02135    0.10336     0.02015    0.10189
686       0.02135    0.10336     0.02015    0.10189
687       0.02135    0.10336     0.02015    0.10189
688       0.02135    0.10336     0.02015    0.10189
689       0.02135    0.10336     0.02015    0.10189
690       0.02135    0.10336     0.02015    0.10189
691       0.02135    0.10336     0.02015    0.10189
692       0.02135    0.10336     0.02015    0.10189
693       0.02135    0.10336     0.02015    0.10189
694       0.02135    0.10336     0.02015    0.10189
695       0.02135    0.10336     0.02015    0.10189
696       0.02135    0.10336     0.02015    0.10189
697       0.02135    0.10336     0.02015    0.10189
698       0.02135    0.10336     0.02015    0.10189
699       0.02135    0.10336     0.02015    0.10189
700       0.02135    0.10336     0.02015    0.10189
701       0.02135    0.10336     0.02015    0.10189
702       0.02135    0.10336     0.02015    0.10189
703       0.02135    0.10336     0.02015    0.10189
704       0.02135    0.10336     0.02015    0.10189
705       0.02135    0.10336     0.02015    0.10189
706       0.02135    0.10336     0.02015    0.10189
707       0.02135    0.10336     0.02015    0.10189
708       0.02135    0.10336     0.02015    0.10189
709       0.02135    0.10336     0.02015    0.10189
710       0.02135    0.10336     0.02015    0.10189
711       0.02135    0.10336     0.02015    0.10189
712       0.02135    0.10336     0.02015    0.10189
713       0.02135    0.10336     0.02015    0.10189
714       0.02135    0.10336     0.02015    0.10189
715       0.02135    0.10336     0.02015    0.10189
716       0.02135    0.10336     0.02015    0.10189
717       0.02135    0.10336     0.02015    0.10189
718       0.02135    0.10336     0.02015    0.10189
719       0.02135    0.10336     0.02015    0.10189
720       0.02135    0.10336     0.02015    0.10189
721       0.02135    0.10336     0.02015    0.10189
722       0.02135    0.10336     0.02015    0.10189
723       0.02135    0.10336     0.02015    0.10189
724       0.02135    0.10336     0.02015    0.10189
725       0.02135    0.10336     0.02015    0.10189
726       0.02135    0.10336     0.02015    0.10189
727       0.02135    0.10336     0.02016    0.10189
728       0.02135    0.10336     0.02016    0.10189
729       0.02135    0.10336     0.02016    0.10189
730       0.02135    0.10336     0.02016    0.10189
731       0.02135    0.10336     0.02016    0.10189
732       0.02135    0.10336     0.02016    0.10189
733       0.02135    0.10336     0.02016    0.10189
734       0.02135    0.10336     0.02016    0.10189
735       0.02135    0.10336     0.02016    0.10189
736       0.02135    0.10336     0.02016    0.10189
737       0.02135    0.10336     0.02016    0.10189
738       0.02135    0.10336     0.02016    0.10189
739       0.02135    0.10336     0.02016    0.10189
740       0.02135    0.10336     0.02016    0.10189
741       0.02135    0.10336     0.02016    0.10189
742       0.02135    0.10336     0.02016    0.10189
743       0.02135    0.10336     0.02016    0.10190
744       0.02135    0.10336     0.02016    0.10190
745       0.02135    0.10336     0.02016    0.10190
746       0.02135    0.10336     0.02016    0.10190
747       0.02135    0.10336     0.02016    0.10190
748       0.02135    0.10336     0.02016    0.10190
749       0.02135    0.10336     0.02016    0.10190
750       0.02135    0.10336     0.02016    0.10190
751       0.02135    0.10336     0.02016    0.10190
752       0.02135    0.10336     0.02016    0.10190
753       0.02135    0.10336     0.02016    0.10190
754       0.02135    0.10336     0.02016    0.10190
755       0.02135    0.10336     0.02016    0.10190
756       0.02135    0.10336     0.02016    0.10190
757       0.02135    0.10336     0.02016    0.10190
758       0.02135    0.10336     0.02016    0.10190
759       0.02135    0.10336     0.02016    0.10190
760       0.02135    0.10336     0.02016    0.10190
761       0.02135    0.10336     0.02016    0.10190
762       0.02135    0.10336     0.02016    0.10190
763       0.02135    0.10336     0.02016    0.10190
764       0.02135    0.10336     0.02016    0.10190
765       0.02135    0.10336     0.02016    0.10190
766       0.02135    0.10336     0.02016    0.10190
767       0.02135    0.10336     0.02016    0.10190
768       0.02135    0.10336     0.02016    0.10190
769       0.02135    0.10336     0.02016    0.10190
770       0.02135    0.10336     0.02016    0.10190
771       0.02135    0.10336     0.02016    0.10190
772       0.02135    0.10336     0.02016    0.10190
773       0.02135    0.10336     0.02016    0.10190
774       0.02135    0.10336     0.02016    0.10190
775       0.02135    0.10336     0.02016    0.10190
776       0.02135    0.10336     0.02016    0.10190
777       0.02135    0.10336     0.02016    0.10190
778       0.02135    0.10336     0.02016    0.10190
779       0.02135    0.10336     0.02016    0.10190
780       0.02135    0.10336     0.02016    0.10190
781       0.02135    0.10336     0.02016    0.10190
782       0.02135    0.10336     0.02016    0.10190
783       0.02135    0.10336     0.02016    0.10190
784       0.02135    0.10336     0.02016    0.10190
785       0.02135    0.10336     0.02016    0.10190
786       0.02135    0.10336     0.02016    0.10190
787       0.02135    0.10336     0.02016    0.10190
788       0.02135    0.10336     0.02016    0.10190
789       0.02135    0.10336     0.02016    0.10190
790       0.02135    0.10336     0.02016    0.10190
791       0.02135    0.10336     0.02016    0.10190
792       0.02135    0.10336     0.02016    0.10190
793       0.02135    0.10336     0.02016    0.10190
794       0.02135    0.10336     0.02016    0.10190
795       0.02135    0.10336     0.02016    0.10190
796       0.02135    0.10336     0.02016    0.10190
797       0.02135    0.10336     0.02016    0.10190
798       0.02135    0.10336     0.02016    0.10190
799       0.02135    0.10336     0.02016    0.10190
800       0.02135    0.10336     0.02016    0.10190
801       0.02135    0.10336     0.02016    0.10190
802       0.02135    0.10336     0.02016    0.10190
803       0.02135    0.10336     0.02016    0.10190
804       0.02135    0.10336     0.02016    0.10190
805       0.02135    0.10336     0.02016    0.10190
806       0.02135    0.10336     0.02016    0.10190
807       0.02135    0.10336     0.02016    0.10190
808       0.02135    0.10336     0.02016    0.10190
809       0.02135    0.10336     0.02016    0.10190
810       0.02135    0.10336     0.02016    0.10190
811       0.02135    0.10336     0.02016    0.10190
812       0.02135    0.10336     0.02016    0.10190
813       0.02135    0.10336     0.02016    0.10190
814       0.02135    0.10336     0.02016    0.10190
815       0.02135    0.10336     0.02016    0.10190
816       0.02135    0.10336     0.02016    0.10190
817       0.02135    0.10336     0.02016    0.10190
818       0.02135    0.10336     0.02016    0.10190
819       0.02135    0.10336     0.02016    0.10190
820       0.02135    0.10336     0.02016    0.10190
821       0.02135    0.10336     0.02016    0.10190
822       0.02135    0.10336     0.02016    0.10190
823       0.02135    0.10336     0.02016    0.10190
824       0.02135    0.10336     0.02016    0.10190
825       0.02135    0.10336     0.02016    0.10190
826       0.02135    0.10336     0.02016    0.10190
827       0.02135    0.10336     0.02016    0.10190
828       0.02135    0.10336     0.02016    0.10190
829       0.02135    0.10336     0.02016    0.10190
830       0.02135    0.10336     0.02016    0.10190
831       0.02135    0.10336     0.02016    0.10190
832       0.02135    0.10336     0.02016    0.10190
833       0.02135    0.10336     0.02016    0.10190
834       0.02135    0.10336     0.02016    0.10190
835       0.02136    0.10336     0.02016    0.10190
836       0.02136    0.10336     0.02016    0.10190
837       0.02136    0.10336     0.02016    0.10190
838       0.02136    0.10336     0.02016    0.10190
839       0.02136    0.10336     0.02016    0.10190
840       0.02136    0.10336     0.02016    0.10190
841       0.02136    0.10336     0.02016    0.10190
842       0.02136    0.10336     0.02016    0.10190
843       0.02136    0.10336     0.02016    0.10190
844       0.02136    0.10336     0.02016    0.10190
845       0.02136    0.10336     0.02016    0.10190
846       0.02136    0.10336     0.02016    0.10190
847       0.02136    0.10336     0.02016    0.10190
848       0.02136    0.10336     0.02016    0.10190
849       0.02136    0.10336     0.02016    0.10190
850       0.02136    0.10336     0.02016    0.10190
851       0.02136    0.10336     0.02016    0.10190
852       0.02136    0.10336     0.02016    0.10190
853       0.02136    0.10336     0.02016    0.10190
854       0.02136    0.10336     0.02016    0.10190
855       0.02136    0.10336     0.02016    0.10190
856       0.02136    0.10336     0.02016    0.10190
857       0.02136    0.10336     0.02016    0.10190
858       0.02136    0.10336     0.02016    0.10190
859       0.02136    0.10336     0.02016    0.10190
860       0.02136    0.10336     0.02016    0.10190
861       0.02136    0.10336     0.02016    0.10190
862       0.02136    0.10336     0.02016    0.10190
863       0.02136    0.10336     0.02016    0.10190
864       0.02136    0.10336     0.02016    0.10190
865       0.02136    0.10336     0.02016    0.10190
866       0.02136    0.10336     0.02016    0.10190
867       0.02136    0.10336     0.02016    0.10190
868       0.02136    0.10336     0.02016    0.10190
869       0.02136    0.10336     0.02016    0.10190
870       0.02136    0.10336     0.02016    0.10190
871       0.02136    0.10336     0.02016    0.10190
872       0.02136    0.10336     0.02016    0.10190
873       0.02136    0.10336     0.02016    0.10190
874       0.02136    0.10336     0.02016    0.10190
875       0.02136    0.10336     0.02016    0.10190
876       0.02136    0.10336     0.02016    0.10190
877       0.02136    0.10336     0.02016    0.10190
878       0.02136    0.10337     0.02016    0.10190
879       0.02136    0.10337     0.02016    0.10190
880       0.02136    0.10337     0.02016    0.10190
881       0.02136    0.10337     0.02016    0.10190
882       0.02136    0.10337     0.02016    0.10190
883       0.02136    0.10337     0.02016    0.10190
884       0.02136    0.10337     0.02016    0.10190
885       0.02136    0.10337     0.02016    0.10190
886       0.02136    0.10337     0.02016    0.10190
887       0.02136    0.10337     0.02016    0.10190
888       0.02136    0.10337     0.02016    0.10190
889       0.02136    0.10337     0.02016    0.10190
890       0.02136    0.10337     0.02016    0.10190
891       0.02136    0.10337     0.02016    0.10190
892       0.02136    0.10337     0.02016    0.10190
893       0.02136    0.10337     0.02016    0.10190
894       0.02136    0.10337     0.02016    0.10190
895       0.02136    0.10337     0.02016    0.10190
896       0.02136    0.10337     0.02016    0.10190
897       0.02136    0.10337     0.02016    0.10190
898       0.02136    0.10337     0.02016    0.10190
899       0.02136    0.10337     0.02016    0.10190
900       0.02136    0.10337     0.02016    0.10190
901       0.02136    0.10337     0.02016    0.10190
902       0.02136    0.10337     0.02016    0.10190
903       0.02136    0.10337     0.02016    0.10190
904       0.02136    0.10337     0.02016    0.10190
905       0.02136    0.10337     0.02016    0.10190
906       0.02136    0.10337     0.02016    0.10190
907       0.02136    0.10337     0.02016    0.10190
908       0.02136    0.10337     0.02016    0.10190
909       0.02136    0.10337     0.02016    0.10190
910       0.02136    0.10337     0.02016    0.10190
911       0.02136    0.10337     0.02016    0.10190
912       0.02136    0.10337     0.02016    0.10190
913       0.02136    0.10337     0.02016    0.10190
914       0.02136    0.10337     0.02016    0.10190
915       0.02136    0.10337     0.02016    0.10190
916       0.02136    0.10337     0.02016    0.10190
917       0.02136    0.10337     0.02016    0.10190
918       0.02136    0.10337     0.02016    0.10190
919       0.02136    0.10337     0.02016    0.10190
920       0.02136    0.10337     0.02016    0.10190
921       0.02136    0.10337     0.02016    0.10190
922       0.02136    0.10337     0.02016    0.10190
923       0.02136    0.10337     0.02016    0.10190
924       0.02136    0.10337     0.02016    0.10190
925       0.02136    0.10337     0.02016    0.10190
926       0.02136    0.10337     0.02016    0.10190
927       0.02136    0.10337     0.02016    0.10190
928       0.02136    0.10337     0.02016    0.10190
929       0.02136    0.10337     0.02016    0.10190
930       0.02136    0.10337     0.02016    0.10190
931       0.02136    0.10337     0.02016    0.10190
932       0.02136    0.10337     0.02016    0.10190
933       0.02136    0.10337     0.02016    0.10190
934       0.02136    0.10337     0.02016    0.10190
935       0.02136    0.10337     0.02016    0.10190
936       0.02136    0.10337     0.02016    0.10190
937       0.02136    0.10337     0.02016    0.10190
938       0.02136    0.10337     0.02016    0.10190
939       0.02136    0.10337     0.02016    0.10190
940       0.02136    0.10337     0.02016    0.10190
941       0.02136    0.10337     0.02016    0.10190
942       0.02136    0.10337     0.02016    0.10190
943       0.02136    0.10337     0.02016    0.10190
944       0.02136    0.10337     0.02016    0.10190
945       0.02136    0.10337     0.02016    0.10190
946       0.02136    0.10337     0.02016    0.10190
947       0.02136    0.10337     0.02016    0.10190
948       0.02136    0.10337     0.02016    0.10190
949       0.02136    0.10337     0.02016    0.10190
950       0.02136    0.10337     0.02016    0.10190
951       0.02136    0.10337     0.02016    0.10190
952       0.02136    0.10337     0.02016    0.10190
953       0.02136    0.10337     0.02016    0.10190
954       0.02136    0.10337     0.02016    0.10190
955       0.02136    0.10337     0.02016    0.10190
956       0.02136    0.10337     0.02016    0.10190
957       0.02136    0.10337     0.02016    0.10190
958       0.02136    0.10337     0.02016    0.10190
959       0.02136    0.10337     0.02016    0.10190
960       0.02136    0.10337     0.02016    0.10190
961       0.02136    0.10337     0.02016    0.10190
962       0.02136    0.10337     0.02016    0.10190
963       0.02136    0.10337     0.02016    0.10190
964       0.02136    0.10337     0.02016    0.10190
965       0.02136    0.10337     0.02016    0.10190
966       0.02136    0.10337     0.02016    0.10190
967       0.02136    0.10337     0.02016    0.10190
968       0.02136    0.10337     0.02016    0.10190
969       0.02136    0.10337     0.02016    0.10190
970       0.02136    0.10337     0.02016    0.10190
971       0.02136    0.10337     0.02016    0.10190
972       0.02136    0.10337     0.02016    0.10190
973       0.02136    0.10337     0.02016    0.10190
974       0.02136    0.10337     0.02016    0.10190
975       0.02136    0.10337     0.02016    0.10190
976       0.02136    0.10337     0.02016    0.10190
977       0.02136    0.10337     0.02016    0.10190
978       0.02136    0.10337     0.02016    0.10190
979       0.02136    0.10337     0.02016    0.10190
980       0.02136    0.10337     0.02016    0.10190
981       0.02136    0.10337     0.02016    0.10190
982       0.02136    0.10337     0.02016    0.10190
983       0.02136    0.10337     0.02016    0.10190
984       0.02136    0.10337     0.02016    0.10190
985       0.02136    0.10337     0.02016    0.10190
986       0.02136    0.10337     0.02016    0.10190
987       0.02136    0.10337     0.02016    0.10190
988       0.02136    0.10337     0.02016    0.10190
989       0.02136    0.10337     0.02016    0.10190
990       0.02136    0.10337     0.02016    0.10190
991       0.02136    0.10337     0.02016    0.10190
992       0.02136    0.10337     0.02016    0.10190
993       0.02136    0.10337     0.02016    0.10190
994       0.02136    0.10337     0.02016    0.10190
995       0.02136    0.10337     0.02016    0.10190
996       0.02136    0.10337     0.02016    0.10190
997       0.02136    0.10337     0.02016    0.10190
998       0.02136    0.10337     0.02016    0.10190
999       0.02136    0.10337     0.02016    0.10190
1000       0.02136    0.10337     0.02016    0.10190
1001       0.02136    0.10337     0.02016    0.10190
1002       0.02136    0.10337     0.02016    0.10190
1003       0.02136    0.10337     0.02016    0.10190
1004       0.02136    0.10337     0.02016    0.10190
1005       0.02136    0.10337     0.02016    0.10190
1006       0.02136    0.10337     0.02016    0.10190
1007       0.02136    0.10337     0.02016    0.10190
1008       0.02136    0.10337     0.02016    0.10190
1009       0.02136    0.10337     0.02016    0.10190
1010       0.02136    0.10337     0.02016    0.10190
1011       0.02136    0.10337     0.02016    0.10190
1012       0.02136    0.10337     0.02016    0.10190
1013       0.02136    0.10337     0.02016    0.10190
1014       0.02136    0.10337     0.02016    0.10190
1015       0.02136    0.10337     0.02016    0.10190
1016       0.02136    0.10337     0.02016    0.10190
1017       0.02136    0.10337     0.02016    0.10190
1018       0.02136    0.10337     0.02016    0.10190
1019       0.02136    0.10337     0.02016    0.10190
1020       0.02136    0.10337     0.02016    0.10190
1021       0.02136    0.10337     0.02016    0.10190
1022       0.02136    0.10337     0.02016    0.10190
1023       0.02136    0.10337     0.02016    0.10190
1024       0.02136    0.10337     0.02016    0.10190
1025       0.02136    0.10337     0.02016    0.10190
1026       0.02136    0.10337     0.02016    0.10190
1027       0.02136    0.10337     0.02016    0.10190
1028       0.02136    0.10337     0.02016    0.10190
1029       0.02136    0.10337     0.02016    0.10190
1030       0.02136    0.10337     0.02016    0.10190
1031       0.02136    0.10337     0.02016    0.10190
1032       0.02136    0.10337     0.02016    0.10190
1033       0.02136    0.10337     0.02016    0.10190
1034       0.02136    0.10337     0.02016    0.10190
1035       0.02136    0.10337     0.02016    0.10190
1036       0.02136    0.10337     0.02016    0.10190
1037       0.02136    0.10337     0.02016    0.10190
1038       0.02136    0.10337     0.02016    0.10190
1039       0.02136    0.10337     0.02016    0.10190
1040       0.02136    0.10337     0.02016    0.10190
1041       0.02136    0.10337     0.02016    0.10190
1042       0.02136    0.10337     0.02016    0.10190
1043       0.02136    0.10337     0.02016    0.10190
1044       0.02136    0.10337     0.02016    0.10190
1045       0.02136    0.10337     0.02016    0.10190
1046       0.02136    0.10337     0.02016    0.10190
1047       0.02136    0.10337     0.02016    0.10190
1048       0.02136    0.10337     0.02016    0.10190
1049       0.02136    0.10337     0.02016    0.10190
1050       0.02136    0.10337     0.02016    0.10190
1051       0.02136    0.10337     0.02016    0.10190
1052       0.02136    0.10337     0.02016    0.10190
1053       0.02136    0.10337     0.02016    0.10190
1054       0.02136    0.10337     0.02016    0.10190
1055       0.02136    0.10337     0.02016    0.10190
1056       0.02136    0.10337     0.02016    0.10190
1057       0.02136    0.10337     0.02016    0.10190
1058       0.02136    0.10337     0.02016    0.10190
1059       0.02136    0.10337     0.02016    0.10190
1060       0.02136    0.10337     0.02016    0.10190
1061       0.02136    0.10337     0.02016    0.10190
1062       0.02136    0.10337     0.02016    0.10190
1063       0.02136    0.10337     0.02016    0.10190
1064       0.02136    0.10337     0.02016    0.10190    0.02222    0.10322