Ciclo   TrainMSE   TrainMAE   ValidMSE   ValidMAE   TestMSE     TestMAE
----------------------------------------------------------------------- 
0       0.02617    0.11162     0.02500    0.10994
1       0.02484    0.10889     0.02362    0.10725
2       0.02405    0.10748     0.02283    0.10585
3       0.02358    0.10678     0.02238    0.10518
4       0.02330    0.10642     0.02212    0.10486
5       0.02312    0.10624     0.02196    0.10470
6       0.02301    0.10614     0.02186    0.10462
7       0.02293    0.10608     0.02180    0.10458
8       0.02288    0.10605     0.02176    0.10456
9       0.02285    0.10603     0.02174    0.10455
10       0.02282    0.10601     0.02172    0.10454
11       0.02280    0.10601     0.02171    0.10454
12       0.02279    0.10600     0.02170    0.10453
13       0.02278    0.10600     0.02169    0.10453
14       0.02277    0.10599     0.02169    0.10453
15       0.02277    0.10599     0.02168    0.10453
16       0.02276    0.10599     0.02168    0.10453
17       0.02276    0.10599     0.02168    0.10452
18       0.02276    0.10599     0.02167    0.10452
19       0.02276    0.10598     0.02167    0.10452
20       0.02275    0.10598     0.02167    0.10452
21       0.02275    0.10598     0.02167    0.10452
22       0.02275    0.10598     0.02167    0.10452
23       0.02275    0.10598     0.02167    0.10452
24       0.02275    0.10598     0.02167    0.10452
25       0.02275    0.10598     0.02167    0.10452
26       0.02275    0.10598     0.02167    0.10452
27       0.02275    0.10598     0.02167    0.10452
28       0.02275    0.10598     0.02167    0.10452
29       0.02275    0.10598     0.02167    0.10452
30       0.02275    0.10598     0.02167    0.10452
31       0.02275    0.10598     0.02167    0.10452
32       0.02275    0.10598     0.02167    0.10452
33       0.02275    0.10598     0.02167    0.10452
34       0.02275    0.10598     0.02166    0.10452
35       0.02275    0.10598     0.02166    0.10452
36       0.02275    0.10598     0.02166    0.10452
37       0.02275    0.10598     0.02166    0.10452
38       0.02275    0.10598     0.02166    0.10452
39       0.02274    0.10598     0.02166    0.10452
40       0.02274    0.10598     0.02166    0.10452
41       0.02274    0.10598     0.02166    0.10452
42       0.02274    0.10598     0.02166    0.10452
43       0.02274    0.10598     0.02166    0.10452
44       0.02274    0.10598     0.02166    0.10452
45       0.02274    0.10598     0.02166    0.10452
46       0.02274    0.10598     0.02166    0.10452
47       0.02274    0.10598     0.02166    0.10452
48       0.02274    0.10598     0.02166    0.10452
49       0.02274    0.10598     0.02166    0.10452
50       0.02274    0.10598     0.02166    0.10452
51       0.02274    0.10598     0.02166    0.10452
52       0.02274    0.10598     0.02166    0.10452
53       0.02274    0.10598     0.02166    0.10452
54       0.02274    0.10598     0.02166    0.10451
55       0.02274    0.10598     0.02166    0.10451
56       0.02274    0.10598     0.02166    0.10451
57       0.02274    0.10598     0.02166    0.10451
58       0.02274    0.10598     0.02166    0.10451
59       0.02274    0.10598     0.02166    0.10451
60       0.02274    0.10598     0.02166    0.10451
61       0.02274    0.10598     0.02166    0.10451
62       0.02274    0.10598     0.02166    0.10451
63       0.02274    0.10598     0.02166    0.10451
64       0.02274    0.10598     0.02166    0.10451
65       0.02274    0.10598     0.02166    0.10451
66       0.02274    0.10598     0.02166    0.10451
67       0.02274    0.10598     0.02166    0.10451
68       0.02274    0.10598     0.02166    0.10451
69       0.02274    0.10598     0.02166    0.10451
70       0.02274    0.10598     0.02166    0.10451
71       0.02274    0.10598     0.02166    0.10451
72       0.02274    0.10598     0.02166    0.10451
73       0.02274    0.10598     0.02166    0.10451
74       0.02274    0.10598     0.02166    0.10451
75       0.02274    0.10598     0.02166    0.10451
76       0.02274    0.10598     0.02166    0.10451
77       0.02274    0.10598     0.02166    0.10451
78       0.02274    0.10598     0.02166    0.10451
79       0.02274    0.10598     0.02166    0.10451
80       0.02274    0.10598     0.02166    0.10451
81       0.02274    0.10598     0.02166    0.10451
82       0.02274    0.10598     0.02166    0.10451
83       0.02274    0.10598     0.02166    0.10451
84       0.02274    0.10598     0.02166    0.10451
85       0.02274    0.10598     0.02166    0.10451
86       0.02274    0.10598     0.02166    0.10451
87       0.02274    0.10598     0.02166    0.10451
88       0.02274    0.10598     0.02166    0.10451
89       0.02274    0.10598     0.02166    0.10451
90       0.02274    0.10598     0.02166    0.10451
91       0.02274    0.10598     0.02166    0.10451
92       0.02274    0.10598     0.02166    0.10451
93       0.02274    0.10598     0.02166    0.10451
94       0.02274    0.10598     0.02166    0.10451
95       0.02274    0.10598     0.02166    0.10451
96       0.02274    0.10598     0.02166    0.10451
97       0.02274    0.10598     0.02166    0.10451
98       0.02274    0.10598     0.02166    0.10451
99       0.02274    0.10598     0.02166    0.10451
100       0.02274    0.10598     0.02166    0.10451
101       0.02274    0.10598     0.02166    0.10451
102       0.02274    0.10598     0.02166    0.10451
103       0.02274    0.10598     0.02166    0.10451
104       0.02274    0.10598     0.02166    0.10451
105       0.02274    0.10598     0.02166    0.10451
106       0.02274    0.10598     0.02166    0.10451
107       0.02274    0.10598     0.02166    0.10451
108       0.02274    0.10598     0.02166    0.10451
109       0.02274    0.10598     0.02166    0.10451
110       0.02274    0.10598     0.02166    0.10451
111       0.02274    0.10598     0.02166    0.10451
112       0.02274    0.10598     0.02166    0.10451
113       0.02274    0.10598     0.02166    0.10451
114       0.02274    0.10598     0.02166    0.10451
115       0.02274    0.10598     0.02166    0.10451
116       0.02274    0.10598     0.02166    0.10451
117       0.02274    0.10598     0.02166    0.10451
118       0.02274    0.10598     0.02166    0.10451
119       0.02274    0.10598     0.02166    0.10451
120       0.02274    0.10598     0.02166    0.10451
121       0.02274    0.10598     0.02166    0.10451
122       0.02274    0.10598     0.02166    0.10451
123       0.02274    0.10598     0.02166    0.10451
124       0.02274    0.10598     0.02166    0.10451
125       0.02274    0.10598     0.02166    0.10451
126       0.02274    0.10598     0.02166    0.10451
127       0.02274    0.10598     0.02166    0.10451
128       0.02274    0.10598     0.02166    0.10451
129       0.02274    0.10598     0.02166    0.10451
130       0.02274    0.10598     0.02166    0.10451
131       0.02274    0.10598     0.02166    0.10451
132       0.02274    0.10598     0.02166    0.10451
133       0.02274    0.10598     0.02166    0.10451
134       0.02274    0.10598     0.02166    0.10451
135       0.02274    0.10598     0.02166    0.10451
136       0.02274    0.10598     0.02166    0.10451
137       0.02274    0.10598     0.02166    0.10451
138       0.02274    0.10598     0.02166    0.10451
139       0.02274    0.10598     0.02166    0.10451
140       0.02274    0.10598     0.02166    0.10451
141       0.02274    0.10598     0.02166    0.10451
142       0.02274    0.10598     0.02166    0.10451
143       0.02274    0.10598     0.02166    0.10451
144       0.02274    0.10598     0.02166    0.10451
145       0.02274    0.10598     0.02166    0.10451
146       0.02274    0.10598     0.02166    0.10451
147       0.02274    0.10598     0.02166    0.10451
148       0.02274    0.10598     0.02166    0.10451
149       0.02274    0.10598     0.02166    0.10451
150       0.02274    0.10598     0.02166    0.10451
151       0.02274    0.10598     0.02166    0.10451
152       0.02274    0.10598     0.02166    0.10451
153       0.02274    0.10598     0.02166    0.10451
154       0.02274    0.10598     0.02166    0.10451
155       0.02274    0.10598     0.02166    0.10451
156       0.02274    0.10598     0.02166    0.10451
157       0.02274    0.10598     0.02166    0.10451
158       0.02274    0.10598     0.02166    0.10451
159       0.02274    0.10598     0.02166    0.10451
160       0.02274    0.10598     0.02166    0.10451
161       0.02274    0.10598     0.02166    0.10451
162       0.02274    0.10598     0.02166    0.10451
163       0.02274    0.10598     0.02166    0.10451
164       0.02274    0.10598     0.02166    0.10451
165       0.02274    0.10598     0.02166    0.10451
166       0.02274    0.10598     0.02166    0.10451
167       0.02274    0.10598     0.02166    0.10451
168       0.02274    0.10598     0.02166    0.10451
169       0.02274    0.10598     0.02166    0.10451
170       0.02274    0.10598     0.02166    0.10451
171       0.02274    0.10598     0.02166    0.10451
172       0.02274    0.10598     0.02166    0.10451
173       0.02274    0.10598     0.02166    0.10451
174       0.02274    0.10598     0.02166    0.10451
175       0.02274    0.10598     0.02166    0.10451
176       0.02274    0.10598     0.02166    0.10451
177       0.02274    0.10598     0.02166    0.10451
178       0.02274    0.10598     0.02166    0.10451
179       0.02274    0.10598     0.02166    0.10451
180       0.02274    0.10598     0.02166    0.10451
181       0.02274    0.10598     0.02166    0.10451
182       0.02274    0.10598     0.02166    0.10451
183       0.02274    0.10598     0.02166    0.10451
184       0.02274    0.10598     0.02166    0.10451
185       0.02274    0.10598     0.02166    0.10451
186       0.02274    0.10598     0.02166    0.10451
187       0.02274    0.10598     0.02166    0.10451
188       0.02274    0.10598     0.02166    0.10451
189       0.02274    0.10598     0.02166    0.10451
190       0.02274    0.10598     0.02166    0.10451
191       0.02274    0.10598     0.02166    0.10451
192       0.02274    0.10598     0.02166    0.10451
193       0.02274    0.10598     0.02166    0.10451
194       0.02274    0.10598     0.02166    0.10451
195       0.02274    0.10598     0.02166    0.10451
196       0.02274    0.10598     0.02166    0.10451
197       0.02274    0.10598     0.02166    0.10451
198       0.02274    0.10598     0.02166    0.10451
199       0.02274    0.10598     0.02166    0.10451
200       0.02274    0.10598     0.02166    0.10451
201       0.02274    0.10598     0.02166    0.10451
202       0.02274    0.10598     0.02166    0.10451
203       0.02274    0.10598     0.02166    0.10451
204       0.02274    0.10598     0.02166    0.10451
205       0.02274    0.10598     0.02166    0.10451
206       0.02274    0.10598     0.02166    0.10451
207       0.02274    0.10598     0.02166    0.10451
208       0.02274    0.10598     0.02166    0.10451
209       0.02274    0.10598     0.02166    0.10451
210       0.02274    0.10598     0.02166    0.10451
211       0.02274    0.10598     0.02166    0.10451
212       0.02274    0.10598     0.02166    0.10451
213       0.02274    0.10598     0.02166    0.10451
214       0.02274    0.10598     0.02166    0.10451
215       0.02274    0.10598     0.02166    0.10451
216       0.02274    0.10598     0.02166    0.10451
217       0.02274    0.10598     0.02166    0.10451
218       0.02274    0.10598     0.02166    0.10451
219       0.02274    0.10598     0.02166    0.10451
220       0.02274    0.10598     0.02166    0.10451
221       0.02274    0.10598     0.02166    0.10451
222       0.02274    0.10598     0.02166    0.10451
223       0.02274    0.10598     0.02166    0.10451
224       0.02274    0.10598     0.02166    0.10451
225       0.02274    0.10598     0.02166    0.10451
226       0.02274    0.10598     0.02166    0.10451
227       0.02274    0.10598     0.02166    0.10451
228       0.02274    0.10598     0.02166    0.10451
229       0.02274    0.10598     0.02166    0.10451
230       0.02274    0.10598     0.02166    0.10451
231       0.02274    0.10598     0.02166    0.10451
232       0.02274    0.10598     0.02166    0.10451
233       0.02274    0.10598     0.02166    0.10451
234       0.02274    0.10598     0.02166    0.10451
235       0.02274    0.10598     0.02166    0.10451
236       0.02274    0.10598     0.02166    0.10451
237       0.02274    0.10598     0.02166    0.10451
238       0.02274    0.10598     0.02166    0.10451
239       0.02274    0.10598     0.02166    0.10451
240       0.02274    0.10598     0.02166    0.10451
241       0.02274    0.10598     0.02166    0.10451
242       0.02274    0.10598     0.02166    0.10451
243       0.02274    0.10598     0.02166    0.10451
244       0.02274    0.10598     0.02166    0.10451
245       0.02274    0.10598     0.02166    0.10451
246       0.02274    0.10598     0.02166    0.10451
247       0.02274    0.10598     0.02166    0.10451
248       0.02274    0.10598     0.02166    0.10451
249       0.02274    0.10598     0.02166    0.10451
250       0.02274    0.10598     0.02166    0.10451
251       0.02274    0.10598     0.02166    0.10451
252       0.02274    0.10598     0.02166    0.10451
253       0.02274    0.10598     0.02166    0.10451
254       0.02274    0.10598     0.02166    0.10451
255       0.02274    0.10598     0.02166    0.10451
256       0.02274    0.10598     0.02166    0.10451
257       0.02274    0.10598     0.02166    0.10451
258       0.02274    0.10598     0.02166    0.10451
259       0.02274    0.10598     0.02166    0.10451
260       0.02274    0.10598     0.02166    0.10451
261       0.02274    0.10598     0.02166    0.10451
262       0.02274    0.10598     0.02166    0.10451
263       0.02274    0.10598     0.02166    0.10451
264       0.02274    0.10598     0.02166    0.10451
265       0.02274    0.10598     0.02166    0.10451
266       0.02274    0.10598     0.02166    0.10451
267       0.02274    0.10598     0.02166    0.10451
268       0.02274    0.10598     0.02166    0.10451
269       0.02274    0.10598     0.02166    0.10451
270       0.02274    0.10598     0.02166    0.10451
271       0.02274    0.10598     0.02166    0.10451
272       0.02274    0.10598     0.02166    0.10451
273       0.02274    0.10598     0.02166    0.10451
274       0.02274    0.10598     0.02166    0.10451
275       0.02274    0.10598     0.02166    0.10451
276       0.02274    0.10598     0.02166    0.10451
277       0.02274    0.10598     0.02166    0.10451
278       0.02274    0.10598     0.02166    0.10451
279       0.02274    0.10598     0.02166    0.10451
280       0.02274    0.10598     0.02166    0.10451
281       0.02274    0.10598     0.02166    0.10451
282       0.02274    0.10598     0.02166    0.10451
283       0.02274    0.10598     0.02166    0.10451
284       0.02274    0.10598     0.02166    0.10451
285       0.02274    0.10598     0.02166    0.10451
286       0.02274    0.10598     0.02166    0.10451
287       0.02274    0.10598     0.02166    0.10451
288       0.02274    0.10598     0.02166    0.10451
289       0.02274    0.10598     0.02166    0.10451
290       0.02274    0.10598     0.02166    0.10451
291       0.02274    0.10598     0.02166    0.10451
292       0.02274    0.10598     0.02166    0.10451
293       0.02274    0.10598     0.02166    0.10451
294       0.02274    0.10598     0.02166    0.10451
295       0.02274    0.10598     0.02166    0.10451
296       0.02274    0.10598     0.02166    0.10451
297       0.02274    0.10598     0.02166    0.10451
298       0.02274    0.10598     0.02166    0.10451
299       0.02274    0.10598     0.02166    0.10451
300       0.02274    0.10598     0.02166    0.10451
301       0.02274    0.10598     0.02166    0.10451
302       0.02274    0.10598     0.02166    0.10451
303       0.02274    0.10598     0.02166    0.10451
304       0.02274    0.10598     0.02166    0.10451
305       0.02274    0.10598     0.02166    0.10451
306       0.02274    0.10598     0.02166    0.10451
307       0.02274    0.10598     0.02166    0.10451
308       0.02274    0.10598     0.02166    0.10451
309       0.02274    0.10598     0.02166    0.10451
310       0.02274    0.10598     0.02166    0.10451
311       0.02274    0.10598     0.02166    0.10451
312       0.02274    0.10598     0.02166    0.10451
313       0.02274    0.10598     0.02166    0.10451
314       0.02274    0.10598     0.02166    0.10451
315       0.02274    0.10598     0.02166    0.10451
316       0.02274    0.10598     0.02166    0.10451
317       0.02274    0.10598     0.02166    0.10451
318       0.02274    0.10598     0.02166    0.10451
319       0.02274    0.10598     0.02166    0.10451
320       0.02274    0.10598     0.02166    0.10451
321       0.02274    0.10598     0.02166    0.10451
322       0.02274    0.10598     0.02166    0.10451
323       0.02274    0.10598     0.02166    0.10451
324       0.02274    0.10598     0.02166    0.10451
325       0.02274    0.10598     0.02166    0.10451
326       0.02274    0.10598     0.02166    0.10451
327       0.02274    0.10598     0.02166    0.10451
328       0.02274    0.10598     0.02166    0.10451
329       0.02274    0.10598     0.02166    0.10451
330       0.02274    0.10598     0.02166    0.10451
331       0.02274    0.10598     0.02166    0.10451
332       0.02274    0.10598     0.02166    0.10451
333       0.02274    0.10598     0.02166    0.10451
334       0.02274    0.10598     0.02166    0.10451
335       0.02274    0.10598     0.02166    0.10451
336       0.02274    0.10598     0.02166    0.10451
337       0.02274    0.10598     0.02166    0.10451
338       0.02274    0.10598     0.02166    0.10451
339       0.02274    0.10598     0.02166    0.10451
340       0.02274    0.10598     0.02166    0.10451
341       0.02274    0.10598     0.02166    0.10451
342       0.02274    0.10598     0.02166    0.10451
343       0.02274    0.10598     0.02166    0.10451
344       0.02274    0.10598     0.02166    0.10451
345       0.02274    0.10598     0.02166    0.10451
346       0.02274    0.10598     0.02166    0.10451
347       0.02274    0.10598     0.02166    0.10451
348       0.02274    0.10598     0.02166    0.10451
349       0.02274    0.10598     0.02166    0.10451
350       0.02274    0.10598     0.02166    0.10451
351       0.02274    0.10598     0.02166    0.10451
352       0.02274    0.10598     0.02166    0.10451
353       0.02274    0.10598     0.02166    0.10451
354       0.02274    0.10598     0.02166    0.10451
355       0.02274    0.10598     0.02166    0.10451
356       0.02274    0.10598     0.02166    0.10451
357       0.02274    0.10598     0.02166    0.10451
358       0.02274    0.10598     0.02166    0.10451
359       0.02274    0.10598     0.02166    0.10451
360       0.02274    0.10598     0.02166    0.10451
361       0.02274    0.10598     0.02166    0.10451
362       0.02274    0.10598     0.02166    0.10451
363       0.02274    0.10598     0.02166    0.10451
364       0.02274    0.10598     0.02166    0.10451
365       0.02274    0.10598     0.02166    0.10451
366       0.02274    0.10598     0.02166    0.10451
367       0.02274    0.10598     0.02166    0.10451
368       0.02274    0.10598     0.02166    0.10451
369       0.02274    0.10598     0.02166    0.10451
370       0.02274    0.10598     0.02166    0.10451
371       0.02274    0.10598     0.02166    0.10451
372       0.02274    0.10598     0.02166    0.10451
373       0.02274    0.10598     0.02166    0.10451
374       0.02274    0.10598     0.02166    0.10451
375       0.02274    0.10598     0.02166    0.10451
376       0.02274    0.10598     0.02166    0.10451
377       0.02274    0.10598     0.02166    0.10451
378       0.02274    0.10598     0.02166    0.10451
379       0.02274    0.10598     0.02166    0.10451
380       0.02274    0.10598     0.02166    0.10451
381       0.02274    0.10598     0.02166    0.10451
382       0.02274    0.10598     0.02166    0.10451
383       0.02274    0.10598     0.02166    0.10451
384       0.02274    0.10598     0.02166    0.10451
385       0.02274    0.10598     0.02166    0.10451
386       0.02274    0.10598     0.02166    0.10451
387       0.02274    0.10598     0.02166    0.10451
388       0.02274    0.10598     0.02166    0.10451
389       0.02274    0.10598     0.02166    0.10451
390       0.02274    0.10598     0.02166    0.10451
391       0.02274    0.10598     0.02166    0.10451
392       0.02274    0.10598     0.02166    0.10451
393       0.02274    0.10598     0.02166    0.10451
394       0.02274    0.10598     0.02166    0.10451
395       0.02274    0.10598     0.02166    0.10451
396       0.02274    0.10598     0.02166    0.10451
397       0.02274    0.10598     0.02166    0.10451
398       0.02274    0.10598     0.02166    0.10451
399       0.02274    0.10598     0.02166    0.10451
400       0.02274    0.10598     0.02166    0.10451
401       0.02274    0.10598     0.02166    0.10451
402       0.02274    0.10598     0.02166    0.10451
403       0.02274    0.10598     0.02166    0.10451
404       0.02274    0.10598     0.02166    0.10451
405       0.02274    0.10598     0.02166    0.10451
406       0.02274    0.10598     0.02166    0.10451
407       0.02274    0.10598     0.02166    0.10451
408       0.02274    0.10598     0.02166    0.10451
409       0.02274    0.10598     0.02166    0.10451
410       0.02274    0.10598     0.02166    0.10451
411       0.02274    0.10598     0.02166    0.10451
412       0.02274    0.10598     0.02166    0.10451
413       0.02274    0.10598     0.02166    0.10451
414       0.02274    0.10598     0.02166    0.10451
415       0.02274    0.10598     0.02166    0.10451
416       0.02274    0.10598     0.02166    0.10451
417       0.02274    0.10598     0.02166    0.10451
418       0.02274    0.10598     0.02166    0.10451
419       0.02274    0.10598     0.02166    0.10451
420       0.02274    0.10598     0.02166    0.10451
421       0.02274    0.10598     0.02166    0.10451
422       0.02274    0.10598     0.02166    0.10451
423       0.02274    0.10598     0.02166    0.10451
424       0.02274    0.10598     0.02166    0.10451
425       0.02274    0.10598     0.02166    0.10451
426       0.02274    0.10598     0.02166    0.10451
427       0.02274    0.10598     0.02166    0.10451
428       0.02274    0.10598     0.02166    0.10451
429       0.02274    0.10598     0.02166    0.10451
430       0.02274    0.10598     0.02166    0.10451
431       0.02274    0.10598     0.02166    0.10451
432       0.02274    0.10598     0.02166    0.10451
433       0.02274    0.10598     0.02166    0.10451
434       0.02274    0.10598     0.02166    0.10451
435       0.02274    0.10598     0.02166    0.10451
436       0.02274    0.10598     0.02166    0.10451
437       0.02274    0.10598     0.02166    0.10451
438       0.02274    0.10598     0.02166    0.10451
439       0.02274    0.10598     0.02166    0.10451
440       0.02274    0.10598     0.02166    0.10451
441       0.02274    0.10598     0.02166    0.10451
442       0.02274    0.10598     0.02166    0.10451
443       0.02274    0.10598     0.02166    0.10451
444       0.02274    0.10598     0.02166    0.10451
445       0.02274    0.10598     0.02166    0.10451
446       0.02274    0.10598     0.02166    0.10451
447       0.02274    0.10598     0.02166    0.10451
448       0.02274    0.10598     0.02166    0.10451
449       0.02274    0.10598     0.02166    0.10451
450       0.02274    0.10598     0.02166    0.10451
451       0.02274    0.10598     0.02166    0.10451
452       0.02274    0.10598     0.02166    0.10451
453       0.02274    0.10598     0.02166    0.10451
454       0.02274    0.10598     0.02166    0.10451
455       0.02274    0.10598     0.02166    0.10451
456       0.02274    0.10598     0.02166    0.10451
457       0.02274    0.10598     0.02166    0.10451
458       0.02274    0.10598     0.02166    0.10451
459       0.02274    0.10598     0.02166    0.10451
460       0.02274    0.10598     0.02166    0.10451
461       0.02274    0.10598     0.02166    0.10451
462       0.02274    0.10598     0.02166    0.10451
463       0.02274    0.10598     0.02166    0.10451
464       0.02274    0.10598     0.02166    0.10451
465       0.02274    0.10598     0.02166    0.10451
466       0.02274    0.10598     0.02166    0.10451
467       0.02274    0.10598     0.02166    0.10451
468       0.02274    0.10598     0.02166    0.10451
469       0.02274    0.10598     0.02166    0.10451
470       0.02274    0.10598     0.02166    0.10451
471       0.02274    0.10598     0.02166    0.10451
472       0.02274    0.10598     0.02166    0.10451
473       0.02274    0.10598     0.02166    0.10451
474       0.02274    0.10598     0.02166    0.10451
475       0.02274    0.10598     0.02166    0.10451
476       0.02274    0.10598     0.02166    0.10451
477       0.02274    0.10598     0.02166    0.10451
478       0.02274    0.10598     0.02166    0.10451
479       0.02274    0.10598     0.02166    0.10451
480       0.02274    0.10598     0.02166    0.10451
481       0.02274    0.10598     0.02166    0.10451
482       0.02274    0.10598     0.02166    0.10451
483       0.02274    0.10598     0.02166    0.10451
484       0.02274    0.10598     0.02166    0.10451
485       0.02274    0.10598     0.02166    0.10451
486       0.02274    0.10598     0.02166    0.10451
487       0.02274    0.10598     0.02166    0.10451
488       0.02274    0.10598     0.02166    0.10451
489       0.02274    0.10598     0.02166    0.10451
490       0.02274    0.10598     0.02166    0.10451
491       0.02274    0.10598     0.02166    0.10451
492       0.02274    0.10598     0.02166    0.10451
493       0.02274    0.10598     0.02166    0.10451
494       0.02274    0.10598     0.02166    0.10451
495       0.02274    0.10598     0.02166    0.10451
496       0.02274    0.10598     0.02166    0.10451
497       0.02274    0.10598     0.02166    0.10451
498       0.02274    0.10598     0.02166    0.10451
499       0.02274    0.10598     0.02166    0.10451
500       0.02274    0.10598     0.02166    0.10451
501       0.02274    0.10598     0.02166    0.10451
502       0.02274    0.10598     0.02166    0.10451
503       0.02274    0.10598     0.02166    0.10451
504       0.02274    0.10598     0.02166    0.10451
505       0.02274    0.10598     0.02166    0.10451
506       0.02274    0.10598     0.02166    0.10451    0.02378    0.10595