Ciclo   TrainMSE   TrainMAE   ValidMSE   ValidMAE   TestMSE     TestMAE
----------------------------------------------------------------------- 
0       0.02362    0.10676     0.02236    0.10485
1       0.02322    0.10578     0.02196    0.10405
2       0.02291    0.10511     0.02164    0.10348
3       0.02267    0.10465     0.02141    0.10308
4       0.02249    0.10434     0.02123    0.10282
5       0.02236    0.10413     0.02111    0.10265
6       0.02227    0.10399     0.02102    0.10254
7       0.02219    0.10390     0.02095    0.10247
8       0.02213    0.10384     0.02090    0.10242
9       0.02209    0.10380     0.02087    0.10240    0.02239    0.10336