Ciclo   TrainMSE   TrainMAE   ValidMSE   ValidMAE   TestMSE     TestMAE
----------------------------------------------------------------------- 
0       0.11361    0.26225     0.11532    0.26586
1       0.07889    0.21960     0.08059    0.22232
2       0.06063    0.19304     0.06223    0.19518
3       0.04932    0.17406     0.05069    0.17591
4       0.04178    0.15965     0.04284    0.16118
5       0.03658    0.14858     0.03732    0.14980
6       0.03293    0.14001     0.03337    0.14092
7       0.03036    0.13338     0.03052    0.13395
8       0.02853    0.12849     0.02845    0.12863
9       0.02723    0.12479     0.02693    0.12454
10       0.02629    0.12198     0.02580    0.12135
11       0.02562    0.11983     0.02497    0.11892
12       0.02512    0.11818     0.02434    0.11701
13       0.02476    0.11689     0.02386    0.11554
14       0.02449    0.11590     0.02349    0.11438
15       0.02428    0.11514     0.02320    0.11345
16       0.02412    0.11454     0.02297    0.11270
17       0.02399    0.11406     0.02278    0.11208
18       0.02389    0.11367     0.02263    0.11157
19       0.02380    0.11335     0.02250    0.11116
20       0.02372    0.11307     0.02239    0.11081
21       0.02366    0.11282     0.02230    0.11051
22       0.02360    0.11262     0.02222    0.11025
23       0.02355    0.11243     0.02215    0.11002
24       0.02350    0.11227     0.02209    0.10983
25       0.02346    0.11213     0.02203    0.10966
26       0.02342    0.11200     0.02198    0.10950
27       0.02338    0.11187     0.02193    0.10936
28       0.02334    0.11176     0.02188    0.10924
29       0.02330    0.11166     0.02184    0.10912
30       0.02327    0.11156     0.02180    0.10902
31       0.02324    0.11147     0.02177    0.10893
32       0.02320    0.11138     0.02173    0.10884
33       0.02317    0.11130     0.02170    0.10876
34       0.02314    0.11122     0.02167    0.10869
35       0.02311    0.11115     0.02164    0.10862
36       0.02309    0.11108     0.02161    0.10856
37       0.02306    0.11101     0.02158    0.10850
38       0.02303    0.11095     0.02155    0.10844
39       0.02301    0.11089     0.02153    0.10838
40       0.02298    0.11083     0.02150    0.10833
41       0.02296    0.11078     0.02148    0.10828
42       0.02294    0.11073     0.02146    0.10824
43       0.02291    0.11068     0.02144    0.10819
44       0.02289    0.11063     0.02142    0.10815
45       0.02287    0.11059     0.02140    0.10811
46       0.02285    0.11054     0.02138    0.10807
47       0.02283    0.11050     0.02136    0.10803
48       0.02281    0.11046     0.02134    0.10799
49       0.02279    0.11042     0.02132    0.10796
50       0.02278    0.11038     0.02130    0.10792
51       0.02276    0.11034     0.02129    0.10789
52       0.02274    0.11031     0.02127    0.10786
53       0.02273    0.11027     0.02125    0.10783
54       0.02271    0.11024     0.02124    0.10780
55       0.02269    0.11020     0.02122    0.10777
56       0.02268    0.11017     0.02121    0.10774
57       0.02266    0.11014     0.02119    0.10771
58       0.02265    0.11011     0.02118    0.10768
59       0.02263    0.11008     0.02117    0.10766
60       0.02262    0.11005     0.02115    0.10763
61       0.02261    0.11002     0.02114    0.10760
62       0.02259    0.11000     0.02113    0.10758
63       0.02258    0.10997     0.02111    0.10755
64       0.02257    0.10994     0.02110    0.10753
65       0.02256    0.10992     0.02109    0.10751
66       0.02254    0.10990     0.02108    0.10748
67       0.02253    0.10987     0.02107    0.10746
68       0.02252    0.10985     0.02106    0.10744
69       0.02251    0.10982     0.02105    0.10742
70       0.02250    0.10980     0.02104    0.10739
71       0.02249    0.10978     0.02102    0.10737
72       0.02248    0.10976     0.02101    0.10735
73       0.02247    0.10974     0.02100    0.10733
74       0.02246    0.10972     0.02100    0.10731
75       0.02245    0.10970     0.02099    0.10729
76       0.02244    0.10968     0.02098    0.10727
77       0.02243    0.10966     0.02097    0.10725
78       0.02242    0.10964     0.02096    0.10723
79       0.02241    0.10962     0.02095    0.10721
80       0.02240    0.10960     0.02094    0.10720
81       0.02239    0.10959     0.02093    0.10718
82       0.02238    0.10957     0.02092    0.10716
83       0.02237    0.10955     0.02092    0.10714
84       0.02237    0.10953     0.02091    0.10713
85       0.02236    0.10952     0.02090    0.10711
86       0.02235    0.10950     0.02089    0.10709
87       0.02234    0.10948     0.02088    0.10708
88       0.02233    0.10947     0.02088    0.10706
89       0.02233    0.10945     0.02087    0.10705
90       0.02232    0.10943     0.02086    0.10703
91       0.02231    0.10942     0.02085    0.10702
92       0.02230    0.10940     0.02085    0.10700
93       0.02230    0.10939     0.02084    0.10699
94       0.02229    0.10937     0.02083    0.10697
95       0.02228    0.10935     0.02083    0.10696
96       0.02227    0.10934     0.02082    0.10694
97       0.02227    0.10932     0.02081    0.10693
98       0.02226    0.10931     0.02081    0.10692
99       0.02225    0.10929     0.02080    0.10690
100       0.02225    0.10928     0.02079    0.10689
101       0.02224    0.10926     0.02079    0.10688
102       0.02223    0.10925     0.02078    0.10686
103       0.02223    0.10923     0.02077    0.10685
104       0.02222    0.10922     0.02077    0.10684
105       0.02222    0.10920     0.02076    0.10682
106       0.02221    0.10919     0.02076    0.10681
107       0.02220    0.10918     0.02075    0.10680
108       0.02220    0.10916     0.02074    0.10679
109       0.02219    0.10915     0.02074    0.10677
110       0.02218    0.10913     0.02073    0.10676
111       0.02218    0.10912     0.02073    0.10675
112       0.02217    0.10911     0.02072    0.10674
113       0.02217    0.10909     0.02072    0.10672
114       0.02216    0.10908     0.02071    0.10671
115       0.02216    0.10906     0.02071    0.10670
116       0.02215    0.10905     0.02070    0.10669
117       0.02214    0.10904     0.02069    0.10667
118       0.02214    0.10902     0.02069    0.10666
119       0.02213    0.10901     0.02068    0.10665
120       0.02213    0.10900     0.02068    0.10664
121       0.02212    0.10898     0.02067    0.10663
122       0.02212    0.10897     0.02067    0.10661
123       0.02211    0.10896     0.02066    0.10660
124       0.02211    0.10894     0.02066    0.10659
125       0.02210    0.10893     0.02065    0.10658
126       0.02210    0.10892     0.02065    0.10657
127       0.02209    0.10890     0.02064    0.10655
128       0.02209    0.10889     0.02064    0.10654
129       0.02208    0.10888     0.02063    0.10653
130       0.02208    0.10887     0.02063    0.10652
131       0.02207    0.10885     0.02062    0.10651
132       0.02207    0.10884     0.02062    0.10650
133       0.02206    0.10883     0.02061    0.10648
134       0.02206    0.10881     0.02061    0.10647
135       0.02205    0.10880     0.02060    0.10646
136       0.02205    0.10879     0.02060    0.10645
137       0.02204    0.10877     0.02059    0.10644
138       0.02204    0.10876     0.02059    0.10643
139       0.02203    0.10875     0.02058    0.10642
140       0.02203    0.10874     0.02058    0.10640
141       0.02202    0.10872     0.02058    0.10639
142       0.02202    0.10871     0.02057    0.10638
143       0.02201    0.10870     0.02057    0.10637
144       0.02201    0.10869     0.02056    0.10636
145       0.02200    0.10867     0.02056    0.10635
146       0.02200    0.10866     0.02055    0.10634
147       0.02200    0.10865     0.02055    0.10632
148       0.02199    0.10864     0.02054    0.10631
149       0.02199    0.10862     0.02054    0.10630
150       0.02198    0.10861     0.02054    0.10629
151       0.02198    0.10860     0.02053    0.10628
152       0.02197    0.10859     0.02053    0.10627
153       0.02197    0.10857     0.02052    0.10626
154       0.02196    0.10856     0.02052    0.10625
155       0.02196    0.10855     0.02051    0.10623
156       0.02196    0.10854     0.02051    0.10622
157       0.02195    0.10853     0.02051    0.10621
158       0.02195    0.10851     0.02050    0.10620
159       0.02194    0.10850     0.02050    0.10619
160       0.02194    0.10849     0.02049    0.10618
161       0.02193    0.10848     0.02049    0.10617
162       0.02193    0.10847     0.02048    0.10616
163       0.02193    0.10845     0.02048    0.10615
164       0.02192    0.10844     0.02048    0.10614
165       0.02192    0.10843     0.02047    0.10612
166       0.02191    0.10842     0.02047    0.10611
167       0.02191    0.10841     0.02046    0.10610
168       0.02191    0.10839     0.02046    0.10609
169       0.02190    0.10838     0.02046    0.10608
170       0.02190    0.10837     0.02045    0.10607
171       0.02189    0.10836     0.02045    0.10606
172       0.02189    0.10835     0.02044    0.10605
173       0.02188    0.10834     0.02044    0.10604
174       0.02188    0.10832     0.02044    0.10603
175       0.02188    0.10831     0.02043    0.10602
176       0.02187    0.10830     0.02043    0.10601
177       0.02187    0.10829     0.02042    0.10599
178       0.02186    0.10828     0.02042    0.10598
179       0.02186    0.10827     0.02042    0.10597
180       0.02186    0.10826     0.02041    0.10596
181       0.02185    0.10825     0.02041    0.10595
182       0.02185    0.10823     0.02040    0.10594
183       0.02185    0.10822     0.02040    0.10593
184       0.02184    0.10821     0.02040    0.10592
185       0.02184    0.10820     0.02039    0.10591
186       0.02183    0.10819     0.02039    0.10590
187       0.02183    0.10818     0.02039    0.10589
188       0.02183    0.10817     0.02038    0.10588
189       0.02182    0.10816     0.02038    0.10586
190       0.02182    0.10815     0.02037    0.10585
191       0.02182    0.10813     0.02037    0.10584
192       0.02181    0.10812     0.02037    0.10583
193       0.02181    0.10811     0.02036    0.10582
194       0.02180    0.10810     0.02036    0.10581
195       0.02180    0.10809     0.02036    0.10580
196       0.02180    0.10808     0.02035    0.10579
197       0.02179    0.10807     0.02035    0.10578
198       0.02179    0.10806     0.02035    0.10577
199       0.02179    0.10805     0.02034    0.10576
200       0.02178    0.10804     0.02034    0.10575
201       0.02178    0.10803     0.02034    0.10574
202       0.02177    0.10802     0.02033    0.10573
203       0.02177    0.10801     0.02033    0.10572
204       0.02177    0.10799     0.02032    0.10571
205       0.02176    0.10798     0.02032    0.10570
206       0.02176    0.10797     0.02032    0.10569
207       0.02176    0.10796     0.02031    0.10567
208       0.02175    0.10795     0.02031    0.10566
209       0.02175    0.10794     0.02031    0.10565
210       0.02175    0.10793     0.02030    0.10564
211       0.02174    0.10792     0.02030    0.10563
212       0.02174    0.10791     0.02030    0.10562
213       0.02174    0.10790     0.02029    0.10561
214       0.02173    0.10789     0.02029    0.10560
215       0.02173    0.10788     0.02029    0.10559
216       0.02173    0.10787     0.02028    0.10558
217       0.02172    0.10786     0.02028    0.10557
218       0.02172    0.10785     0.02028    0.10556
219       0.02172    0.10784     0.02027    0.10555
220       0.02171    0.10783     0.02027    0.10554
221       0.02171    0.10782     0.02027    0.10553
222       0.02171    0.10781     0.02026    0.10552
223       0.02170    0.10779     0.02026    0.10551
224       0.02170    0.10778     0.02026    0.10550
225       0.02170    0.10777     0.02025    0.10549
226       0.02169    0.10776     0.02025    0.10548
227       0.02169    0.10775     0.02025    0.10547
228       0.02169    0.10774     0.02024    0.10546
229       0.02168    0.10773     0.02024    0.10545
230       0.02168    0.10772     0.02024    0.10544
231       0.02168    0.10771     0.02023    0.10543
232       0.02167    0.10770     0.02023    0.10542
233       0.02167    0.10769     0.02023    0.10541
234       0.02167    0.10768     0.02023    0.10541
235       0.02166    0.10767     0.02022    0.10540
236       0.02166    0.10766     0.02022    0.10539
237       0.02166    0.10765     0.02022    0.10538
238       0.02165    0.10764     0.02021    0.10537
239       0.02165    0.10763     0.02021    0.10536
240       0.02165    0.10762     0.02021    0.10535
241       0.02164    0.10762     0.02020    0.10534
242       0.02164    0.10761     0.02020    0.10534
243       0.02164    0.10760     0.02020    0.10533
244       0.02163    0.10759     0.02019    0.10532
245       0.02163    0.10758     0.02019    0.10531
246       0.02163    0.10757     0.02019    0.10530
247       0.02162    0.10756     0.02019    0.10530
248       0.02162    0.10755     0.02018    0.10529
249       0.02162    0.10754     0.02018    0.10528
250       0.02162    0.10753     0.02018    0.10527
251       0.02161    0.10752     0.02017    0.10527
252       0.02161    0.10751     0.02017    0.10526
253       0.02161    0.10750     0.02017    0.10525
254       0.02160    0.10749     0.02016    0.10524
255       0.02160    0.10748     0.02016    0.10524
256       0.02160    0.10747     0.02016    0.10523
257       0.02159    0.10746     0.02016    0.10522
258       0.02159    0.10745     0.02015    0.10521
259       0.02159    0.10745     0.02015    0.10521
260       0.02159    0.10744     0.02015    0.10520
261       0.02158    0.10743     0.02014    0.10519
262       0.02158    0.10742     0.02014    0.10518
263       0.02158    0.10741     0.02014    0.10518
264       0.02157    0.10740     0.02014    0.10517
265       0.02157    0.10739     0.02013    0.10516
266       0.02157    0.10738     0.02013    0.10516
267       0.02156    0.10737     0.02013    0.10515
268       0.02156    0.10736     0.02012    0.10514
269       0.02156    0.10735     0.02012    0.10513
270       0.02156    0.10734     0.02012    0.10513
271       0.02155    0.10734     0.02012    0.10512
272       0.02155    0.10733     0.02011    0.10511
273       0.02155    0.10732     0.02011    0.10511
274       0.02154    0.10731     0.02011    0.10510
275       0.02154    0.10730     0.02011    0.10509
276       0.02154    0.10729     0.02010    0.10508
277       0.02154    0.10728     0.02010    0.10508
278       0.02153    0.10727     0.02010    0.10507
279       0.02153    0.10726     0.02009    0.10506
280       0.02153    0.10726     0.02009    0.10506
281       0.02153    0.10725     0.02009    0.10505
282       0.02152    0.10724     0.02009    0.10504
283       0.02152    0.10723     0.02008    0.10503
284       0.02152    0.10722     0.02008    0.10503
285       0.02151    0.10721     0.02008    0.10502
286       0.02151    0.10720     0.02008    0.10501
287       0.02151    0.10719     0.02007    0.10501
288       0.02151    0.10719     0.02007    0.10500
289       0.02150    0.10718     0.02007    0.10499
290       0.02150    0.10717     0.02007    0.10499
291       0.02150    0.10716     0.02006    0.10498
292       0.02150    0.10715     0.02006    0.10497
293       0.02149    0.10714     0.02006    0.10497
294       0.02149    0.10713     0.02006    0.10496
295       0.02149    0.10713     0.02005    0.10495
296       0.02148    0.10712     0.02005    0.10495
297       0.02148    0.10711     0.02005    0.10494
298       0.02148    0.10710     0.02005    0.10493
299       0.02148    0.10709     0.02004    0.10493
300       0.02147    0.10708     0.02004    0.10492
301       0.02147    0.10708     0.02004    0.10491
302       0.02147    0.10707     0.02004    0.10491
303       0.02147    0.10706     0.02003    0.10490
304       0.02146    0.10705     0.02003    0.10489
305       0.02146    0.10704     0.02003    0.10489
306       0.02146    0.10703     0.02003    0.10488
307       0.02146    0.10703     0.02002    0.10487
308       0.02145    0.10702     0.02002    0.10487
309       0.02145    0.10701     0.02002    0.10486
310       0.02145    0.10700     0.02002    0.10485
311       0.02145    0.10699     0.02001    0.10485
312       0.02144    0.10698     0.02001    0.10484
313       0.02144    0.10698     0.02001    0.10483
314       0.02144    0.10697     0.02001    0.10483
315       0.02144    0.10696     0.02000    0.10482
316       0.02143    0.10695     0.02000    0.10482
317       0.02143    0.10694     0.02000    0.10481
318       0.02143    0.10694     0.02000    0.10480
319       0.02143    0.10693     0.02000    0.10480
320       0.02142    0.10692     0.01999    0.10479
321       0.02142    0.10691     0.01999    0.10478
322       0.02142    0.10690     0.01999    0.10478
323       0.02142    0.10690     0.01999    0.10477
324       0.02141    0.10689     0.01998    0.10476
325       0.02141    0.10688     0.01998    0.10476
326       0.02141    0.10687     0.01998    0.10475
327       0.02141    0.10687     0.01998    0.10475
328       0.02141    0.10686     0.01997    0.10474
329       0.02140    0.10685     0.01997    0.10473
330       0.02140    0.10684     0.01997    0.10473
331       0.02140    0.10683     0.01997    0.10472
332       0.02140    0.10683     0.01997    0.10471
333       0.02139    0.10682     0.01996    0.10471
334       0.02139    0.10681     0.01996    0.10470
335       0.02139    0.10680     0.01996    0.10470
336       0.02139    0.10680     0.01996    0.10469
337       0.02138    0.10679     0.01995    0.10468
338       0.02138    0.10678     0.01995    0.10468
339       0.02138    0.10677     0.01995    0.10467
340       0.02138    0.10677     0.01995    0.10467
341       0.02137    0.10676     0.01995    0.10466
342       0.02137    0.10675     0.01994    0.10465
343       0.02137    0.10674     0.01994    0.10465
344       0.02137    0.10674     0.01994    0.10464
345       0.02137    0.10673     0.01994    0.10464
346       0.02136    0.10672     0.01994    0.10463
347       0.02136    0.10671     0.01993    0.10463
348       0.02136    0.10671     0.01993    0.10462
349       0.02136    0.10670     0.01993    0.10461
350       0.02135    0.10669     0.01993    0.10461
351       0.02135    0.10669     0.01993    0.10460
352       0.02135    0.10668     0.01992    0.10460
353       0.02135    0.10667     0.01992    0.10459
354       0.02135    0.10666     0.01992    0.10458
355       0.02134    0.10666     0.01992    0.10458
356       0.02134    0.10665     0.01992    0.10457
357       0.02134    0.10664     0.01991    0.10457
358       0.02134    0.10664     0.01991    0.10456
359       0.02134    0.10663     0.01991    0.10456
360       0.02133    0.10662     0.01991    0.10455
361       0.02133    0.10662     0.01991    0.10455
362       0.02133    0.10661     0.01990    0.10454
363       0.02133    0.10660     0.01990    0.10454
364       0.02132    0.10660     0.01990    0.10453
365       0.02132    0.10659     0.01990    0.10452
366       0.02132    0.10658     0.01990    0.10452
367       0.02132    0.10658     0.01989    0.10451
368       0.02132    0.10657     0.01989    0.10451
369       0.02131    0.10656     0.01989    0.10450
370       0.02131    0.10656     0.01989    0.10450
371       0.02131    0.10655     0.01989    0.10449
372       0.02131    0.10654     0.01988    0.10449
373       0.02131    0.10654     0.01988    0.10448
374       0.02130    0.10653     0.01988    0.10448
375       0.02130    0.10652     0.01988    0.10447
376       0.02130    0.10652     0.01988    0.10447
377       0.02130    0.10651     0.01987    0.10446
378       0.02130    0.10650     0.01987    0.10446
379       0.02129    0.10650     0.01987    0.10445
380       0.02129    0.10649     0.01987    0.10445
381       0.02129    0.10648     0.01987    0.10444
382       0.02129    0.10648     0.01986    0.10444
383       0.02129    0.10647     0.01986    0.10443
384       0.02128    0.10647     0.01986    0.10443
385       0.02128    0.10646     0.01986    0.10442
386       0.02128    0.10645     0.01986    0.10442
387       0.02128    0.10645     0.01986    0.10441
388       0.02128    0.10644     0.01985    0.10441
389       0.02127    0.10643     0.01985    0.10440
390       0.02127    0.10643     0.01985    0.10440
391       0.02127    0.10642     0.01985    0.10439
392       0.02127    0.10642     0.01985    0.10439
393       0.02127    0.10641     0.01985    0.10438
394       0.02126    0.10640     0.01984    0.10438
395       0.02126    0.10640     0.01984    0.10437
396       0.02126    0.10639     0.01984    0.10437
397       0.02126    0.10638     0.01984    0.10437
398       0.02126    0.10638     0.01984    0.10436
399       0.02126    0.10637     0.01983    0.10436
400       0.02125    0.10637     0.01983    0.10435
401       0.02125    0.10636     0.01983    0.10435
402       0.02125    0.10635     0.01983    0.10434
403       0.02125    0.10635     0.01983    0.10434
404       0.02125    0.10634     0.01983    0.10433
405       0.02124    0.10634     0.01982    0.10433
406       0.02124    0.10633     0.01982    0.10432
407       0.02124    0.10633     0.01982    0.10432
408       0.02124    0.10632     0.01982    0.10431
409       0.02124    0.10631     0.01982    0.10431
410       0.02123    0.10631     0.01982    0.10431
411       0.02123    0.10630     0.01981    0.10430
412       0.02123    0.10630     0.01981    0.10430
413       0.02123    0.10629     0.01981    0.10429
414       0.02123    0.10629     0.01981    0.10429
415       0.02123    0.10628     0.01981    0.10428
416       0.02122    0.10627     0.01981    0.10428
417       0.02122    0.10627     0.01980    0.10427
418       0.02122    0.10626     0.01980    0.10427
419       0.02122    0.10626     0.01980    0.10427
420       0.02122    0.10625     0.01980    0.10426
421       0.02122    0.10625     0.01980    0.10426
422       0.02121    0.10624     0.01980    0.10425
423       0.02121    0.10624     0.01980    0.10425
424       0.02121    0.10623     0.01979    0.10424
425       0.02121    0.10623     0.01979    0.10424
426       0.02121    0.10622     0.01979    0.10423
427       0.02121    0.10622     0.01979    0.10423
428       0.02120    0.10621     0.01979    0.10423
429       0.02120    0.10621     0.01979    0.10422
430       0.02120    0.10620     0.01978    0.10422
431       0.02120    0.10619     0.01978    0.10421
432       0.02120    0.10619     0.01978    0.10421
433       0.02119    0.10618     0.01978    0.10421
434       0.02119    0.10618     0.01978    0.10420
435       0.02119    0.10617     0.01978    0.10420
436       0.02119    0.10617     0.01978    0.10419
437       0.02119    0.10617     0.01977    0.10419
438       0.02119    0.10616     0.01977    0.10418
439       0.02118    0.10616     0.01977    0.10418
440       0.02118    0.10615     0.01977    0.10418
441       0.02118    0.10615     0.01977    0.10417
442       0.02118    0.10614     0.01977    0.10417
443       0.02118    0.10614     0.01976    0.10416
444       0.02118    0.10613     0.01976    0.10416
445       0.02118    0.10613     0.01976    0.10416
446       0.02117    0.10612     0.01976    0.10415
447       0.02117    0.10612     0.01976    0.10415
448       0.02117    0.10611     0.01976    0.10415
449       0.02117    0.10611     0.01976    0.10414
450       0.02117    0.10610     0.01975    0.10414
451       0.02117    0.10610     0.01975    0.10413
452       0.02116    0.10609     0.01975    0.10413
453       0.02116    0.10609     0.01975    0.10413
454       0.02116    0.10608     0.01975    0.10412
455       0.02116    0.10608     0.01975    0.10412
456       0.02116    0.10608     0.01975    0.10411
457       0.02116    0.10607     0.01974    0.10411
458       0.02115    0.10607     0.01974    0.10411
459       0.02115    0.10606     0.01974    0.10410
460       0.02115    0.10606     0.01974    0.10410
461       0.02115    0.10605     0.01974    0.10410
462       0.02115    0.10605     0.01974    0.10409
463       0.02115    0.10604     0.01974    0.10409
464       0.02115    0.10604     0.01974    0.10408
465       0.02114    0.10604     0.01973    0.10408
466       0.02114    0.10603     0.01973    0.10408
467       0.02114    0.10603     0.01973    0.10407
468       0.02114    0.10602     0.01973    0.10407
469       0.02114    0.10602     0.01973    0.10407
470       0.02114    0.10601     0.01973    0.10406
471       0.02113    0.10601     0.01973    0.10406
472       0.02113    0.10600     0.01972    0.10406
473       0.02113    0.10600     0.01972    0.10405
474       0.02113    0.10600     0.01972    0.10405
475       0.02113    0.10599     0.01972    0.10404
476       0.02113    0.10599     0.01972    0.10404
477       0.02113    0.10598     0.01972    0.10404
478       0.02112    0.10598     0.01972    0.10403
479       0.02112    0.10598     0.01972    0.10403
480       0.02112    0.10597     0.01971    0.10403
481       0.02112    0.10597     0.01971    0.10402
482       0.02112    0.10596     0.01971    0.10402
483       0.02112    0.10596     0.01971    0.10402
484       0.02112    0.10595     0.01971    0.10401
485       0.02111    0.10595     0.01971    0.10401
486       0.02111    0.10595     0.01971    0.10401
487       0.02111    0.10594     0.01971    0.10400
488       0.02111    0.10594     0.01970    0.10400
489       0.02111    0.10593     0.01970    0.10400
490       0.02111    0.10593     0.01970    0.10399
491       0.02111    0.10593     0.01970    0.10399
492       0.02110    0.10592     0.01970    0.10399
493       0.02110    0.10592     0.01970    0.10398
494       0.02110    0.10591     0.01970    0.10398
495       0.02110    0.10591     0.01970    0.10398
496       0.02110    0.10591     0.01969    0.10397
497       0.02110    0.10590     0.01969    0.10397
498       0.02110    0.10590     0.01969    0.10397
499       0.02110    0.10589     0.01969    0.10396
500       0.02109    0.10589     0.01969    0.10396
501       0.02109    0.10589     0.01969    0.10396
502       0.02109    0.10588     0.01969    0.10395
503       0.02109    0.10588     0.01969    0.10395
504       0.02109    0.10587     0.01969    0.10395
505       0.02109    0.10587     0.01968    0.10394
506       0.02109    0.10587     0.01968    0.10394
507       0.02108    0.10586     0.01968    0.10394
508       0.02108    0.10586     0.01968    0.10393
509       0.02108    0.10586     0.01968    0.10393
510       0.02108    0.10585     0.01968    0.10393
511       0.02108    0.10585     0.01968    0.10392
512       0.02108    0.10584     0.01968    0.10392
513       0.02108    0.10584     0.01967    0.10392
514       0.02108    0.10584     0.01967    0.10392
515       0.02107    0.10583     0.01967    0.10391
516       0.02107    0.10583     0.01967    0.10391
517       0.02107    0.10583     0.01967    0.10391
518       0.02107    0.10582     0.01967    0.10390
519       0.02107    0.10582     0.01967    0.10390
520       0.02107    0.10581     0.01967    0.10390
521       0.02107    0.10581     0.01967    0.10390
522       0.02107    0.10581     0.01966    0.10389
523       0.02106    0.10580     0.01966    0.10389
524       0.02106    0.10580     0.01966    0.10389
525       0.02106    0.10580     0.01966    0.10388
526       0.02106    0.10579     0.01966    0.10388
527       0.02106    0.10579     0.01966    0.10388
528       0.02106    0.10579     0.01966    0.10388
529       0.02106    0.10578     0.01966    0.10387
530       0.02106    0.10578     0.01966    0.10387
531       0.02105    0.10578     0.01966    0.10387
532       0.02105    0.10577     0.01965    0.10386
533       0.02105    0.10577     0.01965    0.10386
534       0.02105    0.10577     0.01965    0.10386
535       0.02105    0.10576     0.01965    0.10386
536       0.02105    0.10576     0.01965    0.10385
537       0.02105    0.10575     0.01965    0.10385
538       0.02105    0.10575     0.01965    0.10385
539       0.02104    0.10575     0.01965    0.10385
540       0.02104    0.10574     0.01965    0.10384
541       0.02104    0.10574     0.01964    0.10384
542       0.02104    0.10574     0.01964    0.10384
543       0.02104    0.10573     0.01964    0.10383
544       0.02104    0.10573     0.01964    0.10383
545       0.02104    0.10573     0.01964    0.10383
546       0.02104    0.10572     0.01964    0.10383
547       0.02104    0.10572     0.01964    0.10382
548       0.02103    0.10572     0.01964    0.10382
549       0.02103    0.10571     0.01964    0.10382
550       0.02103    0.10571     0.01964    0.10382
551       0.02103    0.10571     0.01964    0.10381
552       0.02103    0.10570     0.01963    0.10381
553       0.02103    0.10570     0.01963    0.10381
554       0.02103    0.10570     0.01963    0.10381
555       0.02103    0.10569     0.01963    0.10380
556       0.02102    0.10569     0.01963    0.10380
557       0.02102    0.10569     0.01963    0.10380
558       0.02102    0.10568     0.01963    0.10380
559       0.02102    0.10568     0.01963    0.10379
560       0.02102    0.10568     0.01963    0.10379
561       0.02102    0.10567     0.01963    0.10379
562       0.02102    0.10567     0.01962    0.10379
563       0.02102    0.10567     0.01962    0.10378
564       0.02102    0.10567     0.01962    0.10378
565       0.02102    0.10566     0.01962    0.10378
566       0.02101    0.10566     0.01962    0.10378
567       0.02101    0.10566     0.01962    0.10377
568       0.02101    0.10565     0.01962    0.10377
569       0.02101    0.10565     0.01962    0.10377
570       0.02101    0.10565     0.01962    0.10377
571       0.02101    0.10564     0.01962    0.10376
572       0.02101    0.10564     0.01962    0.10376
573       0.02101    0.10564     0.01961    0.10376
574       0.02101    0.10563     0.01961    0.10376
575       0.02100    0.10563     0.01961    0.10375
576       0.02100    0.10563     0.01961    0.10375
577       0.02100    0.10563     0.01961    0.10375
578       0.02100    0.10562     0.01961    0.10375
579       0.02100    0.10562     0.01961    0.10375
580       0.02100    0.10562     0.01961    0.10374
581       0.02100    0.10561     0.01961    0.10374
582       0.02100    0.10561     0.01961    0.10374
583       0.02100    0.10561     0.01961    0.10374
584       0.02099    0.10561     0.01960    0.10373
585       0.02099    0.10560     0.01960    0.10373
586       0.02099    0.10560     0.01960    0.10373
587       0.02099    0.10560     0.01960    0.10373
588       0.02099    0.10559     0.01960    0.10372
589       0.02099    0.10559     0.01960    0.10372
590       0.02099    0.10559     0.01960    0.10372
591       0.02099    0.10559     0.01960    0.10372
592       0.02099    0.10558     0.01960    0.10371
593       0.02099    0.10558     0.01960    0.10371
594       0.02098    0.10558     0.01960    0.10371
595       0.02098    0.10557     0.01960    0.10371
596       0.02098    0.10557     0.01959    0.10371
597       0.02098    0.10557     0.01959    0.10370
598       0.02098    0.10557     0.01959    0.10370
599       0.02098    0.10556     0.01959    0.10370
600       0.02098    0.10556     0.01959    0.10370
601       0.02098    0.10556     0.01959    0.10370
602       0.02098    0.10556     0.01959    0.10369
603       0.02098    0.10555     0.01959    0.10369
604       0.02098    0.10555     0.01959    0.10369
605       0.02097    0.10555     0.01959    0.10369
606       0.02097    0.10554     0.01959    0.10368
607       0.02097    0.10554     0.01959    0.10368
608       0.02097    0.10554     0.01959    0.10368
609       0.02097    0.10554     0.01958    0.10368
610       0.02097    0.10553     0.01958    0.10368
611       0.02097    0.10553     0.01958    0.10367
612       0.02097    0.10553     0.01958    0.10367
613       0.02097    0.10553     0.01958    0.10367
614       0.02097    0.10552     0.01958    0.10367
615       0.02096    0.10552     0.01958    0.10367
616       0.02096    0.10552     0.01958    0.10366
617       0.02096    0.10552     0.01958    0.10366
618       0.02096    0.10551     0.01958    0.10366
619       0.02096    0.10551     0.01958    0.10366
620       0.02096    0.10551     0.01958    0.10365
621       0.02096    0.10551     0.01958    0.10365
622       0.02096    0.10550     0.01957    0.10365
623       0.02096    0.10550     0.01957    0.10365
624       0.02096    0.10550     0.01957    0.10365
625       0.02096    0.10550     0.01957    0.10364
626       0.02095    0.10549     0.01957    0.10364
627       0.02095    0.10549     0.01957    0.10364
628       0.02095    0.10549     0.01957    0.10364
629       0.02095    0.10549     0.01957    0.10364
630       0.02095    0.10548     0.01957    0.10363
631       0.02095    0.10548     0.01957    0.10363
632       0.02095    0.10548     0.01957    0.10363
633       0.02095    0.10548     0.01957    0.10363
634       0.02095    0.10547     0.01957    0.10363
635       0.02095    0.10547     0.01957    0.10363
636       0.02095    0.10547     0.01956    0.10362
637       0.02095    0.10547     0.01956    0.10362
638       0.02094    0.10546     0.01956    0.10362
639       0.02094    0.10546     0.01956    0.10362
640       0.02094    0.10546     0.01956    0.10362
641       0.02094    0.10546     0.01956    0.10361
642       0.02094    0.10545     0.01956    0.10361
643       0.02094    0.10545     0.01956    0.10361
644       0.02094    0.10545     0.01956    0.10361
645       0.02094    0.10545     0.01956    0.10361
646       0.02094    0.10544     0.01956    0.10361
647       0.02094    0.10544     0.01956    0.10360
648       0.02094    0.10544     0.01956    0.10360
649       0.02093    0.10544     0.01956    0.10360
650       0.02093    0.10543     0.01956    0.10360
651       0.02093    0.10543     0.01955    0.10360
652       0.02093    0.10543     0.01955    0.10360
653       0.02093    0.10543     0.01955    0.10359
654       0.02093    0.10543     0.01955    0.10359
655       0.02093    0.10542     0.01955    0.10359
656       0.02093    0.10542     0.01955    0.10359
657       0.02093    0.10542     0.01955    0.10359
658       0.02093    0.10542     0.01955    0.10359
659       0.02093    0.10541     0.01955    0.10358
660       0.02093    0.10541     0.01955    0.10358
661       0.02093    0.10541     0.01955    0.10358
662       0.02092    0.10541     0.01955    0.10358
663       0.02092    0.10540     0.01955    0.10358
664       0.02092    0.10540     0.01955    0.10358
665       0.02092    0.10540     0.01955    0.10357
666       0.02092    0.10540     0.01955    0.10357
667       0.02092    0.10540     0.01954    0.10357
668       0.02092    0.10539     0.01954    0.10357
669       0.02092    0.10539     0.01954    0.10357
670       0.02092    0.10539     0.01954    0.10357
671       0.02092    0.10539     0.01954    0.10356
672       0.02092    0.10539     0.01954    0.10356
673       0.02092    0.10538     0.01954    0.10356
674       0.02091    0.10538     0.01954    0.10356
675       0.02091    0.10538     0.01954    0.10356
676       0.02091    0.10538     0.01954    0.10356
677       0.02091    0.10537     0.01954    0.10355
678       0.02091    0.10537     0.01954    0.10355
679       0.02091    0.10537     0.01954    0.10355
680       0.02091    0.10537     0.01954    0.10355
681       0.02091    0.10537     0.01954    0.10355
682       0.02091    0.10536     0.01954    0.10355
683       0.02091    0.10536     0.01954    0.10355
684       0.02091    0.10536     0.01953    0.10354
685       0.02091    0.10536     0.01953    0.10354
686       0.02091    0.10536     0.01953    0.10354
687       0.02091    0.10535     0.01953    0.10354
688       0.02090    0.10535     0.01953    0.10354
689       0.02090    0.10535     0.01953    0.10354
690       0.02090    0.10535     0.01953    0.10354
691       0.02090    0.10535     0.01953    0.10353
692       0.02090    0.10534     0.01953    0.10353
693       0.02090    0.10534     0.01953    0.10353
694       0.02090    0.10534     0.01953    0.10353
695       0.02090    0.10534     0.01953    0.10353
696       0.02090    0.10534     0.01953    0.10353
697       0.02090    0.10533     0.01953    0.10353
698       0.02090    0.10533     0.01953    0.10352
699       0.02090    0.10533     0.01953    0.10352
700       0.02090    0.10533     0.01953    0.10352
701       0.02090    0.10533     0.01953    0.10352
702       0.02089    0.10532     0.01952    0.10352
703       0.02089    0.10532     0.01952    0.10352
704       0.02089    0.10532     0.01952    0.10352
705       0.02089    0.10532     0.01952    0.10351
706       0.02089    0.10532     0.01952    0.10351
707       0.02089    0.10531     0.01952    0.10351
708       0.02089    0.10531     0.01952    0.10351
709       0.02089    0.10531     0.01952    0.10351
710       0.02089    0.10531     0.01952    0.10351
711       0.02089    0.10531     0.01952    0.10351
712       0.02089    0.10531     0.01952    0.10350
713       0.02089    0.10530     0.01952    0.10350
714       0.02089    0.10530     0.01952    0.10350
715       0.02089    0.10530     0.01952    0.10350
716       0.02088    0.10530     0.01952    0.10350
717       0.02088    0.10530     0.01952    0.10350
718       0.02088    0.10529     0.01952    0.10350
719       0.02088    0.10529     0.01952    0.10349
720       0.02088    0.10529     0.01952    0.10349
721       0.02088    0.10529     0.01951    0.10349
722       0.02088    0.10529     0.01951    0.10349
723       0.02088    0.10528     0.01951    0.10349
724       0.02088    0.10528     0.01951    0.10349
725       0.02088    0.10528     0.01951    0.10349
726       0.02088    0.10528     0.01951    0.10349
727       0.02088    0.10528     0.01951    0.10348
728       0.02088    0.10528     0.01951    0.10348
729       0.02088    0.10527     0.01951    0.10348
730       0.02088    0.10527     0.01951    0.10348
731       0.02088    0.10527     0.01951    0.10348
732       0.02087    0.10527     0.01951    0.10348
733       0.02087    0.10527     0.01951    0.10348
734       0.02087    0.10527     0.01951    0.10348
735       0.02087    0.10526     0.01951    0.10347
736       0.02087    0.10526     0.01951    0.10347
737       0.02087    0.10526     0.01951    0.10347
738       0.02087    0.10526     0.01951    0.10347
739       0.02087    0.10526     0.01951    0.10347
740       0.02087    0.10526     0.01951    0.10347
741       0.02087    0.10525     0.01951    0.10347
742       0.02087    0.10525     0.01951    0.10347
743       0.02087    0.10525     0.01950    0.10346
744       0.02087    0.10525     0.01950    0.10346
745       0.02087    0.10525     0.01950    0.10346
746       0.02087    0.10525     0.01950    0.10346
747       0.02087    0.10524     0.01950    0.10346
748       0.02086    0.10524     0.01950    0.10346
749       0.02086    0.10524     0.01950    0.10346
750       0.02086    0.10524     0.01950    0.10346
751       0.02086    0.10524     0.01950    0.10346
752       0.02086    0.10524     0.01950    0.10345
753       0.02086    0.10523     0.01950    0.10345
754       0.02086    0.10523     0.01950    0.10345
755       0.02086    0.10523     0.01950    0.10345
756       0.02086    0.10523     0.01950    0.10345
757       0.02086    0.10523     0.01950    0.10345
758       0.02086    0.10523     0.01950    0.10345
759       0.02086    0.10522     0.01950    0.10345
760       0.02086    0.10522     0.01950    0.10344
761       0.02086    0.10522     0.01950    0.10344
762       0.02086    0.10522     0.01950    0.10344
763       0.02086    0.10522     0.01950    0.10344
764       0.02086    0.10522     0.01950    0.10344
765       0.02085    0.10522     0.01950    0.10344
766       0.02085    0.10521     0.01949    0.10344
767       0.02085    0.10521     0.01949    0.10344
768       0.02085    0.10521     0.01949    0.10344
769       0.02085    0.10521     0.01949    0.10343
770       0.02085    0.10521     0.01949    0.10343
771       0.02085    0.10521     0.01949    0.10343
772       0.02085    0.10520     0.01949    0.10343
773       0.02085    0.10520     0.01949    0.10343
774       0.02085    0.10520     0.01949    0.10343
775       0.02085    0.10520     0.01949    0.10343
776       0.02085    0.10520     0.01949    0.10343
777       0.02085    0.10520     0.01949    0.10343
778       0.02085    0.10520     0.01949    0.10343
779       0.02085    0.10519     0.01949    0.10342
780       0.02085    0.10519     0.01949    0.10342
781       0.02085    0.10519     0.01949    0.10342
782       0.02085    0.10519     0.01949    0.10342
783       0.02084    0.10519     0.01949    0.10342
784       0.02084    0.10519     0.01949    0.10342
785       0.02084    0.10519     0.01949    0.10342
786       0.02084    0.10518     0.01949    0.10342
787       0.02084    0.10518     0.01949    0.10342
788       0.02084    0.10518     0.01949    0.10342
789       0.02084    0.10518     0.01949    0.10341
790       0.02084    0.10518     0.01949    0.10341
791       0.02084    0.10518     0.01949    0.10341
792       0.02084    0.10518     0.01948    0.10341
793       0.02084    0.10517     0.01948    0.10341
794       0.02084    0.10517     0.01948    0.10341
795       0.02084    0.10517     0.01948    0.10341
796       0.02084    0.10517     0.01948    0.10341
797       0.02084    0.10517     0.01948    0.10341
798       0.02084    0.10517     0.01948    0.10341
799       0.02084    0.10517     0.01948    0.10341
800       0.02084    0.10516     0.01948    0.10340
801       0.02084    0.10516     0.01948    0.10340
802       0.02083    0.10516     0.01948    0.10340
803       0.02083    0.10516     0.01948    0.10340
804       0.02083    0.10516     0.01948    0.10340
805       0.02083    0.10516     0.01948    0.10340
806       0.02083    0.10516     0.01948    0.10340
807       0.02083    0.10515     0.01948    0.10340
808       0.02083    0.10515     0.01948    0.10340
809       0.02083    0.10515     0.01948    0.10340
810       0.02083    0.10515     0.01948    0.10340
811       0.02083    0.10515     0.01948    0.10339
812       0.02083    0.10515     0.01948    0.10339
813       0.02083    0.10515     0.01948    0.10339
814       0.02083    0.10514     0.01948    0.10339
815       0.02083    0.10514     0.01948    0.10339
816       0.02083    0.10514     0.01948    0.10339
817       0.02083    0.10514     0.01948    0.10339
818       0.02083    0.10514     0.01948    0.10339
819       0.02083    0.10514     0.01948    0.10339
820       0.02083    0.10514     0.01948    0.10339
821       0.02083    0.10513     0.01947    0.10339
822       0.02082    0.10513     0.01947    0.10339
823       0.02082    0.10513     0.01947    0.10338
824       0.02082    0.10513     0.01947    0.10338
825       0.02082    0.10513     0.01947    0.10338
826       0.02082    0.10513     0.01947    0.10338
827       0.02082    0.10513     0.01947    0.10338
828       0.02082    0.10513     0.01947    0.10338
829       0.02082    0.10512     0.01947    0.10338
830       0.02082    0.10512     0.01947    0.10338
831       0.02082    0.10512     0.01947    0.10338
832       0.02082    0.10512     0.01947    0.10338
833       0.02082    0.10512     0.01947    0.10338
834       0.02082    0.10512     0.01947    0.10338
835       0.02082    0.10512     0.01947    0.10337
836       0.02082    0.10512     0.01947    0.10337
837       0.02082    0.10511     0.01947    0.10337
838       0.02082    0.10511     0.01947    0.10337
839       0.02082    0.10511     0.01947    0.10337
840       0.02082    0.10511     0.01947    0.10337
841       0.02082    0.10511     0.01947    0.10337
842       0.02082    0.10511     0.01947    0.10337
843       0.02082    0.10511     0.01947    0.10337
844       0.02081    0.10511     0.01947    0.10337
845       0.02081    0.10510     0.01947    0.10337
846       0.02081    0.10510     0.01947    0.10337
847       0.02081    0.10510     0.01947    0.10337
848       0.02081    0.10510     0.01947    0.10336
849       0.02081    0.10510     0.01947    0.10336
850       0.02081    0.10510     0.01947    0.10336
851       0.02081    0.10510     0.01947    0.10336
852       0.02081    0.10510     0.01947    0.10336
853       0.02081    0.10509     0.01947    0.10336
854       0.02081    0.10509     0.01947    0.10336
855       0.02081    0.10509     0.01946    0.10336
856       0.02081    0.10509     0.01946    0.10336
857       0.02081    0.10509     0.01946    0.10336
858       0.02081    0.10509     0.01946    0.10336
859       0.02081    0.10509     0.01946    0.10336
860       0.02081    0.10509     0.01946    0.10336
861       0.02081    0.10509     0.01946    0.10336
862       0.02081    0.10508     0.01946    0.10335
863       0.02081    0.10508     0.01946    0.10335
864       0.02081    0.10508     0.01946    0.10335
865       0.02081    0.10508     0.01946    0.10335
866       0.02081    0.10508     0.01946    0.10335
867       0.02081    0.10508     0.01946    0.10335
868       0.02080    0.10508     0.01946    0.10335
869       0.02080    0.10508     0.01946    0.10335
870       0.02080    0.10508     0.01946    0.10335
871       0.02080    0.10507     0.01946    0.10335
872       0.02080    0.10507     0.01946    0.10335
873       0.02080    0.10507     0.01946    0.10335
874       0.02080    0.10507     0.01946    0.10335
875       0.02080    0.10507     0.01946    0.10335
876       0.02080    0.10507     0.01946    0.10335
877       0.02080    0.10507     0.01946    0.10334
878       0.02080    0.10507     0.01946    0.10334
879       0.02080    0.10507     0.01946    0.10334
880       0.02080    0.10506     0.01946    0.10334
881       0.02080    0.10506     0.01946    0.10334
882       0.02080    0.10506     0.01946    0.10334
883       0.02080    0.10506     0.01946    0.10334
884       0.02080    0.10506     0.01946    0.10334
885       0.02080    0.10506     0.01946    0.10334
886       0.02080    0.10506     0.01946    0.10334
887       0.02080    0.10506     0.01946    0.10334
888       0.02080    0.10506     0.01946    0.10334
889       0.02080    0.10505     0.01946    0.10334
890       0.02080    0.10505     0.01946    0.10334
891       0.02080    0.10505     0.01946    0.10334
892       0.02080    0.10505     0.01946    0.10333
893       0.02079    0.10505     0.01946    0.10333
894       0.02079    0.10505     0.01946    0.10333
895       0.02079    0.10505     0.01945    0.10333
896       0.02079    0.10505     0.01945    0.10333
897       0.02079    0.10505     0.01945    0.10333
898       0.02079    0.10505     0.01945    0.10333
899       0.02079    0.10505     0.01945    0.10333
900       0.02079    0.10504     0.01945    0.10333
901       0.02079    0.10504     0.01945    0.10333
902       0.02079    0.10504     0.01945    0.10333
903       0.02079    0.10504     0.01945    0.10333
904       0.02079    0.10504     0.01945    0.10333
905       0.02079    0.10504     0.01945    0.10333
906       0.02079    0.10504     0.01945    0.10333
907       0.02079    0.10504     0.01945    0.10333
908       0.02079    0.10504     0.01945    0.10332
909       0.02079    0.10504     0.01945    0.10332
910       0.02079    0.10503     0.01945    0.10332
911       0.02079    0.10503     0.01945    0.10332
912       0.02079    0.10503     0.01945    0.10332
913       0.02079    0.10503     0.01945    0.10332
914       0.02079    0.10503     0.01945    0.10332
915       0.02079    0.10503     0.01945    0.10332
916       0.02079    0.10503     0.01945    0.10332
917       0.02079    0.10503     0.01945    0.10332
918       0.02079    0.10503     0.01945    0.10332
919       0.02079    0.10503     0.01945    0.10332
920       0.02079    0.10503     0.01945    0.10332
921       0.02078    0.10502     0.01945    0.10332
922       0.02078    0.10502     0.01945    0.10332
923       0.02078    0.10502     0.01945    0.10332
924       0.02078    0.10502     0.01945    0.10332
925       0.02078    0.10502     0.01945    0.10332
926       0.02078    0.10502     0.01945    0.10331
927       0.02078    0.10502     0.01945    0.10331
928       0.02078    0.10502     0.01945    0.10331
929       0.02078    0.10502     0.01945    0.10331
930       0.02078    0.10502     0.01945    0.10331
931       0.02078    0.10502     0.01945    0.10331
932       0.02078    0.10501     0.01945    0.10331
933       0.02078    0.10501     0.01945    0.10331
934       0.02078    0.10501     0.01945    0.10331
935       0.02078    0.10501     0.01945    0.10331
936       0.02078    0.10501     0.01945    0.10331
937       0.02078    0.10501     0.01945    0.10331
938       0.02078    0.10501     0.01945    0.10331
939       0.02078    0.10501     0.01945    0.10331
940       0.02078    0.10501     0.01945    0.10331
941       0.02078    0.10501     0.01945    0.10331
942       0.02078    0.10501     0.01945    0.10331
943       0.02078    0.10501     0.01945    0.10331
944       0.02078    0.10500     0.01944    0.10331
945       0.02078    0.10500     0.01944    0.10330
946       0.02078    0.10500     0.01944    0.10330
947       0.02078    0.10500     0.01944    0.10330
948       0.02078    0.10500     0.01944    0.10330
949       0.02078    0.10500     0.01944    0.10330
950       0.02078    0.10500     0.01944    0.10330
951       0.02077    0.10500     0.01944    0.10330
952       0.02077    0.10500     0.01944    0.10330
953       0.02077    0.10500     0.01944    0.10330
954       0.02077    0.10500     0.01944    0.10330
955       0.02077    0.10500     0.01944    0.10330
956       0.02077    0.10499     0.01944    0.10330
957       0.02077    0.10499     0.01944    0.10330
958       0.02077    0.10499     0.01944    0.10330
959       0.02077    0.10499     0.01944    0.10330
960       0.02077    0.10499     0.01944    0.10330
961       0.02077    0.10499     0.01944    0.10330
962       0.02077    0.10499     0.01944    0.10330
963       0.02077    0.10499     0.01944    0.10330
964       0.02077    0.10499     0.01944    0.10329
965       0.02077    0.10499     0.01944    0.10329
966       0.02077    0.10499     0.01944    0.10329
967       0.02077    0.10499     0.01944    0.10329
968       0.02077    0.10499     0.01944    0.10329
969       0.02077    0.10499     0.01944    0.10329
970       0.02077    0.10498     0.01944    0.10329
971       0.02077    0.10498     0.01944    0.10329
972       0.02077    0.10498     0.01944    0.10329
973       0.02077    0.10498     0.01944    0.10329
974       0.02077    0.10498     0.01944    0.10329
975       0.02077    0.10498     0.01944    0.10329
976       0.02077    0.10498     0.01944    0.10329
977       0.02077    0.10498     0.01944    0.10329
978       0.02077    0.10498     0.01944    0.10329
979       0.02077    0.10498     0.01944    0.10329
980       0.02077    0.10498     0.01944    0.10329
981       0.02077    0.10498     0.01944    0.10329
982       0.02077    0.10498     0.01944    0.10329
983       0.02077    0.10498     0.01944    0.10329
984       0.02077    0.10497     0.01944    0.10329
985       0.02076    0.10497     0.01944    0.10328
986       0.02076    0.10497     0.01944    0.10328
987       0.02076    0.10497     0.01944    0.10328
988       0.02076    0.10497     0.01944    0.10328
989       0.02076    0.10497     0.01944    0.10328
990       0.02076    0.10497     0.01944    0.10328
991       0.02076    0.10497     0.01944    0.10328
992       0.02076    0.10497     0.01944    0.10328
993       0.02076    0.10497     0.01944    0.10328
994       0.02076    0.10497     0.01944    0.10328
995       0.02076    0.10497     0.01944    0.10328
996       0.02076    0.10497     0.01944    0.10328
997       0.02076    0.10497     0.01944    0.10328
998       0.02076    0.10496     0.01944    0.10328
999       0.02076    0.10496     0.01944    0.10328
1000       0.02076    0.10496     0.01944    0.10328
1001       0.02076    0.10496     0.01944    0.10328
1002       0.02076    0.10496     0.01944    0.10328
1003       0.02076    0.10496     0.01944    0.10328
1004       0.02076    0.10496     0.01944    0.10328
1005       0.02076    0.10496     0.01944    0.10328
1006       0.02076    0.10496     0.01944    0.10328
1007       0.02076    0.10496     0.01944    0.10327
1008       0.02076    0.10496     0.01944    0.10327
1009       0.02076    0.10496     0.01943    0.10327
1010       0.02076    0.10496     0.01943    0.10327
1011       0.02076    0.10496     0.01943    0.10327
1012       0.02076    0.10496     0.01943    0.10327
1013       0.02076    0.10496     0.01943    0.10327
1014       0.02076    0.10495     0.01943    0.10327
1015       0.02076    0.10495     0.01943    0.10327
1016       0.02076    0.10495     0.01943    0.10327
1017       0.02076    0.10495     0.01943    0.10327
1018       0.02076    0.10495     0.01943    0.10327
1019       0.02076    0.10495     0.01943    0.10327
1020       0.02076    0.10495     0.01943    0.10327
1021       0.02076    0.10495     0.01943    0.10327
1022       0.02075    0.10495     0.01943    0.10327
1023       0.02075    0.10495     0.01943    0.10327
1024       0.02075    0.10495     0.01943    0.10327
1025       0.02075    0.10495     0.01943    0.10327
1026       0.02075    0.10495     0.01943    0.10327
1027       0.02075    0.10495     0.01943    0.10327
1028       0.02075    0.10495     0.01943    0.10327
1029       0.02075    0.10495     0.01943    0.10327
1030       0.02075    0.10494     0.01943    0.10327
1031       0.02075    0.10494     0.01943    0.10326
1032       0.02075    0.10494     0.01943    0.10326
1033       0.02075    0.10494     0.01943    0.10326
1034       0.02075    0.10494     0.01943    0.10326
1035       0.02075    0.10494     0.01943    0.10326
1036       0.02075    0.10494     0.01943    0.10326
1037       0.02075    0.10494     0.01943    0.10326
1038       0.02075    0.10494     0.01943    0.10326
1039       0.02075    0.10494     0.01943    0.10326
1040       0.02075    0.10494     0.01943    0.10326
1041       0.02075    0.10494     0.01943    0.10326
1042       0.02075    0.10494     0.01943    0.10326
1043       0.02075    0.10494     0.01943    0.10326
1044       0.02075    0.10494     0.01943    0.10326
1045       0.02075    0.10494     0.01943    0.10326
1046       0.02075    0.10494     0.01943    0.10326
1047       0.02075    0.10494     0.01943    0.10326
1048       0.02075    0.10493     0.01943    0.10326
1049       0.02075    0.10493     0.01943    0.10326
1050       0.02075    0.10493     0.01943    0.10326
1051       0.02075    0.10493     0.01943    0.10326
1052       0.02075    0.10493     0.01943    0.10326
1053       0.02075    0.10493     0.01943    0.10326
1054       0.02075    0.10493     0.01943    0.10326
1055       0.02075    0.10493     0.01943    0.10326
1056       0.02075    0.10493     0.01943    0.10326
1057       0.02075    0.10493     0.01943    0.10326
1058       0.02075    0.10493     0.01943    0.10326
1059       0.02075    0.10493     0.01943    0.10326
1060       0.02075    0.10493     0.01943    0.10326
1061       0.02075    0.10493     0.01943    0.10325
1062       0.02075    0.10493     0.01943    0.10325    0.02103    0.10431