Ciclo   TrainMSE   TrainMAE   ValidMSE   ValidMAE   TestMSE     TestMAE
----------------------------------------------------------------------- 
0       0.03311    0.13154     0.03242    0.13088
1       0.03114    0.12789     0.03041    0.12704
2       0.03027    0.12623     0.02956    0.12528
3       0.02982    0.12534     0.02912    0.12438
4       0.02956    0.12480     0.02887    0.12384
5       0.02939    0.12446     0.02872    0.12351
6       0.02928    0.12422     0.02861    0.12328
7       0.02920    0.12406     0.02854    0.12313
8       0.02914    0.12394     0.02848    0.12301
9       0.02910    0.12385     0.02844    0.12293
10       0.02906    0.12378     0.02841    0.12287
11       0.02904    0.12373     0.02839    0.12282
12       0.02902    0.12369     0.02837    0.12279
13       0.02901    0.12366     0.02836    0.12276
14       0.02900    0.12364     0.02835    0.12274
15       0.02899    0.12362     0.02834    0.12273
16       0.02898    0.12361     0.02834    0.12271
17       0.02898    0.12360     0.02833    0.12270
18       0.02897    0.12359     0.02833    0.12270
19       0.02897    0.12358     0.02833    0.12269
20       0.02897    0.12358     0.02832    0.12269
21       0.02897    0.12358     0.02832    0.12268
22       0.02897    0.12357     0.02832    0.12268
23       0.02897    0.12357     0.02832    0.12268
24       0.02896    0.12357     0.02832    0.12268
25       0.02896    0.12357     0.02832    0.12268
26       0.02896    0.12357     0.02832    0.12268
27       0.02896    0.12357     0.02832    0.12268
28       0.02896    0.12357     0.02832    0.12268
29       0.02896    0.12357     0.02832    0.12268
30       0.02896    0.12357     0.02832    0.12267
31       0.02896    0.12357     0.02832    0.12267
32       0.02896    0.12357     0.02832    0.12267
33       0.02896    0.12357     0.02832    0.12267
34       0.02896    0.12357     0.02832    0.12267
35       0.02896    0.12357     0.02832    0.12267
36       0.02896    0.12357     0.02832    0.12267
37       0.02896    0.12356     0.02832    0.12267
38       0.02896    0.12356     0.02832    0.12267
39       0.02896    0.12356     0.02832    0.12267
40       0.02896    0.12356     0.02832    0.12267
41       0.02896    0.12356     0.02832    0.12267
42       0.02896    0.12356     0.02832    0.12267
43       0.02896    0.12356     0.02832    0.12267
44       0.02896    0.12356     0.02832    0.12267
45       0.02896    0.12356     0.02832    0.12267
46       0.02896    0.12356     0.02832    0.12267
47       0.02896    0.12356     0.02832    0.12267
48       0.02896    0.12356     0.02832    0.12267
49       0.02896    0.12356     0.02832    0.12267
50       0.02896    0.12356     0.02832    0.12267
51       0.02896    0.12356     0.02832    0.12267
52       0.02896    0.12356     0.02832    0.12267
53       0.02896    0.12356     0.02832    0.12267
54       0.02896    0.12356     0.02832    0.12267
55       0.02896    0.12356     0.02832    0.12267
56       0.02896    0.12356     0.02832    0.12267
57       0.02896    0.12356     0.02832    0.12267
58       0.02896    0.12356     0.02832    0.12267
59       0.02896    0.12356     0.02832    0.12267
60       0.02896    0.12356     0.02832    0.12267
61       0.02896    0.12356     0.02832    0.12267
62       0.02896    0.12356     0.02832    0.12267
63       0.02896    0.12356     0.02832    0.12267
64       0.02896    0.12356     0.02832    0.12267
65       0.02896    0.12356     0.02832    0.12267
66       0.02896    0.12356     0.02832    0.12267
67       0.02896    0.12356     0.02832    0.12267
68       0.02896    0.12356     0.02832    0.12267
69       0.02896    0.12356     0.02832    0.12267
70       0.02896    0.12356     0.02832    0.12267
71       0.02896    0.12356     0.02832    0.12267
72       0.02896    0.12356     0.02832    0.12267
73       0.02896    0.12356     0.02832    0.12267
74       0.02896    0.12356     0.02832    0.12267
75       0.02896    0.12356     0.02832    0.12267
76       0.02896    0.12356     0.02832    0.12267
77       0.02896    0.12356     0.02832    0.12267
78       0.02896    0.12356     0.02832    0.12267
79       0.02896    0.12356     0.02832    0.12267
80       0.02896    0.12356     0.02832    0.12267
81       0.02896    0.12356     0.02832    0.12267
82       0.02896    0.12356     0.02832    0.12267
83       0.02896    0.12356     0.02832    0.12267
84       0.02896    0.12356     0.02832    0.12267
85       0.02896    0.12356     0.02832    0.12267
86       0.02896    0.12356     0.02832    0.12267
87       0.02896    0.12356     0.02832    0.12267
88       0.02896    0.12356     0.02832    0.12267
89       0.02896    0.12356     0.02832    0.12267
90       0.02896    0.12356     0.02832    0.12267
91       0.02896    0.12356     0.02832    0.12267
92       0.02896    0.12356     0.02832    0.12267
93       0.02896    0.12356     0.02832    0.12267
94       0.02896    0.12356     0.02832    0.12267
95       0.02896    0.12356     0.02832    0.12267
96       0.02896    0.12356     0.02832    0.12267
97       0.02896    0.12356     0.02832    0.12267
98       0.02896    0.12356     0.02832    0.12267
99       0.02896    0.12356     0.02832    0.12267
100       0.02896    0.12356     0.02832    0.12267
101       0.02896    0.12356     0.02832    0.12267
102       0.02896    0.12356     0.02832    0.12267
103       0.02896    0.12356     0.02832    0.12267
104       0.02896    0.12356     0.02832    0.12267
105       0.02896    0.12356     0.02832    0.12267
106       0.02896    0.12356     0.02832    0.12267
107       0.02896    0.12356     0.02832    0.12267
108       0.02896    0.12356     0.02832    0.12267
109       0.02896    0.12356     0.02832    0.12267
110       0.02896    0.12356     0.02832    0.12267
111       0.02896    0.12356     0.02832    0.12267
112       0.02896    0.12356     0.02832    0.12267
113       0.02896    0.12356     0.02832    0.12267
114       0.02896    0.12356     0.02832    0.12267
115       0.02896    0.12356     0.02832    0.12267
116       0.02896    0.12356     0.02832    0.12267
117       0.02896    0.12356     0.02832    0.12267
118       0.02896    0.12356     0.02832    0.12267
119       0.02896    0.12356     0.02832    0.12267
120       0.02896    0.12356     0.02832    0.12267
121       0.02896    0.12356     0.02832    0.12267
122       0.02896    0.12356     0.02832    0.12267
123       0.02896    0.12356     0.02832    0.12267
124       0.02896    0.12356     0.02832    0.12267
125       0.02896    0.12356     0.02832    0.12267
126       0.02896    0.12356     0.02832    0.12267
127       0.02896    0.12356     0.02832    0.12267
128       0.02896    0.12356     0.02832    0.12267
129       0.02896    0.12356     0.02832    0.12267
130       0.02896    0.12356     0.02832    0.12267
131       0.02896    0.12356     0.02832    0.12267
132       0.02896    0.12356     0.02832    0.12267
133       0.02896    0.12356     0.02832    0.12267
134       0.02896    0.12356     0.02832    0.12267
135       0.02896    0.12356     0.02832    0.12267
136       0.02896    0.12356     0.02832    0.12267
137       0.02896    0.12356     0.02832    0.12267
138       0.02896    0.12356     0.02832    0.12267
139       0.02896    0.12356     0.02832    0.12267
140       0.02896    0.12356     0.02832    0.12267
141       0.02896    0.12356     0.02832    0.12267
142       0.02896    0.12356     0.02832    0.12267
143       0.02896    0.12356     0.02832    0.12267
144       0.02896    0.12356     0.02832    0.12267
145       0.02896    0.12356     0.02832    0.12267
146       0.02896    0.12356     0.02832    0.12267
147       0.02896    0.12356     0.02832    0.12267
148       0.02896    0.12356     0.02832    0.12267
149       0.02896    0.12356     0.02832    0.12267
150       0.02896    0.12356     0.02832    0.12267
151       0.02896    0.12356     0.02832    0.12267
152       0.02896    0.12356     0.02832    0.12267
153       0.02896    0.12356     0.02832    0.12267
154       0.02896    0.12356     0.02832    0.12267
155       0.02896    0.12356     0.02832    0.12267
156       0.02896    0.12356     0.02832    0.12267
157       0.02896    0.12356     0.02832    0.12267
158       0.02896    0.12356     0.02832    0.12267
159       0.02896    0.12356     0.02832    0.12267
160       0.02896    0.12356     0.02832    0.12267
161       0.02896    0.12356     0.02832    0.12267
162       0.02896    0.12356     0.02832    0.12267
163       0.02896    0.12356     0.02832    0.12267
164       0.02896    0.12356     0.02832    0.12267
165       0.02896    0.12356     0.02832    0.12267
166       0.02896    0.12356     0.02832    0.12267
167       0.02896    0.12356     0.02832    0.12267
168       0.02896    0.12356     0.02832    0.12267
169       0.02896    0.12356     0.02832    0.12267
170       0.02896    0.12356     0.02832    0.12267
171       0.02896    0.12356     0.02832    0.12267
172       0.02896    0.12356     0.02832    0.12267
173       0.02896    0.12356     0.02832    0.12267
174       0.02896    0.12356     0.02832    0.12267
175       0.02896    0.12356     0.02832    0.12267
176       0.02896    0.12356     0.02832    0.12267
177       0.02896    0.12356     0.02832    0.12267
178       0.02896    0.12356     0.02832    0.12267
179       0.02896    0.12356     0.02832    0.12267
180       0.02896    0.12356     0.02832    0.12267
181       0.02896    0.12356     0.02832    0.12267
182       0.02896    0.12356     0.02832    0.12267
183       0.02896    0.12356     0.02832    0.12267
184       0.02896    0.12356     0.02832    0.12267
185       0.02896    0.12356     0.02832    0.12267
186       0.02896    0.12356     0.02832    0.12267
187       0.02896    0.12356     0.02832    0.12267
188       0.02896    0.12356     0.02832    0.12267
189       0.02896    0.12356     0.02832    0.12267
190       0.02896    0.12356     0.02832    0.12267
191       0.02896    0.12356     0.02832    0.12267
192       0.02896    0.12356     0.02832    0.12267
193       0.02896    0.12356     0.02832    0.12267
194       0.02896    0.12356     0.02832    0.12267
195       0.02896    0.12356     0.02832    0.12267
196       0.02896    0.12356     0.02832    0.12267
197       0.02896    0.12356     0.02832    0.12267
198       0.02896    0.12356     0.02832    0.12267
199       0.02896    0.12356     0.02832    0.12267
200       0.02896    0.12356     0.02832    0.12267
201       0.02896    0.12356     0.02832    0.12267
202       0.02896    0.12356     0.02832    0.12267
203       0.02896    0.12356     0.02832    0.12267
204       0.02896    0.12356     0.02832    0.12267
205       0.02896    0.12356     0.02832    0.12267
206       0.02896    0.12356     0.02832    0.12267
207       0.02896    0.12356     0.02832    0.12267
208       0.02896    0.12356     0.02832    0.12267
209       0.02896    0.12356     0.02832    0.12267
210       0.02896    0.12356     0.02832    0.12267
211       0.02896    0.12356     0.02832    0.12267
212       0.02896    0.12356     0.02832    0.12267
213       0.02896    0.12356     0.02832    0.12267
214       0.02896    0.12356     0.02832    0.12267
215       0.02896    0.12356     0.02832    0.12267
216       0.02896    0.12356     0.02832    0.12267
217       0.02896    0.12356     0.02832    0.12267
218       0.02896    0.12356     0.02832    0.12267
219       0.02896    0.12356     0.02832    0.12267
220       0.02896    0.12356     0.02832    0.12267
221       0.02896    0.12356     0.02832    0.12267
222       0.02896    0.12356     0.02832    0.12267
223       0.02896    0.12356     0.02832    0.12267
224       0.02896    0.12356     0.02832    0.12267
225       0.02896    0.12356     0.02832    0.12267
226       0.02896    0.12356     0.02832    0.12267
227       0.02896    0.12356     0.02832    0.12267
228       0.02896    0.12356     0.02832    0.12267
229       0.02896    0.12356     0.02832    0.12267
230       0.02896    0.12356     0.02832    0.12267
231       0.02896    0.12356     0.02832    0.12267
232       0.02896    0.12356     0.02832    0.12267
233       0.02896    0.12356     0.02832    0.12267
234       0.02896    0.12356     0.02832    0.12267
235       0.02896    0.12356     0.02832    0.12267
236       0.02896    0.12356     0.02832    0.12267
237       0.02896    0.12356     0.02832    0.12267
238       0.02896    0.12356     0.02832    0.12267
239       0.02896    0.12356     0.02832    0.12267
240       0.02896    0.12356     0.02832    0.12267
241       0.02896    0.12356     0.02832    0.12267
242       0.02896    0.12356     0.02832    0.12267
243       0.02896    0.12356     0.02832    0.12267
244       0.02896    0.12356     0.02832    0.12267
245       0.02896    0.12356     0.02832    0.12267
246       0.02896    0.12356     0.02832    0.12267
247       0.02896    0.12356     0.02832    0.12267
248       0.02896    0.12356     0.02832    0.12267
249       0.02896    0.12356     0.02832    0.12267
250       0.02896    0.12356     0.02832    0.12267
251       0.02896    0.12356     0.02832    0.12267
252       0.02896    0.12356     0.02832    0.12267
253       0.02896    0.12356     0.02832    0.12267
254       0.02896    0.12356     0.02832    0.12267
255       0.02896    0.12356     0.02832    0.12267
256       0.02896    0.12356     0.02832    0.12267
257       0.02896    0.12356     0.02832    0.12267
258       0.02896    0.12356     0.02832    0.12267
259       0.02896    0.12356     0.02832    0.12267
260       0.02896    0.12356     0.02832    0.12267
261       0.02896    0.12356     0.02832    0.12267
262       0.02896    0.12356     0.02832    0.12267
263       0.02896    0.12356     0.02832    0.12267
264       0.02896    0.12356     0.02832    0.12267
265       0.02896    0.12356     0.02832    0.12267
266       0.02896    0.12356     0.02832    0.12267
267       0.02896    0.12356     0.02832    0.12267
268       0.02896    0.12356     0.02832    0.12267
269       0.02896    0.12356     0.02832    0.12267
270       0.02896    0.12356     0.02832    0.12267
271       0.02896    0.12356     0.02832    0.12267
272       0.02896    0.12356     0.02832    0.12267
273       0.02896    0.12356     0.02832    0.12267
274       0.02896    0.12356     0.02832    0.12267
275       0.02896    0.12356     0.02832    0.12267
276       0.02896    0.12356     0.02832    0.12267
277       0.02896    0.12356     0.02832    0.12267
278       0.02896    0.12356     0.02832    0.12267
279       0.02896    0.12356     0.02832    0.12267
280       0.02896    0.12356     0.02832    0.12267
281       0.02896    0.12356     0.02832    0.12267
282       0.02896    0.12356     0.02832    0.12267
283       0.02896    0.12356     0.02832    0.12267
284       0.02896    0.12356     0.02832    0.12267
285       0.02896    0.12356     0.02832    0.12267
286       0.02896    0.12356     0.02832    0.12267
287       0.02896    0.12356     0.02832    0.12267
288       0.02896    0.12356     0.02832    0.12267
289       0.02896    0.12356     0.02832    0.12267
290       0.02896    0.12356     0.02832    0.12267
291       0.02896    0.12356     0.02832    0.12267
292       0.02896    0.12356     0.02832    0.12267
293       0.02896    0.12356     0.02832    0.12267
294       0.02896    0.12356     0.02832    0.12267
295       0.02896    0.12356     0.02832    0.12267
296       0.02896    0.12356     0.02832    0.12267
297       0.02896    0.12356     0.02832    0.12267
298       0.02896    0.12356     0.02832    0.12267
299       0.02896    0.12356     0.02832    0.12267
300       0.02896    0.12356     0.02832    0.12267
301       0.02896    0.12356     0.02832    0.12267
302       0.02896    0.12356     0.02832    0.12267
303       0.02896    0.12356     0.02832    0.12267
304       0.02896    0.12356     0.02832    0.12267
305       0.02896    0.12356     0.02832    0.12267
306       0.02896    0.12356     0.02832    0.12267
307       0.02896    0.12356     0.02832    0.12267
308       0.02896    0.12356     0.02832    0.12267
309       0.02896    0.12356     0.02832    0.12267
310       0.02896    0.12356     0.02832    0.12267
311       0.02896    0.12356     0.02832    0.12267
312       0.02896    0.12356     0.02832    0.12267
313       0.02896    0.12356     0.02832    0.12267
314       0.02896    0.12356     0.02832    0.12267
315       0.02896    0.12356     0.02832    0.12267
316       0.02896    0.12356     0.02832    0.12267
317       0.02896    0.12356     0.02832    0.12267
318       0.02896    0.12356     0.02832    0.12267
319       0.02896    0.12356     0.02832    0.12267
320       0.02896    0.12356     0.02832    0.12267
321       0.02896    0.12356     0.02832    0.12267
322       0.02896    0.12356     0.02832    0.12267
323       0.02896    0.12356     0.02832    0.12267
324       0.02896    0.12356     0.02832    0.12267
325       0.02896    0.12356     0.02832    0.12267
326       0.02896    0.12356     0.02832    0.12267
327       0.02896    0.12356     0.02832    0.12267
328       0.02896    0.12356     0.02832    0.12267
329       0.02896    0.12356     0.02832    0.12267
330       0.02896    0.12356     0.02832    0.12267
331       0.02896    0.12356     0.02832    0.12267
332       0.02896    0.12356     0.02832    0.12267
333       0.02896    0.12356     0.02832    0.12267
334       0.02896    0.12356     0.02832    0.12267
335       0.02896    0.12356     0.02832    0.12267
336       0.02896    0.12356     0.02832    0.12267
337       0.02896    0.12356     0.02832    0.12267
338       0.02896    0.12356     0.02832    0.12267
339       0.02896    0.12356     0.02832    0.12267
340       0.02896    0.12356     0.02832    0.12267
341       0.02896    0.12356     0.02832    0.12267
342       0.02896    0.12356     0.02832    0.12267
343       0.02896    0.12356     0.02832    0.12267
344       0.02896    0.12356     0.02832    0.12267
345       0.02896    0.12356     0.02832    0.12267
346       0.02896    0.12356     0.02832    0.12267
347       0.02896    0.12356     0.02832    0.12267
348       0.02896    0.12356     0.02832    0.12267
349       0.02896    0.12356     0.02832    0.12267
350       0.02896    0.12356     0.02832    0.12267
351       0.02896    0.12356     0.02832    0.12267
352       0.02896    0.12356     0.02832    0.12267
353       0.02896    0.12356     0.02832    0.12267
354       0.02896    0.12356     0.02832    0.12267
355       0.02896    0.12356     0.02832    0.12267
356       0.02896    0.12356     0.02832    0.12267
357       0.02896    0.12356     0.02832    0.12267
358       0.02896    0.12356     0.02832    0.12267
359       0.02896    0.12356     0.02832    0.12267
360       0.02896    0.12356     0.02832    0.12267
361       0.02896    0.12356     0.02832    0.12267
362       0.02896    0.12356     0.02832    0.12267
363       0.02896    0.12356     0.02832    0.12267
364       0.02896    0.12356     0.02832    0.12267
365       0.02896    0.12356     0.02832    0.12267
366       0.02896    0.12356     0.02832    0.12267
367       0.02896    0.12356     0.02832    0.12267
368       0.02896    0.12356     0.02832    0.12267
369       0.02896    0.12356     0.02832    0.12267
370       0.02896    0.12356     0.02832    0.12267
371       0.02896    0.12356     0.02832    0.12267
372       0.02896    0.12356     0.02832    0.12267
373       0.02896    0.12356     0.02832    0.12267
374       0.02896    0.12356     0.02832    0.12267
375       0.02896    0.12356     0.02832    0.12267
376       0.02896    0.12356     0.02832    0.12267
377       0.02896    0.12356     0.02832    0.12267
378       0.02896    0.12356     0.02832    0.12267
379       0.02896    0.12356     0.02832    0.12267
380       0.02896    0.12356     0.02832    0.12267
381       0.02896    0.12356     0.02832    0.12267
382       0.02896    0.12356     0.02832    0.12267
383       0.02896    0.12356     0.02832    0.12267
384       0.02896    0.12356     0.02832    0.12267
385       0.02896    0.12356     0.02832    0.12267
386       0.02896    0.12356     0.02832    0.12267
387       0.02896    0.12356     0.02832    0.12267
388       0.02896    0.12356     0.02832    0.12267
389       0.02896    0.12356     0.02832    0.12267
390       0.02896    0.12356     0.02832    0.12267
391       0.02896    0.12356     0.02832    0.12267
392       0.02896    0.12356     0.02832    0.12267
393       0.02896    0.12356     0.02832    0.12267
394       0.02896    0.12356     0.02832    0.12267
395       0.02896    0.12356     0.02832    0.12267
396       0.02896    0.12356     0.02832    0.12267
397       0.02896    0.12356     0.02832    0.12267
398       0.02896    0.12356     0.02832    0.12267
399       0.02896    0.12356     0.02832    0.12267
400       0.02896    0.12356     0.02832    0.12267
401       0.02896    0.12356     0.02832    0.12267
402       0.02896    0.12356     0.02832    0.12267
403       0.02896    0.12356     0.02832    0.12267
404       0.02896    0.12356     0.02832    0.12267
405       0.02896    0.12356     0.02832    0.12267
406       0.02896    0.12356     0.02832    0.12267
407       0.02896    0.12356     0.02832    0.12267
408       0.02896    0.12356     0.02832    0.12267
409       0.02896    0.12356     0.02832    0.12267
410       0.02896    0.12356     0.02832    0.12267
411       0.02896    0.12356     0.02832    0.12267
412       0.02896    0.12356     0.02832    0.12267
413       0.02896    0.12356     0.02832    0.12267
414       0.02896    0.12356     0.02832    0.12267
415       0.02896    0.12356     0.02832    0.12267
416       0.02896    0.12356     0.02832    0.12267
417       0.02896    0.12356     0.02832    0.12267
418       0.02896    0.12356     0.02832    0.12267
419       0.02896    0.12356     0.02832    0.12267
420       0.02896    0.12356     0.02832    0.12267
421       0.02896    0.12356     0.02832    0.12267
422       0.02896    0.12356     0.02832    0.12267
423       0.02896    0.12356     0.02832    0.12267
424       0.02896    0.12356     0.02832    0.12267
425       0.02896    0.12356     0.02832    0.12267
426       0.02896    0.12356     0.02832    0.12267
427       0.02896    0.12356     0.02832    0.12267
428       0.02896    0.12356     0.02832    0.12267
429       0.02896    0.12356     0.02832    0.12267
430       0.02896    0.12356     0.02832    0.12267
431       0.02896    0.12356     0.02832    0.12267
432       0.02896    0.12356     0.02832    0.12267
433       0.02896    0.12356     0.02832    0.12267
434       0.02896    0.12356     0.02832    0.12267
435       0.02896    0.12356     0.02832    0.12267
436       0.02896    0.12356     0.02832    0.12267
437       0.02896    0.12356     0.02832    0.12267
438       0.02896    0.12356     0.02832    0.12267
439       0.02896    0.12356     0.02832    0.12267
440       0.02896    0.12356     0.02832    0.12267
441       0.02896    0.12356     0.02832    0.12267
442       0.02896    0.12356     0.02832    0.12267
443       0.02896    0.12356     0.02832    0.12267
444       0.02896    0.12356     0.02832    0.12267
445       0.02896    0.12356     0.02832    0.12267
446       0.02896    0.12356     0.02832    0.12267
447       0.02896    0.12356     0.02832    0.12267
448       0.02896    0.12356     0.02832    0.12267
449       0.02896    0.12356     0.02832    0.12267
450       0.02896    0.12356     0.02832    0.12267
451       0.02896    0.12356     0.02832    0.12267
452       0.02896    0.12356     0.02832    0.12267
453       0.02896    0.12356     0.02832    0.12267
454       0.02896    0.12356     0.02832    0.12267
455       0.02896    0.12356     0.02832    0.12267
456       0.02896    0.12356     0.02832    0.12267
457       0.02896    0.12356     0.02832    0.12267
458       0.02896    0.12356     0.02832    0.12267
459       0.02896    0.12356     0.02832    0.12267
460       0.02896    0.12356     0.02832    0.12267
461       0.02896    0.12356     0.02832    0.12267
462       0.02896    0.12356     0.02832    0.12267
463       0.02896    0.12356     0.02832    0.12267
464       0.02896    0.12356     0.02832    0.12267
465       0.02896    0.12356     0.02832    0.12267
466       0.02896    0.12356     0.02832    0.12267
467       0.02896    0.12356     0.02832    0.12267
468       0.02896    0.12356     0.02832    0.12267
469       0.02896    0.12356     0.02832    0.12267
470       0.02896    0.12356     0.02832    0.12267
471       0.02896    0.12356     0.02832    0.12267
472       0.02896    0.12356     0.02832    0.12267
473       0.02896    0.12356     0.02832    0.12267
474       0.02896    0.12356     0.02832    0.12267
475       0.02896    0.12356     0.02832    0.12267
476       0.02896    0.12356     0.02832    0.12267
477       0.02896    0.12356     0.02832    0.12267
478       0.02896    0.12356     0.02832    0.12267
479       0.02896    0.12356     0.02832    0.12267
480       0.02896    0.12356     0.02832    0.12267
481       0.02896    0.12356     0.02832    0.12267
482       0.02896    0.12356     0.02832    0.12267
483       0.02896    0.12356     0.02832    0.12267
484       0.02896    0.12356     0.02832    0.12267
485       0.02896    0.12356     0.02832    0.12267
486       0.02896    0.12356     0.02832    0.12267
487       0.02896    0.12356     0.02832    0.12267
488       0.02896    0.12356     0.02832    0.12267
489       0.02896    0.12356     0.02832    0.12267
490       0.02896    0.12356     0.02832    0.12267
491       0.02896    0.12356     0.02832    0.12267
492       0.02896    0.12356     0.02832    0.12267
493       0.02896    0.12356     0.02832    0.12267
494       0.02896    0.12356     0.02832    0.12267
495       0.02896    0.12356     0.02832    0.12267
496       0.02896    0.12356     0.02832    0.12267
497       0.02896    0.12356     0.02832    0.12267
498       0.02896    0.12356     0.02832    0.12267
499       0.02896    0.12356     0.02832    0.12267
500       0.02896    0.12356     0.02832    0.12267
501       0.02896    0.12356     0.02832    0.12267
502       0.02896    0.12356     0.02832    0.12267
503       0.02896    0.12356     0.02832    0.12267
504       0.02896    0.12356     0.02832    0.12267
505       0.02896    0.12356     0.02832    0.12267
506       0.02896    0.12356     0.02832    0.12267
507       0.02896    0.12356     0.02832    0.12267
508       0.02896    0.12356     0.02832    0.12267
509       0.02896    0.12356     0.02832    0.12267
510       0.02896    0.12356     0.02832    0.12267
511       0.02896    0.12356     0.02832    0.12267
512       0.02896    0.12356     0.02832    0.12267
513       0.02896    0.12356     0.02832    0.12267
514       0.02896    0.12356     0.02832    0.12267
515       0.02896    0.12356     0.02832    0.12267
516       0.02896    0.12356     0.02832    0.12267
517       0.02896    0.12356     0.02832    0.12267
518       0.02896    0.12356     0.02832    0.12267
519       0.02896    0.12356     0.02832    0.12267
520       0.02896    0.12356     0.02832    0.12267
521       0.02896    0.12356     0.02832    0.12267
522       0.02896    0.12356     0.02832    0.12267
523       0.02896    0.12356     0.02832    0.12267
524       0.02896    0.12356     0.02832    0.12267
525       0.02896    0.12356     0.02832    0.12267
526       0.02896    0.12356     0.02832    0.12267
527       0.02896    0.12356     0.02832    0.12267
528       0.02896    0.12356     0.02832    0.12267
529       0.02896    0.12356     0.02832    0.12267
530       0.02896    0.12356     0.02832    0.12267
531       0.02896    0.12356     0.02832    0.12267
532       0.02896    0.12356     0.02832    0.12267
533       0.02896    0.12356     0.02832    0.12267
534       0.02896    0.12356     0.02832    0.12267
535       0.02896    0.12356     0.02832    0.12267
536       0.02896    0.12356     0.02832    0.12267
537       0.02896    0.12356     0.02832    0.12267
538       0.02896    0.12356     0.02832    0.12267
539       0.02896    0.12356     0.02832    0.12267
540       0.02896    0.12356     0.02832    0.12267
541       0.02896    0.12356     0.02832    0.12267
542       0.02896    0.12356     0.02832    0.12267
543       0.02896    0.12356     0.02832    0.12267
544       0.02896    0.12356     0.02832    0.12267
545       0.02896    0.12356     0.02832    0.12267
546       0.02896    0.12356     0.02832    0.12267
547       0.02896    0.12356     0.02832    0.12267
548       0.02896    0.12356     0.02832    0.12267
549       0.02896    0.12356     0.02832    0.12267
550       0.02896    0.12356     0.02832    0.12267
551       0.02896    0.12356     0.02832    0.12267
552       0.02896    0.12356     0.02832    0.12267
553       0.02896    0.12356     0.02832    0.12267
554       0.02896    0.12356     0.02832    0.12267
555       0.02896    0.12356     0.02832    0.12267
556       0.02896    0.12356     0.02832    0.12267
557       0.02896    0.12356     0.02832    0.12267
558       0.02896    0.12356     0.02832    0.12267
559       0.02896    0.12356     0.02832    0.12267
560       0.02896    0.12356     0.02832    0.12267
561       0.02896    0.12356     0.02832    0.12267
562       0.02896    0.12356     0.02832    0.12267
563       0.02896    0.12356     0.02832    0.12267
564       0.02896    0.12356     0.02832    0.12267
565       0.02896    0.12356     0.02832    0.12267
566       0.02896    0.12356     0.02832    0.12267
567       0.02896    0.12356     0.02832    0.12267
568       0.02896    0.12356     0.02832    0.12267
569       0.02896    0.12356     0.02832    0.12267
570       0.02896    0.12356     0.02832    0.12267
571       0.02896    0.12356     0.02832    0.12267
572       0.02896    0.12356     0.02832    0.12267
573       0.02896    0.12356     0.02832    0.12267
574       0.02896    0.12356     0.02832    0.12267
575       0.02896    0.12356     0.02832    0.12267
576       0.02896    0.12356     0.02832    0.12267
577       0.02896    0.12356     0.02832    0.12267
578       0.02896    0.12356     0.02832    0.12267
579       0.02896    0.12356     0.02832    0.12267
580       0.02896    0.12356     0.02832    0.12267
581       0.02896    0.12356     0.02832    0.12267
582       0.02896    0.12356     0.02832    0.12267
583       0.02896    0.12356     0.02832    0.12267
584       0.02896    0.12356     0.02832    0.12267
585       0.02896    0.12356     0.02832    0.12267
586       0.02896    0.12356     0.02832    0.12267
587       0.02896    0.12356     0.02832    0.12267
588       0.02896    0.12356     0.02832    0.12267
589       0.02896    0.12356     0.02832    0.12267
590       0.02896    0.12356     0.02832    0.12267
591       0.02896    0.12356     0.02832    0.12267
592       0.02896    0.12356     0.02832    0.12267
593       0.02896    0.12356     0.02832    0.12267
594       0.02896    0.12356     0.02832    0.12267
595       0.02896    0.12356     0.02832    0.12267
596       0.02896    0.12356     0.02832    0.12267
597       0.02896    0.12356     0.02832    0.12267
598       0.02896    0.12356     0.02832    0.12267
599       0.02896    0.12356     0.02832    0.12267
600       0.02896    0.12356     0.02832    0.12267
601       0.02896    0.12356     0.02832    0.12267
602       0.02896    0.12356     0.02832    0.12267
603       0.02896    0.12356     0.02832    0.12267
604       0.02896    0.12356     0.02832    0.12267
605       0.02896    0.12356     0.02832    0.12267
606       0.02896    0.12356     0.02832    0.12267
607       0.02896    0.12356     0.02832    0.12267
608       0.02896    0.12356     0.02832    0.12267
609       0.02896    0.12356     0.02832    0.12267
610       0.02896    0.12356     0.02832    0.12267
611       0.02896    0.12356     0.02832    0.12267
612       0.02896    0.12356     0.02832    0.12267
613       0.02896    0.12356     0.02832    0.12267
614       0.02896    0.12356     0.02832    0.12267
615       0.02896    0.12356     0.02832    0.12267
616       0.02896    0.12356     0.02832    0.12267
617       0.02896    0.12356     0.02832    0.12267
618       0.02896    0.12356     0.02832    0.12267
619       0.02896    0.12356     0.02832    0.12267
620       0.02896    0.12356     0.02832    0.12267
621       0.02896    0.12356     0.02832    0.12267
622       0.02896    0.12356     0.02832    0.12267
623       0.02896    0.12356     0.02832    0.12267
624       0.02896    0.12356     0.02832    0.12267
625       0.02896    0.12356     0.02832    0.12267
626       0.02896    0.12356     0.02832    0.12267
627       0.02896    0.12356     0.02832    0.12267
628       0.02896    0.12356     0.02832    0.12267
629       0.02896    0.12356     0.02832    0.12267
630       0.02896    0.12356     0.02832    0.12267
631       0.02896    0.12356     0.02832    0.12267
632       0.02896    0.12356     0.02832    0.12267
633       0.02896    0.12356     0.02832    0.12267
634       0.02896    0.12356     0.02832    0.12267
635       0.02896    0.12356     0.02832    0.12267
636       0.02896    0.12356     0.02832    0.12267
637       0.02896    0.12356     0.02832    0.12267
638       0.02896    0.12356     0.02832    0.12267
639       0.02896    0.12356     0.02832    0.12267
640       0.02896    0.12356     0.02832    0.12267
641       0.02896    0.12356     0.02832    0.12267
642       0.02896    0.12356     0.02832    0.12267
643       0.02896    0.12356     0.02832    0.12267
644       0.02896    0.12356     0.02832    0.12267
645       0.02896    0.12356     0.02832    0.12267
646       0.02896    0.12356     0.02832    0.12267
647       0.02896    0.12356     0.02832    0.12267
648       0.02896    0.12356     0.02832    0.12267
649       0.02896    0.12356     0.02832    0.12267
650       0.02896    0.12356     0.02832    0.12267
651       0.02896    0.12356     0.02832    0.12267
652       0.02896    0.12356     0.02832    0.12267
653       0.02896    0.12356     0.02832    0.12267
654       0.02896    0.12356     0.02832    0.12267
655       0.02896    0.12356     0.02832    0.12267
656       0.02896    0.12356     0.02832    0.12267
657       0.02896    0.12356     0.02832    0.12267
658       0.02896    0.12356     0.02832    0.12267
659       0.02896    0.12356     0.02832    0.12267
660       0.02896    0.12356     0.02832    0.12267
661       0.02896    0.12356     0.02832    0.12267
662       0.02896    0.12356     0.02832    0.12267
663       0.02896    0.12356     0.02832    0.12267
664       0.02896    0.12356     0.02832    0.12267
665       0.02896    0.12356     0.02832    0.12267
666       0.02896    0.12356     0.02832    0.12267
667       0.02896    0.12356     0.02832    0.12267
668       0.02896    0.12356     0.02832    0.12267
669       0.02896    0.12356     0.02832    0.12267
670       0.02896    0.12356     0.02832    0.12267
671       0.02896    0.12356     0.02832    0.12267
672       0.02896    0.12356     0.02832    0.12267
673       0.02896    0.12356     0.02832    0.12267
674       0.02896    0.12356     0.02832    0.12267
675       0.02896    0.12356     0.02832    0.12267
676       0.02896    0.12356     0.02832    0.12267
677       0.02896    0.12356     0.02832    0.12267
678       0.02896    0.12356     0.02832    0.12267
679       0.02896    0.12356     0.02832    0.12267
680       0.02896    0.12356     0.02832    0.12267
681       0.02896    0.12356     0.02832    0.12267
682       0.02896    0.12356     0.02832    0.12267
683       0.02896    0.12356     0.02832    0.12267
684       0.02896    0.12356     0.02832    0.12267
685       0.02896    0.12356     0.02832    0.12267
686       0.02896    0.12356     0.02832    0.12267
687       0.02896    0.12356     0.02832    0.12267
688       0.02896    0.12356     0.02832    0.12267
689       0.02896    0.12356     0.02832    0.12267
690       0.02896    0.12356     0.02832    0.12267
691       0.02896    0.12356     0.02832    0.12267
692       0.02896    0.12356     0.02832    0.12267
693       0.02896    0.12356     0.02832    0.12267
694       0.02896    0.12356     0.02832    0.12267
695       0.02896    0.12356     0.02832    0.12267
696       0.02896    0.12356     0.02832    0.12267
697       0.02896    0.12356     0.02832    0.12267
698       0.02896    0.12356     0.02832    0.12267
699       0.02896    0.12356     0.02832    0.12267
700       0.02896    0.12356     0.02832    0.12267
701       0.02896    0.12356     0.02832    0.12267
702       0.02896    0.12356     0.02832    0.12267
703       0.02896    0.12356     0.02832    0.12267
704       0.02896    0.12356     0.02832    0.12267
705       0.02896    0.12356     0.02832    0.12267
706       0.02896    0.12356     0.02832    0.12267
707       0.02896    0.12356     0.02832    0.12267
708       0.02896    0.12356     0.02832    0.12267
709       0.02896    0.12356     0.02832    0.12267
710       0.02896    0.12356     0.02832    0.12267
711       0.02896    0.12356     0.02832    0.12267
712       0.02896    0.12356     0.02832    0.12267
713       0.02896    0.12356     0.02832    0.12267
714       0.02896    0.12356     0.02832    0.12267
715       0.02896    0.12356     0.02832    0.12267
716       0.02896    0.12356     0.02832    0.12267
717       0.02896    0.12356     0.02832    0.12267
718       0.02896    0.12356     0.02832    0.12267
719       0.02896    0.12356     0.02832    0.12267
720       0.02896    0.12356     0.02832    0.12267
721       0.02896    0.12356     0.02832    0.12267
722       0.02896    0.12356     0.02832    0.12267
723       0.02896    0.12356     0.02832    0.12267
724       0.02896    0.12356     0.02832    0.12267
725       0.02896    0.12356     0.02832    0.12267
726       0.02896    0.12356     0.02832    0.12267
727       0.02896    0.12356     0.02832    0.12267
728       0.02896    0.12356     0.02832    0.12267
729       0.02896    0.12356     0.02832    0.12267
730       0.02896    0.12356     0.02832    0.12267
731       0.02896    0.12356     0.02832    0.12267
732       0.02896    0.12356     0.02832    0.12267
733       0.02896    0.12356     0.02832    0.12267
734       0.02896    0.12356     0.02832    0.12267
735       0.02896    0.12356     0.02832    0.12267
736       0.02896    0.12356     0.02832    0.12267
737       0.02896    0.12356     0.02832    0.12267
738       0.02896    0.12356     0.02832    0.12267
739       0.02896    0.12356     0.02832    0.12267
740       0.02896    0.12356     0.02832    0.12267
741       0.02896    0.12356     0.02832    0.12267
742       0.02896    0.12356     0.02832    0.12267
743       0.02896    0.12356     0.02832    0.12267
744       0.02896    0.12356     0.02832    0.12267
745       0.02896    0.12356     0.02832    0.12267
746       0.02896    0.12356     0.02832    0.12267
747       0.02896    0.12356     0.02832    0.12267
748       0.02896    0.12356     0.02832    0.12267
749       0.02896    0.12356     0.02832    0.12267
750       0.02896    0.12356     0.02832    0.12267
751       0.02896    0.12356     0.02832    0.12267
752       0.02896    0.12356     0.02832    0.12267
753       0.02896    0.12356     0.02832    0.12267
754       0.02896    0.12356     0.02832    0.12267
755       0.02896    0.12356     0.02832    0.12267
756       0.02896    0.12356     0.02832    0.12267
757       0.02896    0.12356     0.02832    0.12267
758       0.02896    0.12356     0.02832    0.12267
759       0.02896    0.12356     0.02832    0.12267
760       0.02896    0.12356     0.02832    0.12267
761       0.02896    0.12356     0.02832    0.12267
762       0.02896    0.12356     0.02832    0.12267
763       0.02896    0.12356     0.02832    0.12267
764       0.02896    0.12356     0.02832    0.12267
765       0.02896    0.12356     0.02832    0.12267
766       0.02896    0.12356     0.02832    0.12267
767       0.02896    0.12356     0.02832    0.12267
768       0.02896    0.12356     0.02832    0.12267
769       0.02896    0.12356     0.02832    0.12267
770       0.02896    0.12356     0.02832    0.12267
771       0.02896    0.12356     0.02832    0.12267
772       0.02896    0.12356     0.02832    0.12267
773       0.02896    0.12356     0.02832    0.12267
774       0.02896    0.12356     0.02832    0.12267
775       0.02896    0.12356     0.02832    0.12267
776       0.02896    0.12356     0.02832    0.12267
777       0.02896    0.12356     0.02832    0.12267
778       0.02896    0.12356     0.02832    0.12267
779       0.02896    0.12356     0.02832    0.12267
780       0.02896    0.12356     0.02832    0.12267
781       0.02896    0.12356     0.02832    0.12267
782       0.02896    0.12356     0.02832    0.12267
783       0.02896    0.12356     0.02832    0.12267
784       0.02896    0.12356     0.02832    0.12267
785       0.02896    0.12356     0.02832    0.12267
786       0.02896    0.12356     0.02832    0.12267
787       0.02896    0.12356     0.02832    0.12267
788       0.02896    0.12356     0.02832    0.12267
789       0.02896    0.12356     0.02832    0.12267
790       0.02896    0.12356     0.02832    0.12267
791       0.02896    0.12356     0.02832    0.12267
792       0.02896    0.12356     0.02832    0.12267
793       0.02896    0.12356     0.02832    0.12267
794       0.02896    0.12356     0.02832    0.12267
795       0.02896    0.12356     0.02832    0.12267
796       0.02896    0.12356     0.02832    0.12267
797       0.02896    0.12356     0.02832    0.12267
798       0.02896    0.12356     0.02832    0.12267
799       0.02896    0.12356     0.02832    0.12267
800       0.02896    0.12356     0.02832    0.12267
801       0.02896    0.12356     0.02832    0.12267
802       0.02896    0.12356     0.02832    0.12267
803       0.02896    0.12356     0.02832    0.12267
804       0.02896    0.12356     0.02832    0.12267
805       0.02896    0.12356     0.02832    0.12267
806       0.02896    0.12356     0.02832    0.12267
807       0.02896    0.12356     0.02832    0.12267
808       0.02896    0.12356     0.02832    0.12267
809       0.02896    0.12356     0.02832    0.12267
810       0.02896    0.12356     0.02832    0.12267
811       0.02896    0.12356     0.02832    0.12267
812       0.02896    0.12356     0.02832    0.12267
813       0.02896    0.12356     0.02832    0.12267
814       0.02896    0.12356     0.02832    0.12267
815       0.02896    0.12356     0.02832    0.12267
816       0.02896    0.12356     0.02832    0.12267
817       0.02896    0.12356     0.02832    0.12267
818       0.02896    0.12356     0.02832    0.12267
819       0.02896    0.12356     0.02832    0.12267
820       0.02896    0.12356     0.02832    0.12267
821       0.02896    0.12356     0.02832    0.12267
822       0.02896    0.12356     0.02832    0.12267
823       0.02896    0.12356     0.02832    0.12267
824       0.02896    0.12356     0.02832    0.12267
825       0.02896    0.12356     0.02832    0.12267
826       0.02896    0.12356     0.02832    0.12267
827       0.02896    0.12356     0.02832    0.12267
828       0.02896    0.12356     0.02832    0.12267
829       0.02896    0.12356     0.02832    0.12267
830       0.02896    0.12356     0.02832    0.12267
831       0.02896    0.12356     0.02832    0.12267
832       0.02896    0.12356     0.02832    0.12267
833       0.02896    0.12356     0.02832    0.12267
834       0.02896    0.12356     0.02832    0.12267
835       0.02896    0.12356     0.02832    0.12267
836       0.02896    0.12356     0.02832    0.12267
837       0.02896    0.12356     0.02832    0.12267
838       0.02896    0.12356     0.02832    0.12267
839       0.02896    0.12356     0.02832    0.12267
840       0.02896    0.12356     0.02832    0.12267
841       0.02896    0.12356     0.02832    0.12267
842       0.02896    0.12356     0.02832    0.12267
843       0.02896    0.12356     0.02832    0.12267
844       0.02896    0.12356     0.02832    0.12267
845       0.02896    0.12356     0.02832    0.12267
846       0.02896    0.12356     0.02832    0.12267
847       0.02896    0.12356     0.02832    0.12267
848       0.02896    0.12356     0.02832    0.12267
849       0.02896    0.12356     0.02832    0.12267
850       0.02896    0.12356     0.02832    0.12267
851       0.02896    0.12356     0.02832    0.12267
852       0.02896    0.12356     0.02832    0.12267
853       0.02896    0.12356     0.02832    0.12267
854       0.02896    0.12356     0.02832    0.12267
855       0.02896    0.12356     0.02832    0.12267
856       0.02896    0.12356     0.02832    0.12267
857       0.02896    0.12356     0.02832    0.12267
858       0.02896    0.12356     0.02832    0.12267
859       0.02896    0.12356     0.02832    0.12267
860       0.02896    0.12356     0.02832    0.12267
861       0.02896    0.12356     0.02832    0.12267
862       0.02896    0.12356     0.02832    0.12267
863       0.02896    0.12356     0.02832    0.12267
864       0.02896    0.12356     0.02832    0.12267
865       0.02896    0.12356     0.02832    0.12267
866       0.02896    0.12356     0.02832    0.12267
867       0.02896    0.12356     0.02832    0.12267
868       0.02896    0.12356     0.02832    0.12267
869       0.02896    0.12356     0.02832    0.12267
870       0.02896    0.12356     0.02832    0.12267
871       0.02896    0.12356     0.02832    0.12267
872       0.02896    0.12356     0.02832    0.12267
873       0.02896    0.12356     0.02832    0.12267
874       0.02896    0.12356     0.02832    0.12267
875       0.02896    0.12356     0.02832    0.12267
876       0.02896    0.12356     0.02832    0.12267
877       0.02896    0.12356     0.02832    0.12267
878       0.02896    0.12356     0.02832    0.12267
879       0.02896    0.12356     0.02832    0.12267
880       0.02896    0.12356     0.02832    0.12267
881       0.02896    0.12356     0.02832    0.12267
882       0.02896    0.12356     0.02832    0.12267
883       0.02896    0.12356     0.02832    0.12267
884       0.02896    0.12356     0.02832    0.12267
885       0.02896    0.12356     0.02832    0.12267
886       0.02896    0.12356     0.02832    0.12267
887       0.02896    0.12356     0.02832    0.12267
888       0.02896    0.12356     0.02832    0.12267
889       0.02896    0.12356     0.02832    0.12267
890       0.02896    0.12356     0.02832    0.12267
891       0.02896    0.12356     0.02832    0.12267
892       0.02896    0.12356     0.02832    0.12267
893       0.02896    0.12356     0.02832    0.12267
894       0.02896    0.12356     0.02832    0.12267
895       0.02896    0.12356     0.02832    0.12267
896       0.02896    0.12356     0.02832    0.12267
897       0.02896    0.12356     0.02832    0.12267
898       0.02896    0.12356     0.02832    0.12267
899       0.02896    0.12356     0.02832    0.12267
900       0.02896    0.12356     0.02832    0.12267
901       0.02896    0.12356     0.02832    0.12267
902       0.02896    0.12356     0.02832    0.12267
903       0.02896    0.12356     0.02832    0.12267
904       0.02896    0.12356     0.02832    0.12267
905       0.02896    0.12356     0.02832    0.12267
906       0.02896    0.12356     0.02832    0.12267
907       0.02896    0.12356     0.02832    0.12267
908       0.02896    0.12356     0.02832    0.12267
909       0.02896    0.12356     0.02832    0.12267
910       0.02896    0.12356     0.02832    0.12267
911       0.02896    0.12356     0.02832    0.12267
912       0.02896    0.12356     0.02832    0.12267
913       0.02896    0.12356     0.02832    0.12267
914       0.02896    0.12356     0.02832    0.12267
915       0.02896    0.12356     0.02832    0.12267
916       0.02896    0.12356     0.02832    0.12267
917       0.02896    0.12356     0.02832    0.12267
918       0.02896    0.12356     0.02832    0.12267
919       0.02896    0.12356     0.02832    0.12267
920       0.02896    0.12356     0.02832    0.12267
921       0.02896    0.12356     0.02832    0.12267
922       0.02896    0.12356     0.02832    0.12267
923       0.02896    0.12356     0.02832    0.12267
924       0.02896    0.12356     0.02832    0.12267
925       0.02896    0.12356     0.02832    0.12267
926       0.02896    0.12356     0.02832    0.12267
927       0.02896    0.12356     0.02832    0.12267
928       0.02896    0.12356     0.02832    0.12267
929       0.02896    0.12356     0.02832    0.12267
930       0.02896    0.12356     0.02832    0.12267
931       0.02896    0.12356     0.02832    0.12267
932       0.02896    0.12356     0.02832    0.12267
933       0.02896    0.12356     0.02832    0.12267
934       0.02896    0.12356     0.02832    0.12267
935       0.02896    0.12356     0.02832    0.12267
936       0.02896    0.12356     0.02832    0.12267
937       0.02896    0.12356     0.02832    0.12267
938       0.02896    0.12356     0.02832    0.12267
939       0.02896    0.12356     0.02832    0.12267
940       0.02896    0.12356     0.02832    0.12267
941       0.02896    0.12356     0.02832    0.12267
942       0.02896    0.12356     0.02832    0.12267
943       0.02896    0.12356     0.02832    0.12267
944       0.02896    0.12356     0.02832    0.12267
945       0.02896    0.12356     0.02832    0.12267
946       0.02896    0.12356     0.02832    0.12267
947       0.02896    0.12356     0.02832    0.12267
948       0.02896    0.12356     0.02832    0.12267
949       0.02896    0.12356     0.02832    0.12267
950       0.02896    0.12356     0.02832    0.12267
951       0.02896    0.12356     0.02832    0.12267
952       0.02896    0.12356     0.02832    0.12267
953       0.02896    0.12356     0.02832    0.12267
954       0.02896    0.12356     0.02832    0.12267
955       0.02896    0.12356     0.02832    0.12267
956       0.02896    0.12356     0.02832    0.12267
957       0.02896    0.12356     0.02832    0.12267
958       0.02896    0.12356     0.02832    0.12267
959       0.02896    0.12356     0.02832    0.12267
960       0.02896    0.12356     0.02832    0.12267
961       0.02896    0.12356     0.02832    0.12267
962       0.02896    0.12356     0.02832    0.12267
963       0.02896    0.12356     0.02832    0.12267
964       0.02896    0.12356     0.02832    0.12267
965       0.02896    0.12356     0.02832    0.12267
966       0.02896    0.12356     0.02832    0.12267
967       0.02896    0.12356     0.02832    0.12267
968       0.02896    0.12356     0.02832    0.12267
969       0.02896    0.12356     0.02832    0.12267
970       0.02896    0.12356     0.02832    0.12267
971       0.02896    0.12356     0.02832    0.12267
972       0.02896    0.12356     0.02832    0.12267
973       0.02896    0.12356     0.02832    0.12267
974       0.02896    0.12356     0.02832    0.12267
975       0.02896    0.12356     0.02832    0.12267
976       0.02896    0.12356     0.02832    0.12267
977       0.02896    0.12356     0.02832    0.12267
978       0.02896    0.12356     0.02832    0.12267
979       0.02896    0.12356     0.02832    0.12267
980       0.02896    0.12356     0.02832    0.12267
981       0.02896    0.12356     0.02832    0.12267
982       0.02896    0.12356     0.02832    0.12267
983       0.02896    0.12356     0.02832    0.12267
984       0.02896    0.12356     0.02832    0.12267
985       0.02896    0.12356     0.02832    0.12267
986       0.02896    0.12356     0.02832    0.12267
987       0.02896    0.12356     0.02832    0.12267
988       0.02896    0.12356     0.02832    0.12267
989       0.02896    0.12356     0.02832    0.12267
990       0.02896    0.12356     0.02832    0.12267
991       0.02896    0.12356     0.02832    0.12267
992       0.02896    0.12356     0.02832    0.12267
993       0.02896    0.12356     0.02832    0.12267
994       0.02896    0.12356     0.02832    0.12267
995       0.02896    0.12356     0.02832    0.12267
996       0.02896    0.12356     0.02832    0.12267
997       0.02896    0.12356     0.02832    0.12267
998       0.02896    0.12356     0.02832    0.12267
999       0.02896    0.12356     0.02832    0.12267
1000       0.02896    0.12356     0.02832    0.12267
1001       0.02896    0.12356     0.02832    0.12267
1002       0.02896    0.12356     0.02832    0.12267
1003       0.02896    0.12356     0.02832    0.12267
1004       0.02896    0.12356     0.02832    0.12267
1005       0.02896    0.12356     0.02832    0.12267
1006       0.02896    0.12356     0.02832    0.12267
1007       0.02896    0.12356     0.02832    0.12267
1008       0.02896    0.12356     0.02832    0.12267
1009       0.02896    0.12356     0.02832    0.12267
1010       0.02896    0.12356     0.02832    0.12267
1011       0.02896    0.12356     0.02832    0.12267
1012       0.02896    0.12356     0.02832    0.12267    0.03012    0.12325