Ciclo   TrainMSE   TrainMAE   ValidMSE   ValidMAE   TestMSE     TestMAE
----------------------------------------------------------------------- 
0       0.03171    0.13366     0.03152    0.13353
1       0.02799    0.12282     0.02702    0.12125
2       0.02676    0.11883     0.02547    0.11667
3       0.02606    0.11671     0.02465    0.11432
4       0.02554    0.11527     0.02409    0.11275
5       0.02512    0.11417     0.02366    0.11159
6       0.02477    0.11328     0.02332    0.11069
7       0.02447    0.11256     0.02303    0.10996
8       0.02423    0.11197     0.02279    0.10938
9       0.02402    0.11149     0.02259    0.10891
10       0.02384    0.11109     0.02242    0.10853
11       0.02369    0.11075     0.02227    0.10822
12       0.02356    0.11045     0.02215    0.10796
13       0.02344    0.11019     0.02204    0.10772
14       0.02334    0.10997     0.02194    0.10752
15       0.02325    0.10977     0.02185    0.10733
16       0.02317    0.10960     0.02178    0.10717
17       0.02310    0.10944     0.02171    0.10701
18       0.02304    0.10930     0.02165    0.10687
19       0.02298    0.10917     0.02159    0.10673
20       0.02292    0.10904     0.02154    0.10661
21       0.02287    0.10893     0.02149    0.10650
22       0.02283    0.10882     0.02145    0.10639
23       0.02278    0.10872     0.02140    0.10629
24       0.02274    0.10862     0.02136    0.10619
25       0.02270    0.10853     0.02133    0.10610
26       0.02267    0.10844     0.02129    0.10601
27       0.02263    0.10835     0.02125    0.10592
28       0.02260    0.10826     0.02122    0.10584
29       0.02257    0.10818     0.02119    0.10576
30       0.02253    0.10810     0.02116    0.10568
31       0.02250    0.10802     0.02113    0.10560
32       0.02247    0.10794     0.02110    0.10552
33       0.02244    0.10786     0.02107    0.10544
34       0.02242    0.10779     0.02104    0.10536
35       0.02239    0.10771     0.02101    0.10529
36       0.02236    0.10764     0.02099    0.10522
37       0.02234    0.10757     0.02096    0.10515
38       0.02231    0.10750     0.02094    0.10508
39       0.02228    0.10743     0.02091    0.10502
40       0.02226    0.10736     0.02089    0.10496
41       0.02224    0.10729     0.02086    0.10490
42       0.02221    0.10722     0.02084    0.10484
43       0.02219    0.10716     0.02082    0.10478
44       0.02217    0.10709     0.02079    0.10472
45       0.02215    0.10703     0.02077    0.10467
46       0.02212    0.10696     0.02075    0.10461
47       0.02210    0.10690     0.02073    0.10456
48       0.02208    0.10684     0.02071    0.10451
49       0.02206    0.10678     0.02069    0.10446
50       0.02204    0.10672     0.02067    0.10441
51       0.02202    0.10666     0.02065    0.10436
52       0.02200    0.10660     0.02063    0.10431
53       0.02198    0.10655     0.02061    0.10426
54       0.02197    0.10649     0.02059    0.10422
55       0.02195    0.10644     0.02058    0.10417
56       0.02193    0.10638     0.02056    0.10413
57       0.02191    0.10633     0.02054    0.10408
58       0.02189    0.10628     0.02052    0.10404
59       0.02188    0.10623     0.02051    0.10400
60       0.02186    0.10618     0.02049    0.10396
61       0.02184    0.10614     0.02047    0.10391
62       0.02183    0.10609     0.02046    0.10387
63       0.02181    0.10604     0.02044    0.10383
64       0.02180    0.10600     0.02043    0.10379
65       0.02178    0.10595     0.02041    0.10375
66       0.02177    0.10591     0.02040    0.10372
67       0.02175    0.10587     0.02038    0.10368
68       0.02174    0.10582     0.02037    0.10364
69       0.02172    0.10578     0.02036    0.10361
70       0.02171    0.10574     0.02034    0.10357
71       0.02170    0.10570     0.02033    0.10354
72       0.02168    0.10566     0.02032    0.10351
73       0.02167    0.10562     0.02030    0.10347
74       0.02166    0.10558     0.02029    0.10344
75       0.02164    0.10555     0.02028    0.10341
76       0.02163    0.10551     0.02027    0.10338
77       0.02162    0.10548     0.02026    0.10335
78       0.02161    0.10544     0.02025    0.10332
79       0.02160    0.10541     0.02023    0.10329
80       0.02159    0.10537     0.02022    0.10327
81       0.02157    0.10534     0.02021    0.10324
82       0.02156    0.10531     0.02020    0.10321
83       0.02155    0.10528     0.02019    0.10319
84       0.02154    0.10524     0.02018    0.10316
85       0.02153    0.10521     0.02017    0.10314
86       0.02152    0.10518     0.02016    0.10311
87       0.02151    0.10515     0.02015    0.10309
88       0.02150    0.10512     0.02014    0.10306
89       0.02149    0.10509     0.02013    0.10304
90       0.02148    0.10507     0.02012    0.10302
91       0.02147    0.10504     0.02011    0.10300
92       0.02146    0.10501     0.02011    0.10298
93       0.02145    0.10498     0.02010    0.10295
94       0.02144    0.10496     0.02009    0.10293
95       0.02144    0.10493     0.02008    0.10291
96       0.02143    0.10490     0.02007    0.10289
97       0.02142    0.10488     0.02007    0.10287
98       0.02141    0.10485     0.02006    0.10285
99       0.02140    0.10483     0.02005    0.10283
100       0.02139    0.10480     0.02004    0.10281
101       0.02139    0.10478     0.02004    0.10279
102       0.02138    0.10475     0.02003    0.10277
103       0.02137    0.10473     0.02002    0.10276
104       0.02136    0.10471     0.02001    0.10274
105       0.02136    0.10468     0.02001    0.10272
106       0.02135    0.10466     0.02000    0.10270
107       0.02134    0.10464     0.01999    0.10268
108       0.02133    0.10462     0.01999    0.10267
109       0.02133    0.10460     0.01998    0.10265
110       0.02132    0.10458     0.01998    0.10263
111       0.02131    0.10455     0.01997    0.10262
112       0.02131    0.10453     0.01996    0.10260
113       0.02130    0.10452     0.01996    0.10259
114       0.02130    0.10450     0.01995    0.10257
115       0.02129    0.10448     0.01995    0.10256
116       0.02128    0.10446     0.01994    0.10254
117       0.02128    0.10444     0.01994    0.10253
118       0.02127    0.10442     0.01993    0.10251
119       0.02127    0.10441     0.01993    0.10250
120       0.02126    0.10439     0.01992    0.10249
121       0.02126    0.10437     0.01992    0.10248
122       0.02125    0.10436     0.01991    0.10247
123       0.02124    0.10434     0.01991    0.10245
124       0.02124    0.10432     0.01990    0.10244
125       0.02123    0.10431     0.01990    0.10243
126       0.02123    0.10429     0.01989    0.10242
127       0.02122    0.10428     0.01989    0.10241
128       0.02122    0.10426     0.01989    0.10240
129       0.02122    0.10425     0.01988    0.10239
130       0.02121    0.10424     0.01988    0.10238
131       0.02121    0.10422     0.01987    0.10237
132       0.02120    0.10421     0.01987    0.10236
133       0.02120    0.10420     0.01987    0.10235
134       0.02119    0.10418     0.01986    0.10234
135       0.02119    0.10417     0.01986    0.10233
136       0.02118    0.10416     0.01986    0.10232
137       0.02118    0.10415     0.01985    0.10231
138       0.02118    0.10414     0.01985    0.10230
139       0.02117    0.10412     0.01985    0.10229
140       0.02117    0.10411     0.01984    0.10229
141       0.02116    0.10410     0.01984    0.10228
142       0.02116    0.10409     0.01984    0.10227
143       0.02116    0.10408     0.01983    0.10226
144       0.02115    0.10407     0.01983    0.10225
145       0.02115    0.10406     0.01983    0.10225
146       0.02115    0.10405     0.01982    0.10224
147       0.02114    0.10404     0.01982    0.10223
148       0.02114    0.10403     0.01982    0.10223
149       0.02114    0.10402     0.01982    0.10222
150       0.02113    0.10401     0.01981    0.10221
151       0.02113    0.10400     0.01981    0.10221
152       0.02113    0.10399     0.01981    0.10220
153       0.02112    0.10398     0.01981    0.10219
154       0.02112    0.10398     0.01980    0.10219
155       0.02112    0.10397     0.01980    0.10218
156       0.02112    0.10396     0.01980    0.10217
157       0.02111    0.10395     0.01980    0.10217
158       0.02111    0.10394     0.01980    0.10216
159       0.02111    0.10394     0.01979    0.10216
160       0.02110    0.10393     0.01979    0.10215
161       0.02110    0.10392     0.01979    0.10215
162       0.02110    0.10391     0.01979    0.10214
163       0.02110    0.10391     0.01979    0.10214
164       0.02109    0.10390     0.01978    0.10213
165       0.02109    0.10389     0.01978    0.10213
166       0.02109    0.10389     0.01978    0.10212
167       0.02109    0.10388     0.01978    0.10212
168       0.02108    0.10387     0.01978    0.10211
169       0.02108    0.10387     0.01977    0.10211
170       0.02108    0.10386     0.01977    0.10210
171       0.02108    0.10385     0.01977    0.10210
172       0.02108    0.10385     0.01977    0.10209
173       0.02107    0.10384     0.01977    0.10209
174       0.02107    0.10384     0.01977    0.10209
175       0.02107    0.10383     0.01977    0.10208
176       0.02107    0.10382     0.01976    0.10208
177       0.02107    0.10382     0.01976    0.10207
178       0.02106    0.10381     0.01976    0.10207
179       0.02106    0.10381     0.01976    0.10207
180       0.02106    0.10380     0.01976    0.10206
181       0.02106    0.10380     0.01976    0.10206
182       0.02106    0.10379     0.01976    0.10206
183       0.02105    0.10379     0.01975    0.10205
184       0.02105    0.10378     0.01975    0.10205
185       0.02105    0.10378     0.01975    0.10205
186       0.02105    0.10377     0.01975    0.10205
187       0.02105    0.10377     0.01975    0.10204
188       0.02105    0.10376     0.01975    0.10204
189       0.02104    0.10376     0.01975    0.10204
190       0.02104    0.10376     0.01975    0.10203
191       0.02104    0.10375     0.01975    0.10203
192       0.02104    0.10375     0.01975    0.10203
193       0.02104    0.10374     0.01974    0.10203
194       0.02104    0.10374     0.01974    0.10203
195       0.02104    0.10374     0.01974    0.10202
196       0.02103    0.10373     0.01974    0.10202
197       0.02103    0.10373     0.01974    0.10202
198       0.02103    0.10373     0.01974    0.10202
199       0.02103    0.10372     0.01974    0.10201
200       0.02103    0.10372     0.01974    0.10201
201       0.02103    0.10371     0.01974    0.10201
202       0.02103    0.10371     0.01974    0.10201
203       0.02102    0.10371     0.01974    0.10201
204       0.02102    0.10370     0.01974    0.10200
205       0.02102    0.10370     0.01974    0.10200
206       0.02102    0.10370     0.01973    0.10200
207       0.02102    0.10370     0.01973    0.10200
208       0.02102    0.10369     0.01973    0.10200
209       0.02102    0.10369     0.01973    0.10199
210       0.02102    0.10369     0.01973    0.10199
211       0.02102    0.10368     0.01973    0.10199
212       0.02101    0.10368     0.01973    0.10199
213       0.02101    0.10368     0.01973    0.10199
214       0.02101    0.10368     0.01973    0.10199
215       0.02101    0.10367     0.01973    0.10198
216       0.02101    0.10367     0.01973    0.10198
217       0.02101    0.10367     0.01973    0.10198
218       0.02101    0.10367     0.01973    0.10198
219       0.02101    0.10366     0.01973    0.10198
220       0.02101    0.10366     0.01973    0.10198
221       0.02101    0.10366     0.01973    0.10198
222       0.02101    0.10366     0.01973    0.10198
223       0.02100    0.10366     0.01973    0.10197
224       0.02100    0.10365     0.01973    0.10197
225       0.02100    0.10365     0.01973    0.10197
226       0.02100    0.10365     0.01973    0.10197
227       0.02100    0.10365     0.01973    0.10197
228       0.02100    0.10365     0.01973    0.10197
229       0.02100    0.10364     0.01972    0.10197
230       0.02100    0.10364     0.01972    0.10197
231       0.02100    0.10364     0.01972    0.10196
232       0.02100    0.10364     0.01972    0.10196
233       0.02100    0.10364     0.01972    0.10196
234       0.02100    0.10363     0.01972    0.10196
235       0.02100    0.10363     0.01972    0.10196
236       0.02099    0.10363     0.01972    0.10196
237       0.02099    0.10363     0.01972    0.10196
238       0.02099    0.10363     0.01972    0.10196
239       0.02099    0.10363     0.01972    0.10196
240       0.02099    0.10362     0.01972    0.10196
241       0.02099    0.10362     0.01972    0.10195
242       0.02099    0.10362     0.01972    0.10195
243       0.02099    0.10362     0.01972    0.10195
244       0.02099    0.10362     0.01972    0.10195
245       0.02099    0.10362     0.01972    0.10195
246       0.02099    0.10361     0.01972    0.10195
247       0.02099    0.10361     0.01972    0.10195
248       0.02099    0.10361     0.01972    0.10195
249       0.02099    0.10361     0.01972    0.10195
250       0.02099    0.10361     0.01972    0.10195
251       0.02099    0.10361     0.01972    0.10195
252       0.02099    0.10361     0.01972    0.10195
253       0.02099    0.10361     0.01972    0.10195
254       0.02098    0.10360     0.01972    0.10195
255       0.02098    0.10360     0.01972    0.10194
256       0.02098    0.10360     0.01972    0.10194
257       0.02098    0.10360     0.01972    0.10194
258       0.02098    0.10360     0.01972    0.10194
259       0.02098    0.10360     0.01972    0.10194
260       0.02098    0.10360     0.01972    0.10194
261       0.02098    0.10360     0.01972    0.10194
262       0.02098    0.10359     0.01972    0.10194
263       0.02098    0.10359     0.01972    0.10194
264       0.02098    0.10359     0.01972    0.10194
265       0.02098    0.10359     0.01972    0.10194
266       0.02098    0.10359     0.01972    0.10194
267       0.02098    0.10359     0.01972    0.10194
268       0.02098    0.10359     0.01972    0.10194
269       0.02098    0.10359     0.01972    0.10194
270       0.02098    0.10359     0.01972    0.10194
271       0.02098    0.10359     0.01972    0.10194
272       0.02098    0.10359     0.01972    0.10194
273       0.02098    0.10358     0.01972    0.10194
274       0.02098    0.10358     0.01972    0.10194
275       0.02098    0.10358     0.01972    0.10194
276       0.02098    0.10358     0.01972    0.10194
277       0.02098    0.10358     0.01972    0.10194
278       0.02098    0.10358     0.01972    0.10194
279       0.02098    0.10358     0.01972    0.10194
280       0.02098    0.10358     0.01972    0.10194
281       0.02098    0.10358     0.01972    0.10194
282       0.02097    0.10358     0.01972    0.10194
283       0.02097    0.10358     0.01972    0.10194
284       0.02097    0.10358     0.01972    0.10194
285       0.02097    0.10358     0.01972    0.10194
286       0.02097    0.10358     0.01972    0.10194
287       0.02097    0.10358     0.01972    0.10194
288       0.02097    0.10357     0.01972    0.10194
289       0.02097    0.10357     0.01972    0.10194
290       0.02097    0.10357     0.01972    0.10194
291       0.02097    0.10357     0.01972    0.10194
292       0.02097    0.10357     0.01972    0.10194
293       0.02097    0.10357     0.01972    0.10194
294       0.02097    0.10357     0.01972    0.10194
295       0.02097    0.10357     0.01972    0.10194
296       0.02097    0.10357     0.01972    0.10194
297       0.02097    0.10357     0.01972    0.10194
298       0.02097    0.10357     0.01972    0.10194
299       0.02097    0.10357     0.01972    0.10194
300       0.02097    0.10357     0.01972    0.10194
301       0.02097    0.10357     0.01972    0.10194
302       0.02097    0.10357     0.01972    0.10194
303       0.02097    0.10357     0.01972    0.10194
304       0.02097    0.10357     0.01972    0.10194
305       0.02097    0.10357     0.01972    0.10194
306       0.02097    0.10357     0.01972    0.10194
307       0.02097    0.10357     0.01972    0.10194
308       0.02097    0.10357     0.01972    0.10194
309       0.02097    0.10357     0.01972    0.10194
310       0.02097    0.10357     0.01972    0.10194
311       0.02097    0.10356     0.01972    0.10195
312       0.02097    0.10356     0.01972    0.10195
313       0.02097    0.10356     0.01972    0.10195
314       0.02097    0.10356     0.01972    0.10195
315       0.02097    0.10356     0.01972    0.10195
316       0.02097    0.10356     0.01972    0.10195
317       0.02097    0.10356     0.01973    0.10195
318       0.02097    0.10356     0.01973    0.10195
319       0.02097    0.10356     0.01973    0.10195
320       0.02097    0.10356     0.01973    0.10195
321       0.02097    0.10356     0.01973    0.10195
322       0.02097    0.10356     0.01973    0.10195
323       0.02097    0.10356     0.01973    0.10195
324       0.02097    0.10356     0.01973    0.10195
325       0.02097    0.10356     0.01973    0.10195
326       0.02097    0.10356     0.01973    0.10195
327       0.02097    0.10356     0.01973    0.10195
328       0.02097    0.10356     0.01973    0.10195
329       0.02097    0.10356     0.01973    0.10195
330       0.02097    0.10356     0.01973    0.10195
331       0.02097    0.10356     0.01973    0.10195
332       0.02097    0.10356     0.01973    0.10195
333       0.02097    0.10356     0.01973    0.10195
334       0.02097    0.10356     0.01973    0.10195
335       0.02097    0.10356     0.01973    0.10195
336       0.02097    0.10356     0.01973    0.10195
337       0.02097    0.10356     0.01973    0.10195
338       0.02097    0.10356     0.01973    0.10195
339       0.02097    0.10356     0.01973    0.10195
340       0.02097    0.10356     0.01973    0.10195
341       0.02097    0.10356     0.01973    0.10195
342       0.02097    0.10356     0.01973    0.10195
343       0.02097    0.10356     0.01973    0.10195
344       0.02097    0.10356     0.01973    0.10195
345       0.02097    0.10356     0.01973    0.10195
346       0.02097    0.10356     0.01973    0.10195
347       0.02097    0.10356     0.01973    0.10195
348       0.02097    0.10356     0.01973    0.10195
349       0.02097    0.10356     0.01973    0.10196
350       0.02097    0.10356     0.01973    0.10196
351       0.02097    0.10356     0.01973    0.10196
352       0.02096    0.10356     0.01973    0.10196
353       0.02096    0.10356     0.01973    0.10196
354       0.02096    0.10356     0.01973    0.10196
355       0.02096    0.10356     0.01973    0.10196
356       0.02096    0.10356     0.01973    0.10196
357       0.02096    0.10356     0.01973    0.10196
358       0.02096    0.10356     0.01973    0.10196
359       0.02096    0.10356     0.01973    0.10196
360       0.02096    0.10356     0.01973    0.10196
361       0.02096    0.10356     0.01973    0.10196
362       0.02096    0.10356     0.01973    0.10196
363       0.02096    0.10356     0.01973    0.10196
364       0.02096    0.10356     0.01973    0.10196
365       0.02096    0.10356     0.01973    0.10196
366       0.02096    0.10356     0.01973    0.10196
367       0.02096    0.10356     0.01973    0.10196
368       0.02096    0.10356     0.01973    0.10196
369       0.02096    0.10356     0.01973    0.10196
370       0.02096    0.10356     0.01973    0.10196
371       0.02096    0.10356     0.01973    0.10196
372       0.02096    0.10356     0.01973    0.10196
373       0.02096    0.10356     0.01973    0.10196
374       0.02096    0.10356     0.01973    0.10196
375       0.02096    0.10356     0.01973    0.10196
376       0.02096    0.10356     0.01973    0.10196
377       0.02096    0.10356     0.01973    0.10196
378       0.02096    0.10356     0.01973    0.10196
379       0.02096    0.10356     0.01973    0.10196
380       0.02096    0.10356     0.01973    0.10196
381       0.02096    0.10356     0.01973    0.10196
382       0.02096    0.10356     0.01973    0.10196
383       0.02096    0.10356     0.01973    0.10196
384       0.02096    0.10356     0.01974    0.10196
385       0.02096    0.10356     0.01974    0.10196
386       0.02096    0.10356     0.01974    0.10197
387       0.02096    0.10356     0.01974    0.10197
388       0.02096    0.10356     0.01974    0.10197
389       0.02096    0.10356     0.01974    0.10197
390       0.02096    0.10356     0.01974    0.10197
391       0.02096    0.10356     0.01974    0.10197
392       0.02096    0.10356     0.01974    0.10197
393       0.02096    0.10356     0.01974    0.10197
394       0.02096    0.10356     0.01974    0.10197
395       0.02096    0.10356     0.01974    0.10197
396       0.02096    0.10356     0.01974    0.10197
397       0.02096    0.10356     0.01974    0.10197
398       0.02096    0.10356     0.01974    0.10197
399       0.02096    0.10356     0.01974    0.10197
400       0.02096    0.10356     0.01974    0.10197
401       0.02096    0.10356     0.01974    0.10197
402       0.02096    0.10356     0.01974    0.10197
403       0.02096    0.10356     0.01974    0.10197
404       0.02096    0.10356     0.01974    0.10197
405       0.02096    0.10356     0.01974    0.10197
406       0.02096    0.10356     0.01974    0.10197
407       0.02096    0.10356     0.01974    0.10197
408       0.02096    0.10356     0.01974    0.10197
409       0.02096    0.10356     0.01974    0.10197
410       0.02096    0.10356     0.01974    0.10197
411       0.02096    0.10356     0.01974    0.10197
412       0.02096    0.10356     0.01974    0.10197
413       0.02096    0.10356     0.01974    0.10197
414       0.02096    0.10356     0.01974    0.10197
415       0.02096    0.10356     0.01974    0.10197
416       0.02096    0.10356     0.01974    0.10197
417       0.02096    0.10356     0.01974    0.10197
418       0.02096    0.10356     0.01974    0.10197
419       0.02096    0.10356     0.01974    0.10197
420       0.02096    0.10356     0.01974    0.10197
421       0.02096    0.10356     0.01974    0.10197
422       0.02096    0.10356     0.01974    0.10197
423       0.02096    0.10356     0.01974    0.10197
424       0.02096    0.10356     0.01974    0.10197
425       0.02096    0.10356     0.01974    0.10197
426       0.02096    0.10356     0.01974    0.10198
427       0.02096    0.10356     0.01974    0.10198
428       0.02096    0.10356     0.01974    0.10198
429       0.02096    0.10356     0.01974    0.10198
430       0.02096    0.10356     0.01974    0.10198
431       0.02096    0.10356     0.01974    0.10198
432       0.02096    0.10356     0.01974    0.10198
433       0.02096    0.10356     0.01974    0.10198
434       0.02096    0.10356     0.01974    0.10198
435       0.02096    0.10356     0.01974    0.10198
436       0.02096    0.10356     0.01974    0.10198
437       0.02096    0.10356     0.01974    0.10198
438       0.02096    0.10356     0.01974    0.10198
439       0.02096    0.10356     0.01974    0.10198
440       0.02096    0.10356     0.01974    0.10198
441       0.02096    0.10356     0.01974    0.10198
442       0.02096    0.10356     0.01974    0.10198
443       0.02096    0.10356     0.01974    0.10198
444       0.02096    0.10356     0.01974    0.10198
445       0.02096    0.10356     0.01974    0.10198
446       0.02096    0.10356     0.01974    0.10198
447       0.02096    0.10356     0.01974    0.10198
448       0.02096    0.10356     0.01974    0.10198
449       0.02096    0.10356     0.01974    0.10198
450       0.02096    0.10356     0.01974    0.10198
451       0.02096    0.10356     0.01974    0.10198
452       0.02096    0.10356     0.01974    0.10198
453       0.02096    0.10356     0.01974    0.10198
454       0.02096    0.10356     0.01974    0.10198
455       0.02096    0.10356     0.01974    0.10198
456       0.02096    0.10356     0.01974    0.10198
457       0.02096    0.10356     0.01974    0.10198
458       0.02096    0.10356     0.01974    0.10198
459       0.02096    0.10356     0.01974    0.10198
460       0.02096    0.10356     0.01974    0.10198
461       0.02096    0.10356     0.01974    0.10198
462       0.02096    0.10356     0.01974    0.10198
463       0.02096    0.10356     0.01974    0.10198
464       0.02096    0.10356     0.01974    0.10198
465       0.02096    0.10356     0.01974    0.10198
466       0.02096    0.10356     0.01974    0.10198
467       0.02096    0.10356     0.01974    0.10198
468       0.02096    0.10356     0.01974    0.10198
469       0.02096    0.10356     0.01975    0.10198
470       0.02096    0.10356     0.01975    0.10198
471       0.02096    0.10356     0.01975    0.10198
472       0.02096    0.10356     0.01975    0.10198
473       0.02096    0.10356     0.01975    0.10199
474       0.02096    0.10356     0.01975    0.10199
475       0.02096    0.10356     0.01975    0.10199
476       0.02096    0.10356     0.01975    0.10199
477       0.02096    0.10356     0.01975    0.10199
478       0.02096    0.10356     0.01975    0.10199
479       0.02096    0.10356     0.01975    0.10199
480       0.02096    0.10356     0.01975    0.10199
481       0.02096    0.10356     0.01975    0.10199
482       0.02096    0.10356     0.01975    0.10199
483       0.02096    0.10356     0.01975    0.10199
484       0.02096    0.10356     0.01975    0.10199
485       0.02096    0.10356     0.01975    0.10199
486       0.02096    0.10356     0.01975    0.10199
487       0.02096    0.10356     0.01975    0.10199
488       0.02096    0.10356     0.01975    0.10199
489       0.02096    0.10356     0.01975    0.10199
490       0.02096    0.10356     0.01975    0.10199
491       0.02096    0.10356     0.01975    0.10199
492       0.02096    0.10357     0.01975    0.10199
493       0.02096    0.10357     0.01975    0.10199
494       0.02096    0.10357     0.01975    0.10199
495       0.02096    0.10357     0.01975    0.10199
496       0.02096    0.10357     0.01975    0.10199
497       0.02096    0.10357     0.01975    0.10199
498       0.02096    0.10357     0.01975    0.10199
499       0.02096    0.10357     0.01975    0.10199
500       0.02096    0.10357     0.01975    0.10199
501       0.02096    0.10357     0.01975    0.10199
502       0.02096    0.10357     0.01975    0.10199
503       0.02096    0.10357     0.01975    0.10199
504       0.02096    0.10357     0.01975    0.10199
505       0.02096    0.10357     0.01975    0.10199
506       0.02096    0.10357     0.01975    0.10199
507       0.02096    0.10357     0.01975    0.10199
508       0.02096    0.10357     0.01975    0.10199
509       0.02096    0.10357     0.01975    0.10199
510       0.02096    0.10357     0.01975    0.10199
511       0.02096    0.10357     0.01975    0.10199
512       0.02096    0.10357     0.01975    0.10199
513       0.02096    0.10357     0.01975    0.10199
514       0.02096    0.10357     0.01975    0.10199
515       0.02096    0.10357     0.01975    0.10199
516       0.02096    0.10357     0.01975    0.10199
517       0.02096    0.10357     0.01975    0.10199
518       0.02096    0.10357     0.01975    0.10199
519       0.02096    0.10357     0.01975    0.10199
520       0.02096    0.10357     0.01975    0.10199
521       0.02096    0.10357     0.01975    0.10199
522       0.02096    0.10357     0.01975    0.10199
523       0.02096    0.10357     0.01975    0.10199
524       0.02096    0.10357     0.01975    0.10199
525       0.02096    0.10357     0.01975    0.10199
526       0.02096    0.10357     0.01975    0.10200
527       0.02096    0.10357     0.01975    0.10200
528       0.02096    0.10357     0.01975    0.10200
529       0.02096    0.10357     0.01975    0.10200
530       0.02096    0.10357     0.01975    0.10200
531       0.02096    0.10357     0.01975    0.10200
532       0.02096    0.10357     0.01975    0.10200
533       0.02096    0.10357     0.01975    0.10200
534       0.02096    0.10357     0.01975    0.10200
535       0.02096    0.10357     0.01975    0.10200
536       0.02096    0.10357     0.01975    0.10200
537       0.02096    0.10357     0.01975    0.10200
538       0.02096    0.10357     0.01975    0.10200
539       0.02096    0.10357     0.01975    0.10200
540       0.02096    0.10357     0.01975    0.10200
541       0.02096    0.10357     0.01975    0.10200
542       0.02096    0.10357     0.01975    0.10200
543       0.02096    0.10357     0.01975    0.10200
544       0.02096    0.10357     0.01975    0.10200
545       0.02096    0.10357     0.01975    0.10200
546       0.02096    0.10357     0.01975    0.10200
547       0.02096    0.10357     0.01975    0.10200
548       0.02096    0.10357     0.01975    0.10200
549       0.02096    0.10357     0.01975    0.10200
550       0.02096    0.10357     0.01975    0.10200
551       0.02096    0.10357     0.01975    0.10200
552       0.02096    0.10357     0.01975    0.10200
553       0.02096    0.10357     0.01975    0.10200
554       0.02096    0.10357     0.01975    0.10200
555       0.02096    0.10357     0.01975    0.10200
556       0.02096    0.10357     0.01975    0.10200
557       0.02096    0.10357     0.01975    0.10200
558       0.02096    0.10357     0.01975    0.10200
559       0.02096    0.10357     0.01975    0.10200
560       0.02096    0.10357     0.01975    0.10200
561       0.02096    0.10357     0.01975    0.10200
562       0.02096    0.10357     0.01975    0.10200
563       0.02096    0.10357     0.01975    0.10200
564       0.02096    0.10357     0.01975    0.10200
565       0.02096    0.10357     0.01975    0.10200
566       0.02096    0.10357     0.01975    0.10200
567       0.02096    0.10357     0.01975    0.10200
568       0.02096    0.10357     0.01975    0.10200
569       0.02096    0.10357     0.01975    0.10200
570       0.02096    0.10357     0.01975    0.10200
571       0.02096    0.10357     0.01975    0.10200
572       0.02096    0.10357     0.01975    0.10200
573       0.02096    0.10357     0.01975    0.10200
574       0.02096    0.10357     0.01975    0.10200
575       0.02096    0.10357     0.01975    0.10200
576       0.02096    0.10357     0.01975    0.10200
577       0.02096    0.10357     0.01975    0.10200
578       0.02096    0.10357     0.01975    0.10200
579       0.02096    0.10357     0.01975    0.10200
580       0.02096    0.10357     0.01975    0.10200
581       0.02096    0.10357     0.01975    0.10200
582       0.02096    0.10357     0.01975    0.10200
583       0.02096    0.10357     0.01975    0.10200
584       0.02096    0.10357     0.01975    0.10200
585       0.02096    0.10357     0.01975    0.10200
586       0.02096    0.10357     0.01975    0.10200
587       0.02096    0.10357     0.01975    0.10200
588       0.02096    0.10357     0.01975    0.10200
589       0.02096    0.10357     0.01975    0.10200
590       0.02096    0.10357     0.01975    0.10200
591       0.02096    0.10357     0.01975    0.10200
592       0.02096    0.10357     0.01975    0.10200
593       0.02096    0.10357     0.01975    0.10200
594       0.02096    0.10357     0.01975    0.10200
595       0.02096    0.10357     0.01975    0.10200
596       0.02096    0.10357     0.01975    0.10200
597       0.02096    0.10357     0.01975    0.10200
598       0.02096    0.10357     0.01975    0.10200
599       0.02096    0.10357     0.01975    0.10200
600       0.02096    0.10357     0.01975    0.10200
601       0.02096    0.10357     0.01975    0.10200
602       0.02096    0.10357     0.01975    0.10200
603       0.02096    0.10357     0.01975    0.10200
604       0.02096    0.10357     0.01975    0.10200
605       0.02096    0.10357     0.01975    0.10200
606       0.02096    0.10357     0.01975    0.10201
607       0.02096    0.10357     0.01975    0.10201
608       0.02096    0.10357     0.01975    0.10201
609       0.02096    0.10357     0.01975    0.10201
610       0.02096    0.10357     0.01975    0.10201
611       0.02096    0.10357     0.01975    0.10201
612       0.02096    0.10357     0.01975    0.10201
613       0.02096    0.10357     0.01975    0.10201
614       0.02096    0.10357     0.01975    0.10201
615       0.02096    0.10357     0.01975    0.10201
616       0.02096    0.10357     0.01975    0.10201
617       0.02096    0.10357     0.01975    0.10201
618       0.02096    0.10357     0.01975    0.10201
619       0.02096    0.10357     0.01975    0.10201
620       0.02096    0.10357     0.01975    0.10201
621       0.02096    0.10357     0.01975    0.10201
622       0.02096    0.10357     0.01975    0.10201
623       0.02096    0.10357     0.01975    0.10201
624       0.02096    0.10357     0.01975    0.10201
625       0.02096    0.10357     0.01975    0.10201
626       0.02096    0.10357     0.01975    0.10201
627       0.02096    0.10357     0.01975    0.10201
628       0.02096    0.10357     0.01975    0.10201
629       0.02096    0.10357     0.01975    0.10201
630       0.02096    0.10357     0.01975    0.10201
631       0.02096    0.10357     0.01975    0.10201
632       0.02096    0.10357     0.01975    0.10201
633       0.02096    0.10357     0.01975    0.10201
634       0.02096    0.10357     0.01975    0.10201
635       0.02096    0.10357     0.01975    0.10201
636       0.02096    0.10357     0.01975    0.10201
637       0.02096    0.10357     0.01975    0.10201
638       0.02096    0.10357     0.01975    0.10201
639       0.02096    0.10357     0.01975    0.10201
640       0.02096    0.10357     0.01975    0.10201
641       0.02096    0.10357     0.01975    0.10201
642       0.02096    0.10357     0.01975    0.10201
643       0.02096    0.10357     0.01975    0.10201
644       0.02096    0.10357     0.01975    0.10201
645       0.02096    0.10357     0.01975    0.10201
646       0.02096    0.10357     0.01975    0.10201
647       0.02096    0.10357     0.01975    0.10201
648       0.02096    0.10357     0.01975    0.10201
649       0.02096    0.10357     0.01975    0.10201
650       0.02096    0.10357     0.01975    0.10201
651       0.02096    0.10357     0.01975    0.10201
652       0.02096    0.10357     0.01975    0.10201
653       0.02096    0.10358     0.01975    0.10201
654       0.02096    0.10358     0.01975    0.10201
655       0.02096    0.10358     0.01975    0.10201
656       0.02096    0.10358     0.01975    0.10201
657       0.02096    0.10358     0.01975    0.10201
658       0.02096    0.10358     0.01975    0.10201
659       0.02096    0.10358     0.01975    0.10201
660       0.02096    0.10358     0.01975    0.10201
661       0.02096    0.10358     0.01976    0.10201
662       0.02096    0.10358     0.01976    0.10201
663       0.02096    0.10358     0.01976    0.10201
664       0.02096    0.10358     0.01976    0.10201
665       0.02096    0.10358     0.01976    0.10201
666       0.02096    0.10358     0.01976    0.10201
667       0.02096    0.10358     0.01976    0.10201
668       0.02096    0.10358     0.01976    0.10201
669       0.02096    0.10358     0.01976    0.10201
670       0.02096    0.10358     0.01976    0.10201
671       0.02096    0.10358     0.01976    0.10201
672       0.02096    0.10358     0.01976    0.10201
673       0.02096    0.10358     0.01976    0.10201
674       0.02096    0.10358     0.01976    0.10201
675       0.02096    0.10358     0.01976    0.10201
676       0.02096    0.10358     0.01976    0.10201
677       0.02096    0.10358     0.01976    0.10201
678       0.02096    0.10358     0.01976    0.10201
679       0.02096    0.10358     0.01976    0.10201
680       0.02096    0.10358     0.01976    0.10201
681       0.02096    0.10358     0.01976    0.10201
682       0.02096    0.10358     0.01976    0.10201
683       0.02096    0.10358     0.01976    0.10201
684       0.02096    0.10358     0.01976    0.10201
685       0.02096    0.10358     0.01976    0.10201
686       0.02096    0.10358     0.01976    0.10201
687       0.02096    0.10358     0.01976    0.10201
688       0.02096    0.10358     0.01976    0.10201
689       0.02096    0.10358     0.01976    0.10201
690       0.02096    0.10358     0.01976    0.10201
691       0.02096    0.10358     0.01976    0.10201
692       0.02096    0.10358     0.01976    0.10201
693       0.02096    0.10358     0.01976    0.10201
694       0.02096    0.10358     0.01976    0.10201
695       0.02096    0.10358     0.01976    0.10201
696       0.02096    0.10358     0.01976    0.10201
697       0.02096    0.10358     0.01976    0.10201
698       0.02096    0.10358     0.01976    0.10201
699       0.02096    0.10358     0.01976    0.10201
700       0.02096    0.10358     0.01976    0.10201
701       0.02096    0.10358     0.01976    0.10201
702       0.02096    0.10358     0.01976    0.10201
703       0.02096    0.10358     0.01976    0.10201
704       0.02096    0.10358     0.01976    0.10201
705       0.02096    0.10358     0.01976    0.10201
706       0.02096    0.10358     0.01976    0.10201
707       0.02096    0.10358     0.01976    0.10201
708       0.02096    0.10358     0.01976    0.10201
709       0.02096    0.10358     0.01976    0.10201
710       0.02096    0.10358     0.01976    0.10201
711       0.02096    0.10358     0.01976    0.10201
712       0.02096    0.10358     0.01976    0.10201
713       0.02096    0.10358     0.01976    0.10201
714       0.02096    0.10358     0.01976    0.10201
715       0.02096    0.10358     0.01976    0.10201
716       0.02096    0.10358     0.01976    0.10201
717       0.02096    0.10358     0.01976    0.10201
718       0.02096    0.10358     0.01976    0.10201
719       0.02096    0.10358     0.01976    0.10201
720       0.02096    0.10358     0.01976    0.10201
721       0.02096    0.10358     0.01976    0.10201
722       0.02096    0.10358     0.01976    0.10201
723       0.02096    0.10358     0.01976    0.10201
724       0.02096    0.10358     0.01976    0.10201
725       0.02096    0.10358     0.01976    0.10201
726       0.02096    0.10358     0.01976    0.10201
727       0.02096    0.10358     0.01976    0.10201
728       0.02096    0.10358     0.01976    0.10201
729       0.02096    0.10358     0.01976    0.10201
730       0.02096    0.10358     0.01976    0.10201
731       0.02096    0.10358     0.01976    0.10201
732       0.02096    0.10358     0.01976    0.10201
733       0.02096    0.10358     0.01976    0.10201
734       0.02096    0.10358     0.01976    0.10201
735       0.02096    0.10358     0.01976    0.10201
736       0.02096    0.10358     0.01976    0.10201
737       0.02096    0.10358     0.01976    0.10201
738       0.02096    0.10358     0.01976    0.10201
739       0.02096    0.10358     0.01976    0.10201
740       0.02096    0.10358     0.01976    0.10201
741       0.02096    0.10358     0.01976    0.10201
742       0.02096    0.10358     0.01976    0.10201
743       0.02096    0.10358     0.01976    0.10201
744       0.02096    0.10358     0.01976    0.10201
745       0.02096    0.10358     0.01976    0.10201
746       0.02096    0.10358     0.01976    0.10201
747       0.02096    0.10358     0.01976    0.10201
748       0.02096    0.10358     0.01976    0.10201
749       0.02096    0.10358     0.01976    0.10201
750       0.02096    0.10358     0.01976    0.10201
751       0.02096    0.10358     0.01976    0.10201
752       0.02096    0.10358     0.01976    0.10201
753       0.02096    0.10358     0.01976    0.10201
754       0.02096    0.10358     0.01976    0.10201
755       0.02096    0.10358     0.01976    0.10201
756       0.02096    0.10358     0.01976    0.10201
757       0.02096    0.10358     0.01976    0.10201
758       0.02096    0.10358     0.01976    0.10201
759       0.02096    0.10358     0.01976    0.10201
760       0.02096    0.10358     0.01976    0.10201
761       0.02096    0.10358     0.01976    0.10201
762       0.02096    0.10358     0.01976    0.10201
763       0.02096    0.10358     0.01976    0.10201
764       0.02096    0.10358     0.01976    0.10201
765       0.02096    0.10358     0.01976    0.10201
766       0.02096    0.10358     0.01976    0.10201
767       0.02096    0.10358     0.01976    0.10201
768       0.02096    0.10358     0.01976    0.10201
769       0.02096    0.10358     0.01976    0.10201
770       0.02096    0.10358     0.01976    0.10201
771       0.02096    0.10358     0.01976    0.10201
772       0.02096    0.10358     0.01976    0.10201
773       0.02096    0.10358     0.01976    0.10201
774       0.02096    0.10358     0.01976    0.10201
775       0.02096    0.10358     0.01976    0.10201
776       0.02096    0.10358     0.01976    0.10201
777       0.02096    0.10358     0.01976    0.10201
778       0.02096    0.10358     0.01976    0.10201
779       0.02096    0.10358     0.01976    0.10201
780       0.02096    0.10358     0.01976    0.10201
781       0.02096    0.10358     0.01976    0.10201
782       0.02096    0.10358     0.01976    0.10201
783       0.02096    0.10358     0.01976    0.10201
784       0.02096    0.10358     0.01976    0.10201
785       0.02096    0.10358     0.01976    0.10201
786       0.02096    0.10358     0.01976    0.10202
787       0.02096    0.10358     0.01976    0.10202
788       0.02096    0.10358     0.01976    0.10202
789       0.02096    0.10358     0.01976    0.10202
790       0.02096    0.10358     0.01976    0.10202
791       0.02096    0.10358     0.01976    0.10202
792       0.02096    0.10358     0.01976    0.10202
793       0.02096    0.10358     0.01976    0.10202
794       0.02096    0.10358     0.01976    0.10202
795       0.02096    0.10358     0.01976    0.10202
796       0.02096    0.10358     0.01976    0.10202
797       0.02096    0.10358     0.01976    0.10202
798       0.02096    0.10358     0.01976    0.10202
799       0.02096    0.10358     0.01976    0.10202
800       0.02096    0.10358     0.01976    0.10202
801       0.02096    0.10358     0.01976    0.10202
802       0.02096    0.10358     0.01976    0.10202
803       0.02096    0.10358     0.01976    0.10202
804       0.02096    0.10358     0.01976    0.10202
805       0.02096    0.10358     0.01976    0.10202
806       0.02096    0.10358     0.01976    0.10202
807       0.02096    0.10358     0.01976    0.10202
808       0.02096    0.10358     0.01976    0.10202
809       0.02096    0.10358     0.01976    0.10202
810       0.02096    0.10358     0.01976    0.10202
811       0.02096    0.10358     0.01976    0.10202
812       0.02096    0.10358     0.01976    0.10202
813       0.02096    0.10358     0.01976    0.10202
814       0.02096    0.10358     0.01976    0.10202
815       0.02096    0.10358     0.01976    0.10202
816       0.02096    0.10358     0.01976    0.10202
817       0.02096    0.10358     0.01976    0.10202
818       0.02096    0.10358     0.01976    0.10202
819       0.02096    0.10358     0.01976    0.10202
820       0.02096    0.10358     0.01976    0.10202
821       0.02096    0.10358     0.01976    0.10202
822       0.02096    0.10358     0.01976    0.10202
823       0.02096    0.10358     0.01976    0.10202
824       0.02096    0.10358     0.01976    0.10202
825       0.02096    0.10358     0.01976    0.10202
826       0.02096    0.10358     0.01976    0.10202
827       0.02096    0.10358     0.01976    0.10202
828       0.02096    0.10358     0.01976    0.10202
829       0.02096    0.10358     0.01976    0.10202
830       0.02096    0.10358     0.01976    0.10202
831       0.02096    0.10358     0.01976    0.10202
832       0.02096    0.10358     0.01976    0.10202
833       0.02096    0.10358     0.01976    0.10202
834       0.02096    0.10358     0.01976    0.10202
835       0.02096    0.10358     0.01976    0.10202
836       0.02096    0.10358     0.01976    0.10202
837       0.02096    0.10358     0.01976    0.10202
838       0.02096    0.10358     0.01976    0.10202
839       0.02096    0.10358     0.01976    0.10202
840       0.02096    0.10358     0.01976    0.10202
841       0.02096    0.10358     0.01976    0.10202
842       0.02096    0.10358     0.01976    0.10202
843       0.02096    0.10358     0.01976    0.10202
844       0.02096    0.10358     0.01976    0.10202
845       0.02096    0.10358     0.01976    0.10202
846       0.02096    0.10358     0.01976    0.10202
847       0.02096    0.10358     0.01976    0.10202
848       0.02096    0.10358     0.01976    0.10202
849       0.02096    0.10358     0.01976    0.10202
850       0.02096    0.10358     0.01976    0.10202
851       0.02096    0.10358     0.01976    0.10202
852       0.02096    0.10358     0.01976    0.10202
853       0.02096    0.10358     0.01976    0.10202
854       0.02096    0.10358     0.01976    0.10202
855       0.02096    0.10358     0.01976    0.10202
856       0.02096    0.10358     0.01976    0.10202
857       0.02096    0.10358     0.01976    0.10202
858       0.02096    0.10358     0.01976    0.10202
859       0.02096    0.10358     0.01976    0.10202
860       0.02096    0.10358     0.01976    0.10202
861       0.02096    0.10358     0.01976    0.10202
862       0.02096    0.10358     0.01976    0.10202
863       0.02096    0.10358     0.01976    0.10202
864       0.02096    0.10358     0.01976    0.10202
865       0.02096    0.10358     0.01976    0.10202
866       0.02096    0.10358     0.01976    0.10202
867       0.02096    0.10358     0.01976    0.10202
868       0.02096    0.10358     0.01976    0.10202
869       0.02096    0.10358     0.01976    0.10202
870       0.02096    0.10358     0.01976    0.10202
871       0.02096    0.10358     0.01976    0.10202
872       0.02096    0.10358     0.01976    0.10202
873       0.02096    0.10358     0.01976    0.10202
874       0.02096    0.10358     0.01976    0.10202
875       0.02096    0.10358     0.01976    0.10202
876       0.02096    0.10358     0.01976    0.10202
877       0.02096    0.10358     0.01976    0.10202
878       0.02096    0.10358     0.01976    0.10202
879       0.02096    0.10358     0.01976    0.10202
880       0.02096    0.10358     0.01976    0.10202
881       0.02096    0.10358     0.01976    0.10202
882       0.02096    0.10358     0.01976    0.10202
883       0.02096    0.10358     0.01976    0.10202
884       0.02096    0.10358     0.01976    0.10202
885       0.02096    0.10358     0.01976    0.10202
886       0.02096    0.10358     0.01976    0.10202
887       0.02096    0.10358     0.01976    0.10202
888       0.02096    0.10358     0.01976    0.10202
889       0.02096    0.10358     0.01976    0.10202
890       0.02096    0.10358     0.01976    0.10202
891       0.02096    0.10358     0.01976    0.10202
892       0.02096    0.10358     0.01976    0.10202
893       0.02096    0.10358     0.01976    0.10202
894       0.02096    0.10358     0.01976    0.10202
895       0.02096    0.10358     0.01976    0.10202
896       0.02096    0.10358     0.01976    0.10202
897       0.02096    0.10358     0.01976    0.10202
898       0.02096    0.10358     0.01976    0.10202
899       0.02096    0.10358     0.01976    0.10202
900       0.02096    0.10358     0.01976    0.10202
901       0.02096    0.10358     0.01976    0.10202
902       0.02096    0.10358     0.01976    0.10202
903       0.02096    0.10358     0.01976    0.10202
904       0.02096    0.10358     0.01976    0.10202
905       0.02096    0.10358     0.01976    0.10202
906       0.02096    0.10358     0.01976    0.10202
907       0.02096    0.10358     0.01976    0.10202
908       0.02096    0.10358     0.01976    0.10202
909       0.02096    0.10358     0.01976    0.10202
910       0.02096    0.10358     0.01976    0.10202
911       0.02096    0.10358     0.01976    0.10202
912       0.02096    0.10358     0.01976    0.10202
913       0.02096    0.10358     0.01976    0.10202
914       0.02096    0.10358     0.01976    0.10202
915       0.02096    0.10358     0.01976    0.10202
916       0.02096    0.10358     0.01976    0.10202
917       0.02096    0.10358     0.01976    0.10202
918       0.02096    0.10358     0.01976    0.10202
919       0.02096    0.10358     0.01976    0.10202
920       0.02096    0.10358     0.01976    0.10202
921       0.02096    0.10358     0.01976    0.10202
922       0.02096    0.10358     0.01976    0.10202
923       0.02096    0.10358     0.01976    0.10202
924       0.02096    0.10358     0.01976    0.10202
925       0.02096    0.10358     0.01976    0.10202
926       0.02096    0.10358     0.01976    0.10202
927       0.02096    0.10358     0.01976    0.10202
928       0.02096    0.10358     0.01976    0.10202
929       0.02096    0.10358     0.01976    0.10202
930       0.02096    0.10358     0.01976    0.10202
931       0.02096    0.10358     0.01976    0.10202
932       0.02096    0.10358     0.01976    0.10202
933       0.02096    0.10358     0.01976    0.10202
934       0.02096    0.10358     0.01976    0.10202
935       0.02096    0.10358     0.01976    0.10202
936       0.02096    0.10358     0.01976    0.10202
937       0.02096    0.10358     0.01976    0.10202
938       0.02096    0.10358     0.01976    0.10202
939       0.02096    0.10358     0.01976    0.10202
940       0.02096    0.10358     0.01976    0.10202
941       0.02096    0.10358     0.01976    0.10202
942       0.02096    0.10358     0.01976    0.10202
943       0.02096    0.10358     0.01976    0.10202
944       0.02096    0.10358     0.01976    0.10202
945       0.02096    0.10358     0.01976    0.10202
946       0.02096    0.10358     0.01976    0.10202
947       0.02096    0.10358     0.01976    0.10202
948       0.02096    0.10358     0.01976    0.10202
949       0.02096    0.10358     0.01976    0.10202
950       0.02096    0.10358     0.01976    0.10202
951       0.02096    0.10358     0.01976    0.10202
952       0.02096    0.10358     0.01976    0.10202
953       0.02096    0.10358     0.01976    0.10202
954       0.02096    0.10358     0.01976    0.10202
955       0.02096    0.10358     0.01976    0.10202
956       0.02096    0.10358     0.01976    0.10202
957       0.02096    0.10358     0.01976    0.10202
958       0.02096    0.10358     0.01976    0.10202
959       0.02096    0.10358     0.01976    0.10202
960       0.02096    0.10358     0.01976    0.10202
961       0.02096    0.10358     0.01976    0.10202
962       0.02096    0.10358     0.01976    0.10202
963       0.02096    0.10358     0.01976    0.10202
964       0.02096    0.10358     0.01976    0.10202
965       0.02096    0.10358     0.01976    0.10202
966       0.02096    0.10358     0.01976    0.10202
967       0.02096    0.10358     0.01976    0.10202
968       0.02096    0.10358     0.01976    0.10202
969       0.02096    0.10358     0.01976    0.10202
970       0.02096    0.10358     0.01976    0.10202
971       0.02096    0.10358     0.01976    0.10202
972       0.02096    0.10358     0.01976    0.10202
973       0.02096    0.10358     0.01976    0.10202
974       0.02096    0.10358     0.01976    0.10202
975       0.02096    0.10358     0.01976    0.10202
976       0.02096    0.10358     0.01976    0.10202
977       0.02096    0.10358     0.01976    0.10202
978       0.02096    0.10358     0.01976    0.10202
979       0.02096    0.10358     0.01976    0.10202
980       0.02096    0.10358     0.01976    0.10202
981       0.02096    0.10358     0.01976    0.10202
982       0.02096    0.10358     0.01976    0.10202
983       0.02096    0.10358     0.01976    0.10202
984       0.02096    0.10358     0.01976    0.10202
985       0.02096    0.10358     0.01976    0.10202
986       0.02096    0.10358     0.01976    0.10202
987       0.02096    0.10358     0.01976    0.10202
988       0.02096    0.10358     0.01976    0.10202
989       0.02096    0.10358     0.01976    0.10202
990       0.02096    0.10358     0.01976    0.10202
991       0.02096    0.10358     0.01976    0.10202
992       0.02096    0.10358     0.01976    0.10202
993       0.02096    0.10358     0.01976    0.10202
994       0.02096    0.10358     0.01976    0.10202
995       0.02096    0.10358     0.01976    0.10202
996       0.02096    0.10358     0.01976    0.10202
997       0.02096    0.10358     0.01976    0.10202
998       0.02096    0.10358     0.01976    0.10202
999       0.02096    0.10358     0.01976    0.10202
1000       0.02096    0.10358     0.01976    0.10202
1001       0.02096    0.10358     0.01976    0.10202
1002       0.02096    0.10358     0.01976    0.10202
1003       0.02096    0.10358     0.01976    0.10202
1004       0.02096    0.10358     0.01976    0.10202
1005       0.02096    0.10358     0.01976    0.10202
1006       0.02096    0.10358     0.01976    0.10202
1007       0.02096    0.10358     0.01976    0.10202
1008       0.02096    0.10358     0.01976    0.10202
1009       0.02096    0.10358     0.01976    0.10202
1010       0.02096    0.10358     0.01976    0.10202
1011       0.02096    0.10358     0.01976    0.10202
1012       0.02096    0.10358     0.01976    0.10202
1013       0.02096    0.10358     0.01976    0.10202
1014       0.02096    0.10358     0.01976    0.10202
1015       0.02096    0.10358     0.01976    0.10202
1016       0.02096    0.10358     0.01976    0.10202
1017       0.02096    0.10358     0.01976    0.10202
1018       0.02096    0.10358     0.01976    0.10202
1019       0.02096    0.10358     0.01976    0.10202
1020       0.02096    0.10358     0.01976    0.10202
1021       0.02096    0.10358     0.01976    0.10202
1022       0.02096    0.10358     0.01976    0.10202
1023       0.02096    0.10358     0.01976    0.10202
1024       0.02096    0.10358     0.01976    0.10202
1025       0.02096    0.10358     0.01976    0.10202
1026       0.02096    0.10358     0.01976    0.10202
1027       0.02096    0.10358     0.01976    0.10202
1028       0.02096    0.10358     0.01976    0.10202
1029       0.02096    0.10358     0.01976    0.10202
1030       0.02096    0.10358     0.01976    0.10202
1031       0.02096    0.10358     0.01976    0.10202
1032       0.02096    0.10358     0.01976    0.10202
1033       0.02096    0.10358     0.01976    0.10202
1034       0.02096    0.10358     0.01976    0.10202
1035       0.02096    0.10358     0.01976    0.10202
1036       0.02096    0.10358     0.01976    0.10202
1037       0.02096    0.10358     0.01976    0.10202
1038       0.02096    0.10358     0.01976    0.10202
1039       0.02096    0.10358     0.01976    0.10202
1040       0.02096    0.10358     0.01976    0.10202
1041       0.02096    0.10358     0.01976    0.10202
1042       0.02096    0.10358     0.01976    0.10202
1043       0.02096    0.10358     0.01976    0.10202
1044       0.02096    0.10358     0.01976    0.10202
1045       0.02096    0.10358     0.01976    0.10202
1046       0.02096    0.10358     0.01976    0.10202
1047       0.02096    0.10358     0.01976    0.10202
1048       0.02096    0.10358     0.01976    0.10202
1049       0.02096    0.10358     0.01976    0.10202
1050       0.02096    0.10358     0.01976    0.10202
1051       0.02096    0.10358     0.01976    0.10202
1052       0.02096    0.10358     0.01976    0.10202
1053       0.02096    0.10358     0.01976    0.10202
1054       0.02096    0.10358     0.01976    0.10202
1055       0.02096    0.10358     0.01976    0.10202
1056       0.02096    0.10358     0.01976    0.10202
1057       0.02096    0.10358     0.01976    0.10202
1058       0.02096    0.10358     0.01976    0.10202
1059       0.02096    0.10358     0.01976    0.10202
1060       0.02096    0.10358     0.01976    0.10202
1061       0.02096    0.10358     0.01976    0.10202
1062       0.02096    0.10358     0.01976    0.10202
1063       0.02096    0.10358     0.01976    0.10202
1064       0.02096    0.10358     0.01976    0.10202
1065       0.02096    0.10358     0.01976    0.10202
1066       0.02096    0.10358     0.01976    0.10202
1067       0.02096    0.10358     0.01976    0.10202
1068       0.02096    0.10358     0.01976    0.10202
1069       0.02096    0.10358     0.01976    0.10202
1070       0.02096    0.10358     0.01976    0.10202
1071       0.02096    0.10358     0.01976    0.10202
1072       0.02096    0.10358     0.01976    0.10202
1073       0.02096    0.10358     0.01976    0.10202
1074       0.02096    0.10358     0.01976    0.10202
1075       0.02096    0.10358     0.01976    0.10202
1076       0.02096    0.10358     0.01976    0.10202
1077       0.02096    0.10358     0.01976    0.10202
1078       0.02096    0.10358     0.01976    0.10202
1079       0.02096    0.10358     0.01976    0.10202
1080       0.02096    0.10358     0.01976    0.10202
1081       0.02096    0.10358     0.01976    0.10202
1082       0.02096    0.10358     0.01976    0.10202
1083       0.02096    0.10358     0.01976    0.10202
1084       0.02096    0.10358     0.01976    0.10202
1085       0.02096    0.10358     0.01976    0.10202
1086       0.02096    0.10358     0.01976    0.10202
1087       0.02096    0.10358     0.01976    0.10202
1088       0.02096    0.10358     0.01976    0.10202
1089       0.02096    0.10358     0.01976    0.10202
1090       0.02096    0.10358     0.01976    0.10202
1091       0.02096    0.10358     0.01976    0.10202
1092       0.02096    0.10358     0.01976    0.10202
1093       0.02096    0.10358     0.01976    0.10202
1094       0.02096    0.10358     0.01976    0.10202
1095       0.02096    0.10358     0.01976    0.10202
1096       0.02096    0.10358     0.01976    0.10202
1097       0.02096    0.10358     0.01976    0.10202
1098       0.02096    0.10358     0.01976    0.10202
1099       0.02096    0.10358     0.01976    0.10202
1100       0.02096    0.10358     0.01976    0.10202
1101       0.02096    0.10358     0.01976    0.10202
1102       0.02096    0.10358     0.01976    0.10202
1103       0.02096    0.10358     0.01976    0.10202
1104       0.02096    0.10358     0.01976    0.10202
1105       0.02096    0.10358     0.01976    0.10202
1106       0.02096    0.10358     0.01976    0.10202
1107       0.02096    0.10358     0.01976    0.10202
1108       0.02096    0.10358     0.01976    0.10202
1109       0.02096    0.10358     0.01976    0.10202
1110       0.02096    0.10358     0.01976    0.10202
1111       0.02096    0.10358     0.01976    0.10202
1112       0.02096    0.10358     0.01976    0.10202
1113       0.02096    0.10358     0.01976    0.10202
1114       0.02096    0.10358     0.01976    0.10202
1115       0.02096    0.10358     0.01976    0.10202
1116       0.02096    0.10358     0.01976    0.10202
1117       0.02096    0.10358     0.01976    0.10202
1118       0.02096    0.10358     0.01976    0.10202
1119       0.02096    0.10358     0.01976    0.10202
1120       0.02096    0.10358     0.01976    0.10202
1121       0.02096    0.10358     0.01976    0.10202
1122       0.02096    0.10358     0.01976    0.10202
1123       0.02096    0.10358     0.01976    0.10202
1124       0.02096    0.10358     0.01976    0.10202
1125       0.02096    0.10358     0.01976    0.10202
1126       0.02096    0.10358     0.01976    0.10202
1127       0.02096    0.10358     0.01976    0.10202
1128       0.02096    0.10358     0.01976    0.10202
1129       0.02096    0.10358     0.01976    0.10202
1130       0.02096    0.10358     0.01976    0.10202
1131       0.02096    0.10358     0.01976    0.10202
1132       0.02096    0.10358     0.01976    0.10202
1133       0.02096    0.10358     0.01976    0.10202
1134       0.02096    0.10358     0.01976    0.10202
1135       0.02096    0.10358     0.01976    0.10202
1136       0.02096    0.10358     0.01976    0.10202
1137       0.02096    0.10358     0.01976    0.10202
1138       0.02096    0.10358     0.01976    0.10202
1139       0.02096    0.10358     0.01976    0.10202
1140       0.02096    0.10358     0.01976    0.10202
1141       0.02096    0.10358     0.01976    0.10202
1142       0.02096    0.10358     0.01976    0.10202
1143       0.02096    0.10358     0.01976    0.10202
1144       0.02096    0.10358     0.01976    0.10202
1145       0.02096    0.10358     0.01976    0.10202
1146       0.02096    0.10358     0.01976    0.10202
1147       0.02096    0.10358     0.01976    0.10202
1148       0.02096    0.10358     0.01976    0.10202
1149       0.02096    0.10358     0.01976    0.10202
1150       0.02096    0.10358     0.01976    0.10202
1151       0.02096    0.10358     0.01976    0.10202
1152       0.02096    0.10358     0.01976    0.10202
1153       0.02096    0.10358     0.01976    0.10202
1154       0.02096    0.10358     0.01976    0.10202
1155       0.02096    0.10358     0.01976    0.10202
1156       0.02096    0.10358     0.01976    0.10202
1157       0.02096    0.10358     0.01976    0.10202
1158       0.02096    0.10358     0.01976    0.10202
1159       0.02096    0.10358     0.01976    0.10202
1160       0.02096    0.10358     0.01976    0.10202
1161       0.02096    0.10358     0.01976    0.10202
1162       0.02096    0.10358     0.01976    0.10202
1163       0.02096    0.10358     0.01976    0.10202
1164       0.02096    0.10358     0.01976    0.10202
1165       0.02096    0.10358     0.01976    0.10202
1166       0.02096    0.10358     0.01976    0.10202    0.02188    0.10329