Ciclo   TrainMSE   TrainMAE   ValidMSE   ValidMAE   TestMSE     TestMAE
----------------------------------------------------------------------- 
0       0.02660    0.11452     0.02540    0.11235
1       0.02531    0.11134     0.02412    0.10945
2       0.02472    0.10987     0.02352    0.10799
3       0.02427    0.10873     0.02305    0.10683
4       0.02390    0.10779     0.02267    0.10585
5       0.02359    0.10700     0.02234    0.10505
6       0.02333    0.10635     0.02206    0.10443
7       0.02310    0.10580     0.02183    0.10391
8       0.02291    0.10536     0.02163    0.10352
9       0.02275    0.10499     0.02147    0.10322
10       0.02262    0.10468     0.02133    0.10297
11       0.02250    0.10443     0.02121    0.10276
12       0.02240    0.10422     0.02111    0.10260
13       0.02232    0.10404     0.02103    0.10246
14       0.02224    0.10390     0.02096    0.10234
15       0.02218    0.10377     0.02090    0.10226
16       0.02213    0.10368     0.02085    0.10219
17       0.02208    0.10360     0.02080    0.10214
18       0.02204    0.10354     0.02077    0.10209
19       0.02201    0.10349     0.02074    0.10206
20       0.02198    0.10345     0.02071    0.10204
21       0.02195    0.10342     0.02069    0.10202
22       0.02193    0.10340     0.02067    0.10201
23       0.02191    0.10338     0.02065    0.10200
24       0.02189    0.10337     0.02064    0.10199
25       0.02187    0.10336     0.02063    0.10199
26       0.02186    0.10335     0.02061    0.10199
27       0.02185    0.10334     0.02061    0.10200
28       0.02184    0.10334     0.02060    0.10200
29       0.02183    0.10334     0.02059    0.10200
30       0.02182    0.10334     0.02059    0.10201
31       0.02181    0.10334     0.02058    0.10201
32       0.02180    0.10334     0.02058    0.10202
33       0.02180    0.10334     0.02057    0.10202
34       0.02179    0.10334     0.02057    0.10203
35       0.02179    0.10334     0.02057    0.10204
36       0.02178    0.10335     0.02056    0.10204
37       0.02178    0.10335     0.02056    0.10205
38       0.02177    0.10335     0.02056    0.10205
39       0.02177    0.10336     0.02056    0.10206
40       0.02177    0.10336     0.02056    0.10207
41       0.02176    0.10336     0.02055    0.10207
42       0.02176    0.10337     0.02055    0.10208
43       0.02176    0.10337     0.02055    0.10208
44       0.02175    0.10337     0.02055    0.10208
45       0.02175    0.10338     0.02055    0.10209
46       0.02175    0.10338     0.02055    0.10209
47       0.02175    0.10338     0.02055    0.10210
48       0.02175    0.10339     0.02055    0.10210
49       0.02174    0.10339     0.02055    0.10210
50       0.02174    0.10339     0.02055    0.10211
51       0.02174    0.10340     0.02055    0.10211
52       0.02174    0.10340     0.02055    0.10212
53       0.02174    0.10340     0.02055    0.10212
54       0.02174    0.10341     0.02055    0.10212
55       0.02174    0.10341     0.02055    0.10212
56       0.02173    0.10341     0.02055    0.10213
57       0.02173    0.10341     0.02054    0.10213
58       0.02173    0.10342     0.02054    0.10213
59       0.02173    0.10342     0.02054    0.10214
60       0.02173    0.10342     0.02054    0.10214
61       0.02173    0.10342     0.02054    0.10214
62       0.02173    0.10342     0.02054    0.10214
63       0.02173    0.10343     0.02054    0.10215
64       0.02173    0.10343     0.02054    0.10215
65       0.02173    0.10343     0.02054    0.10215
66       0.02173    0.10343     0.02054    0.10215
67       0.02173    0.10343     0.02054    0.10215
68       0.02173    0.10343     0.02054    0.10216
69       0.02172    0.10344     0.02054    0.10216
70       0.02172    0.10344     0.02054    0.10216
71       0.02172    0.10344     0.02054    0.10216
72       0.02172    0.10344     0.02054    0.10216
73       0.02172    0.10344     0.02054    0.10217
74       0.02172    0.10344     0.02054    0.10217
75       0.02172    0.10344     0.02054    0.10217
76       0.02172    0.10345     0.02054    0.10217
77       0.02172    0.10345     0.02054    0.10217
78       0.02172    0.10345     0.02054    0.10217
79       0.02172    0.10345     0.02054    0.10217
80       0.02172    0.10345     0.02054    0.10218
81       0.02172    0.10345     0.02054    0.10218
82       0.02172    0.10345     0.02054    0.10218
83       0.02172    0.10345     0.02054    0.10218
84       0.02172    0.10346     0.02054    0.10218
85       0.02172    0.10346     0.02054    0.10218
86       0.02172    0.10346     0.02054    0.10218
87       0.02172    0.10346     0.02054    0.10218
88       0.02172    0.10346     0.02054    0.10218
89       0.02172    0.10346     0.02054    0.10219
90       0.02172    0.10346     0.02054    0.10219
91       0.02172    0.10346     0.02054    0.10219
92       0.02172    0.10346     0.02054    0.10219
93       0.02172    0.10346     0.02054    0.10219
94       0.02172    0.10347     0.02054    0.10219
95       0.02172    0.10347     0.02054    0.10219
96       0.02172    0.10347     0.02054    0.10219
97       0.02172    0.10347     0.02054    0.10219
98       0.02172    0.10347     0.02054    0.10219
99       0.02172    0.10347     0.02054    0.10220
100       0.02172    0.10347     0.02054    0.10220
101       0.02172    0.10347     0.02054    0.10220
102       0.02172    0.10347     0.02054    0.10220
103       0.02172    0.10347     0.02054    0.10220
104       0.02172    0.10347     0.02054    0.10220
105       0.02172    0.10347     0.02054    0.10220
106       0.02172    0.10347     0.02054    0.10220
107       0.02172    0.10347     0.02054    0.10220
108       0.02172    0.10348     0.02054    0.10220
109       0.02171    0.10348     0.02054    0.10220
110       0.02171    0.10348     0.02054    0.10220
111       0.02171    0.10348     0.02054    0.10220
112       0.02171    0.10348     0.02054    0.10220
113       0.02171    0.10348     0.02054    0.10220
114       0.02171    0.10348     0.02054    0.10221
115       0.02171    0.10348     0.02054    0.10221
116       0.02171    0.10348     0.02054    0.10221
117       0.02171    0.10348     0.02054    0.10221
118       0.02171    0.10348     0.02054    0.10221
119       0.02171    0.10348     0.02054    0.10221
120       0.02171    0.10348     0.02054    0.10221
121       0.02171    0.10348     0.02054    0.10221
122       0.02171    0.10348     0.02054    0.10221
123       0.02171    0.10348     0.02054    0.10221
124       0.02171    0.10348     0.02054    0.10221
125       0.02171    0.10348     0.02054    0.10221
126       0.02171    0.10348     0.02054    0.10221
127       0.02171    0.10348     0.02054    0.10221
128       0.02171    0.10348     0.02054    0.10221
129       0.02171    0.10348     0.02054    0.10221
130       0.02171    0.10349     0.02054    0.10221
131       0.02171    0.10349     0.02054    0.10221
132       0.02171    0.10349     0.02054    0.10221
133       0.02171    0.10349     0.02054    0.10221
134       0.02171    0.10349     0.02054    0.10221
135       0.02171    0.10349     0.02054    0.10221
136       0.02171    0.10349     0.02054    0.10221
137       0.02171    0.10349     0.02054    0.10221
138       0.02171    0.10349     0.02054    0.10221
139       0.02171    0.10349     0.02054    0.10221
140       0.02171    0.10349     0.02054    0.10222
141       0.02171    0.10349     0.02054    0.10222
142       0.02171    0.10349     0.02054    0.10222
143       0.02171    0.10349     0.02054    0.10222
144       0.02171    0.10349     0.02054    0.10222
145       0.02171    0.10349     0.02054    0.10222
146       0.02171    0.10349     0.02054    0.10222
147       0.02171    0.10349     0.02054    0.10222
148       0.02171    0.10349     0.02054    0.10222
149       0.02171    0.10349     0.02054    0.10222
150       0.02171    0.10349     0.02054    0.10222
151       0.02171    0.10349     0.02054    0.10222
152       0.02171    0.10349     0.02054    0.10222
153       0.02171    0.10349     0.02054    0.10222
154       0.02171    0.10349     0.02054    0.10222
155       0.02171    0.10349     0.02054    0.10222
156       0.02171    0.10349     0.02054    0.10222
157       0.02171    0.10349     0.02054    0.10222
158       0.02171    0.10349     0.02054    0.10222
159       0.02171    0.10349     0.02054    0.10222
160       0.02171    0.10349     0.02054    0.10222
161       0.02171    0.10349     0.02054    0.10222
162       0.02171    0.10349     0.02054    0.10222
163       0.02171    0.10349     0.02054    0.10222
164       0.02171    0.10349     0.02054    0.10222
165       0.02171    0.10349     0.02054    0.10222
166       0.02171    0.10349     0.02054    0.10222
167       0.02171    0.10349     0.02054    0.10222
168       0.02171    0.10349     0.02054    0.10222
169       0.02171    0.10349     0.02054    0.10222
170       0.02171    0.10349     0.02054    0.10222
171       0.02171    0.10349     0.02054    0.10222
172       0.02171    0.10349     0.02054    0.10222
173       0.02171    0.10349     0.02054    0.10222
174       0.02171    0.10349     0.02054    0.10222
175       0.02171    0.10349     0.02054    0.10222
176       0.02171    0.10349     0.02054    0.10222
177       0.02171    0.10349     0.02054    0.10222
178       0.02171    0.10349     0.02054    0.10222
179       0.02171    0.10349     0.02054    0.10222
180       0.02171    0.10349     0.02054    0.10222
181       0.02171    0.10349     0.02054    0.10222
182       0.02171    0.10349     0.02054    0.10222
183       0.02171    0.10349     0.02054    0.10222
184       0.02171    0.10349     0.02054    0.10222
185       0.02171    0.10349     0.02054    0.10222
186       0.02171    0.10349     0.02054    0.10222
187       0.02171    0.10349     0.02054    0.10222
188       0.02171    0.10349     0.02054    0.10222
189       0.02171    0.10349     0.02054    0.10222
190       0.02171    0.10350     0.02054    0.10222
191       0.02171    0.10350     0.02054    0.10222
192       0.02171    0.10350     0.02054    0.10222
193       0.02171    0.10350     0.02054    0.10222
194       0.02171    0.10350     0.02054    0.10222
195       0.02171    0.10350     0.02054    0.10222
196       0.02171    0.10350     0.02054    0.10222
197       0.02171    0.10350     0.02054    0.10222
198       0.02171    0.10350     0.02054    0.10222
199       0.02171    0.10350     0.02054    0.10222
200       0.02171    0.10350     0.02054    0.10222
201       0.02171    0.10350     0.02054    0.10222
202       0.02171    0.10350     0.02054    0.10222
203       0.02171    0.10350     0.02054    0.10222
204       0.02171    0.10350     0.02054    0.10222
205       0.02171    0.10350     0.02054    0.10222
206       0.02171    0.10350     0.02054    0.10222
207       0.02171    0.10350     0.02054    0.10222
208       0.02171    0.10350     0.02054    0.10222
209       0.02171    0.10350     0.02054    0.10222
210       0.02171    0.10350     0.02054    0.10222
211       0.02171    0.10350     0.02054    0.10222
212       0.02171    0.10350     0.02054    0.10222
213       0.02171    0.10350     0.02054    0.10222
214       0.02171    0.10350     0.02054    0.10222
215       0.02171    0.10350     0.02054    0.10222
216       0.02171    0.10350     0.02054    0.10222
217       0.02171    0.10350     0.02054    0.10222
218       0.02171    0.10350     0.02054    0.10222
219       0.02171    0.10350     0.02054    0.10222
220       0.02171    0.10350     0.02054    0.10222
221       0.02171    0.10350     0.02054    0.10222
222       0.02171    0.10350     0.02054    0.10222
223       0.02171    0.10350     0.02054    0.10222
224       0.02171    0.10350     0.02054    0.10222
225       0.02171    0.10350     0.02054    0.10222
226       0.02171    0.10350     0.02054    0.10222
227       0.02171    0.10350     0.02054    0.10222
228       0.02171    0.10350     0.02054    0.10222
229       0.02171    0.10350     0.02054    0.10222
230       0.02171    0.10350     0.02054    0.10222
231       0.02171    0.10350     0.02054    0.10222
232       0.02171    0.10350     0.02054    0.10222
233       0.02171    0.10350     0.02054    0.10222
234       0.02171    0.10350     0.02054    0.10222
235       0.02171    0.10350     0.02054    0.10222
236       0.02171    0.10350     0.02054    0.10222
237       0.02171    0.10350     0.02054    0.10222
238       0.02171    0.10350     0.02054    0.10222
239       0.02171    0.10350     0.02054    0.10222
240       0.02171    0.10350     0.02054    0.10222
241       0.02171    0.10350     0.02054    0.10222
242       0.02171    0.10350     0.02054    0.10222
243       0.02171    0.10350     0.02054    0.10222
244       0.02171    0.10350     0.02054    0.10222
245       0.02171    0.10350     0.02054    0.10222
246       0.02171    0.10350     0.02054    0.10222
247       0.02171    0.10350     0.02054    0.10222
248       0.02171    0.10350     0.02054    0.10222
249       0.02171    0.10350     0.02054    0.10222
250       0.02171    0.10350     0.02054    0.10222
251       0.02171    0.10350     0.02054    0.10222
252       0.02171    0.10350     0.02054    0.10222
253       0.02171    0.10350     0.02054    0.10222
254       0.02171    0.10350     0.02054    0.10222
255       0.02171    0.10350     0.02054    0.10222
256       0.02171    0.10350     0.02054    0.10222
257       0.02171    0.10350     0.02054    0.10222
258       0.02171    0.10350     0.02054    0.10222
259       0.02171    0.10350     0.02054    0.10222
260       0.02171    0.10350     0.02054    0.10222
261       0.02171    0.10350     0.02054    0.10222
262       0.02171    0.10350     0.02054    0.10222
263       0.02171    0.10350     0.02054    0.10222
264       0.02171    0.10350     0.02054    0.10222
265       0.02171    0.10350     0.02054    0.10222
266       0.02171    0.10350     0.02054    0.10222
267       0.02171    0.10350     0.02054    0.10222
268       0.02171    0.10350     0.02054    0.10222
269       0.02171    0.10350     0.02054    0.10222
270       0.02171    0.10350     0.02054    0.10222
271       0.02171    0.10350     0.02054    0.10222
272       0.02171    0.10350     0.02054    0.10222
273       0.02171    0.10350     0.02054    0.10222
274       0.02171    0.10350     0.02054    0.10222
275       0.02171    0.10350     0.02054    0.10222
276       0.02171    0.10350     0.02054    0.10222
277       0.02171    0.10350     0.02054    0.10222
278       0.02171    0.10350     0.02054    0.10222
279       0.02171    0.10350     0.02054    0.10222
280       0.02171    0.10350     0.02054    0.10222
281       0.02171    0.10350     0.02054    0.10223
282       0.02171    0.10350     0.02054    0.10223
283       0.02171    0.10350     0.02054    0.10223
284       0.02171    0.10350     0.02054    0.10223
285       0.02171    0.10350     0.02054    0.10223
286       0.02171    0.10350     0.02054    0.10223
287       0.02171    0.10350     0.02054    0.10223
288       0.02171    0.10350     0.02054    0.10223
289       0.02171    0.10350     0.02054    0.10223
290       0.02171    0.10350     0.02054    0.10223
291       0.02171    0.10350     0.02054    0.10223
292       0.02171    0.10350     0.02054    0.10223
293       0.02171    0.10350     0.02054    0.10223
294       0.02171    0.10350     0.02054    0.10223
295       0.02171    0.10350     0.02054    0.10223
296       0.02171    0.10350     0.02054    0.10223
297       0.02171    0.10350     0.02054    0.10223
298       0.02171    0.10350     0.02054    0.10223
299       0.02171    0.10350     0.02054    0.10223
300       0.02171    0.10350     0.02054    0.10223
301       0.02171    0.10350     0.02054    0.10223
302       0.02171    0.10350     0.02054    0.10223
303       0.02171    0.10350     0.02054    0.10223
304       0.02171    0.10350     0.02054    0.10223
305       0.02171    0.10350     0.02054    0.10223
306       0.02171    0.10350     0.02054    0.10223
307       0.02171    0.10350     0.02054    0.10223
308       0.02171    0.10350     0.02054    0.10223
309       0.02171    0.10350     0.02054    0.10223
310       0.02171    0.10350     0.02054    0.10223
311       0.02171    0.10350     0.02054    0.10223
312       0.02171    0.10350     0.02054    0.10223
313       0.02171    0.10350     0.02054    0.10223
314       0.02171    0.10350     0.02054    0.10223
315       0.02171    0.10350     0.02054    0.10223
316       0.02171    0.10350     0.02054    0.10223
317       0.02171    0.10350     0.02054    0.10223
318       0.02171    0.10350     0.02054    0.10223
319       0.02171    0.10350     0.02054    0.10223
320       0.02171    0.10350     0.02054    0.10223
321       0.02171    0.10350     0.02054    0.10223
322       0.02171    0.10350     0.02054    0.10223
323       0.02171    0.10350     0.02054    0.10223
324       0.02171    0.10350     0.02054    0.10223
325       0.02171    0.10350     0.02054    0.10223
326       0.02171    0.10350     0.02054    0.10223
327       0.02171    0.10350     0.02054    0.10223
328       0.02171    0.10350     0.02054    0.10223
329       0.02171    0.10350     0.02054    0.10223
330       0.02171    0.10350     0.02054    0.10223
331       0.02171    0.10350     0.02054    0.10223
332       0.02171    0.10350     0.02054    0.10223
333       0.02171    0.10350     0.02054    0.10223
334       0.02171    0.10350     0.02054    0.10223
335       0.02171    0.10350     0.02054    0.10223
336       0.02171    0.10350     0.02054    0.10223
337       0.02171    0.10350     0.02054    0.10223
338       0.02171    0.10350     0.02054    0.10223
339       0.02171    0.10350     0.02054    0.10223
340       0.02171    0.10350     0.02054    0.10223
341       0.02171    0.10350     0.02054    0.10223
342       0.02171    0.10350     0.02054    0.10223
343       0.02171    0.10350     0.02054    0.10223
344       0.02171    0.10350     0.02054    0.10223
345       0.02171    0.10350     0.02054    0.10223
346       0.02171    0.10350     0.02054    0.10223
347       0.02171    0.10350     0.02054    0.10223
348       0.02171    0.10350     0.02054    0.10223
349       0.02171    0.10350     0.02054    0.10223
350       0.02171    0.10350     0.02054    0.10223
351       0.02171    0.10350     0.02054    0.10223
352       0.02171    0.10350     0.02054    0.10223
353       0.02171    0.10350     0.02054    0.10223
354       0.02171    0.10350     0.02054    0.10223
355       0.02171    0.10350     0.02054    0.10223
356       0.02171    0.10350     0.02054    0.10223
357       0.02171    0.10350     0.02054    0.10223
358       0.02171    0.10350     0.02054    0.10223
359       0.02171    0.10350     0.02054    0.10223
360       0.02171    0.10350     0.02054    0.10223
361       0.02171    0.10350     0.02054    0.10223
362       0.02171    0.10350     0.02054    0.10223
363       0.02171    0.10350     0.02054    0.10223
364       0.02171    0.10350     0.02054    0.10223
365       0.02171    0.10350     0.02054    0.10223
366       0.02171    0.10350     0.02054    0.10223
367       0.02171    0.10350     0.02054    0.10223
368       0.02171    0.10350     0.02054    0.10223
369       0.02171    0.10350     0.02054    0.10223
370       0.02171    0.10350     0.02054    0.10223
371       0.02171    0.10350     0.02054    0.10223
372       0.02171    0.10350     0.02054    0.10223
373       0.02171    0.10350     0.02054    0.10223
374       0.02171    0.10350     0.02054    0.10223
375       0.02171    0.10350     0.02054    0.10223
376       0.02171    0.10350     0.02054    0.10223
377       0.02171    0.10350     0.02054    0.10223
378       0.02171    0.10350     0.02054    0.10223
379       0.02171    0.10350     0.02054    0.10223
380       0.02171    0.10350     0.02054    0.10223
381       0.02171    0.10350     0.02054    0.10223
382       0.02171    0.10350     0.02054    0.10223
383       0.02171    0.10350     0.02054    0.10223
384       0.02171    0.10350     0.02054    0.10223
385       0.02171    0.10350     0.02054    0.10223
386       0.02171    0.10350     0.02054    0.10223
387       0.02171    0.10350     0.02054    0.10223
388       0.02171    0.10350     0.02054    0.10223
389       0.02171    0.10350     0.02054    0.10223
390       0.02171    0.10350     0.02054    0.10223
391       0.02171    0.10350     0.02054    0.10223
392       0.02171    0.10350     0.02054    0.10223
393       0.02171    0.10350     0.02054    0.10223
394       0.02171    0.10350     0.02054    0.10223
395       0.02171    0.10350     0.02054    0.10223
396       0.02171    0.10350     0.02054    0.10223
397       0.02171    0.10350     0.02054    0.10223
398       0.02171    0.10350     0.02054    0.10223
399       0.02171    0.10350     0.02054    0.10223
400       0.02171    0.10350     0.02054    0.10223
401       0.02171    0.10350     0.02054    0.10223
402       0.02171    0.10350     0.02054    0.10223
403       0.02171    0.10350     0.02054    0.10223
404       0.02171    0.10350     0.02054    0.10223
405       0.02171    0.10350     0.02054    0.10223
406       0.02171    0.10350     0.02054    0.10223
407       0.02171    0.10350     0.02054    0.10223
408       0.02171    0.10350     0.02054    0.10223
409       0.02171    0.10350     0.02054    0.10223
410       0.02171    0.10350     0.02054    0.10223
411       0.02171    0.10350     0.02054    0.10223
412       0.02171    0.10350     0.02054    0.10223
413       0.02171    0.10350     0.02054    0.10223
414       0.02171    0.10350     0.02054    0.10223
415       0.02171    0.10350     0.02054    0.10223
416       0.02171    0.10350     0.02054    0.10223
417       0.02171    0.10350     0.02054    0.10223
418       0.02171    0.10350     0.02054    0.10223
419       0.02171    0.10350     0.02054    0.10223
420       0.02171    0.10350     0.02054    0.10223
421       0.02171    0.10350     0.02054    0.10223
422       0.02171    0.10350     0.02054    0.10223
423       0.02171    0.10350     0.02054    0.10223
424       0.02171    0.10350     0.02054    0.10223
425       0.02171    0.10350     0.02054    0.10223
426       0.02171    0.10350     0.02054    0.10223
427       0.02171    0.10350     0.02054    0.10223
428       0.02171    0.10350     0.02054    0.10223
429       0.02171    0.10350     0.02054    0.10223
430       0.02171    0.10350     0.02054    0.10223
431       0.02171    0.10350     0.02054    0.10223
432       0.02171    0.10350     0.02054    0.10223
433       0.02171    0.10350     0.02054    0.10223
434       0.02171    0.10350     0.02054    0.10223
435       0.02171    0.10350     0.02054    0.10223
436       0.02171    0.10350     0.02054    0.10223
437       0.02171    0.10350     0.02054    0.10223
438       0.02171    0.10350     0.02054    0.10223
439       0.02171    0.10350     0.02054    0.10223
440       0.02171    0.10350     0.02054    0.10223
441       0.02171    0.10350     0.02054    0.10223
442       0.02171    0.10350     0.02054    0.10223
443       0.02171    0.10350     0.02054    0.10223
444       0.02171    0.10350     0.02054    0.10223
445       0.02171    0.10350     0.02054    0.10223
446       0.02171    0.10350     0.02054    0.10223
447       0.02171    0.10350     0.02054    0.10223
448       0.02171    0.10350     0.02054    0.10223
449       0.02171    0.10350     0.02054    0.10223
450       0.02171    0.10350     0.02054    0.10223
451       0.02171    0.10350     0.02054    0.10223
452       0.02171    0.10350     0.02054    0.10223
453       0.02171    0.10350     0.02054    0.10223
454       0.02171    0.10350     0.02054    0.10223
455       0.02171    0.10350     0.02054    0.10223
456       0.02171    0.10350     0.02054    0.10223
457       0.02171    0.10350     0.02054    0.10223
458       0.02171    0.10350     0.02054    0.10223
459       0.02171    0.10350     0.02054    0.10223
460       0.02171    0.10350     0.02054    0.10223
461       0.02171    0.10350     0.02054    0.10223
462       0.02171    0.10350     0.02054    0.10223
463       0.02171    0.10350     0.02054    0.10223
464       0.02171    0.10350     0.02054    0.10223
465       0.02171    0.10350     0.02054    0.10223
466       0.02171    0.10350     0.02054    0.10223
467       0.02171    0.10350     0.02054    0.10223
468       0.02171    0.10350     0.02054    0.10223
469       0.02171    0.10350     0.02054    0.10223
470       0.02171    0.10350     0.02054    0.10223
471       0.02171    0.10350     0.02054    0.10223
472       0.02171    0.10350     0.02054    0.10223
473       0.02171    0.10350     0.02054    0.10223
474       0.02171    0.10350     0.02054    0.10223
475       0.02171    0.10350     0.02054    0.10223
476       0.02171    0.10350     0.02054    0.10223
477       0.02171    0.10350     0.02054    0.10223
478       0.02171    0.10350     0.02054    0.10223
479       0.02171    0.10350     0.02054    0.10223
480       0.02171    0.10350     0.02054    0.10223
481       0.02171    0.10350     0.02054    0.10223
482       0.02171    0.10350     0.02054    0.10223
483       0.02171    0.10350     0.02054    0.10223
484       0.02171    0.10350     0.02054    0.10223
485       0.02171    0.10350     0.02054    0.10223
486       0.02171    0.10350     0.02054    0.10223
487       0.02171    0.10350     0.02054    0.10223
488       0.02171    0.10350     0.02054    0.10223
489       0.02171    0.10350     0.02054    0.10223
490       0.02171    0.10350     0.02054    0.10223
491       0.02171    0.10350     0.02054    0.10223
492       0.02171    0.10350     0.02054    0.10223
493       0.02171    0.10350     0.02054    0.10223
494       0.02171    0.10350     0.02054    0.10223
495       0.02171    0.10350     0.02054    0.10223
496       0.02171    0.10350     0.02054    0.10223
497       0.02171    0.10350     0.02054    0.10223
498       0.02171    0.10350     0.02054    0.10223
499       0.02171    0.10350     0.02054    0.10223
500       0.02171    0.10350     0.02054    0.10223
501       0.02171    0.10350     0.02054    0.10223
502       0.02171    0.10350     0.02054    0.10223
503       0.02171    0.10350     0.02054    0.10223
504       0.02171    0.10350     0.02054    0.10223
505       0.02171    0.10350     0.02054    0.10223
506       0.02171    0.10350     0.02054    0.10223
507       0.02171    0.10350     0.02054    0.10223
508       0.02171    0.10350     0.02054    0.10223
509       0.02171    0.10350     0.02054    0.10223
510       0.02171    0.10350     0.02054    0.10223
511       0.02171    0.10350     0.02054    0.10223
512       0.02171    0.10350     0.02054    0.10223
513       0.02171    0.10350     0.02054    0.10223
514       0.02171    0.10350     0.02054    0.10223    0.02259    0.10347