Ciclo   TrainMSE   TrainMAE   ValidMSE   ValidMAE   TestMSE     TestMAE
----------------------------------------------------------------------- 
0       0.02348    0.10597     0.02220    0.10423
1       0.02312    0.10524     0.02183    0.10361
2       0.02284    0.10472     0.02156    0.10318
3       0.02264    0.10437     0.02135    0.10288
4       0.02248    0.10414     0.02120    0.10269
5       0.02236    0.10398     0.02109    0.10256
6       0.02227    0.10388     0.02101    0.10247
7       0.02220    0.10382     0.02095    0.10242
8       0.02215    0.10378     0.02091    0.10239
9       0.02210    0.10376     0.02087    0.10237
10       0.02207    0.10375     0.02084    0.10237
11       0.02204    0.10374     0.02082    0.10237
12       0.02202    0.10375     0.02081    0.10238
13       0.02200    0.10375     0.02080    0.10239
14       0.02199    0.10375     0.02079    0.10240
15       0.02197    0.10376     0.02078    0.10241
16       0.02196    0.10376     0.02077    0.10241
17       0.02195    0.10377     0.02077    0.10242
18       0.02195    0.10378     0.02076    0.10243
19       0.02194    0.10378     0.02076    0.10244
20       0.02193    0.10379     0.02076    0.10244
21       0.02193    0.10379     0.02076    0.10245
22       0.02193    0.10379     0.02075    0.10246
23       0.02192    0.10380     0.02075    0.10246
24       0.02192    0.10380     0.02075    0.10246
25       0.02192    0.10380     0.02075    0.10247
26       0.02191    0.10381     0.02075    0.10247
27       0.02191    0.10381     0.02075    0.10248
28       0.02191    0.10381     0.02075    0.10248
29       0.02191    0.10382     0.02074    0.10248
30       0.02190    0.10382     0.02074    0.10248
31       0.02190    0.10382     0.02074    0.10249
32       0.02190    0.10382     0.02074    0.10249
33       0.02190    0.10382     0.02074    0.10249
34       0.02190    0.10382     0.02074    0.10249
35       0.02190    0.10383     0.02074    0.10249
36       0.02190    0.10383     0.02074    0.10250
37       0.02190    0.10383     0.02074    0.10250
38       0.02189    0.10383     0.02074    0.10250
39       0.02189    0.10383     0.02074    0.10250
40       0.02189    0.10383     0.02074    0.10250
41       0.02189    0.10383     0.02074    0.10250
42       0.02189    0.10383     0.02074    0.10250
43       0.02189    0.10383     0.02074    0.10250
44       0.02189    0.10383     0.02074    0.10250
45       0.02189    0.10383     0.02074    0.10251
46       0.02189    0.10384     0.02074    0.10251
47       0.02189    0.10384     0.02074    0.10251
48       0.02189    0.10384     0.02074    0.10251
49       0.02189    0.10384     0.02074    0.10251
50       0.02189    0.10384     0.02074    0.10251
51       0.02189    0.10384     0.02074    0.10251
52       0.02189    0.10384     0.02074    0.10251
53       0.02189    0.10384     0.02073    0.10251
54       0.02189    0.10384     0.02073    0.10251
55       0.02189    0.10384     0.02073    0.10251
56       0.02189    0.10384     0.02073    0.10251
57       0.02189    0.10384     0.02073    0.10251
58       0.02189    0.10384     0.02073    0.10251
59       0.02189    0.10384     0.02073    0.10251
60       0.02189    0.10384     0.02073    0.10251
61       0.02189    0.10384     0.02073    0.10251
62       0.02189    0.10384     0.02073    0.10251
63       0.02188    0.10384     0.02073    0.10251
64       0.02188    0.10384     0.02073    0.10251
65       0.02188    0.10384     0.02073    0.10251
66       0.02188    0.10384     0.02073    0.10251
67       0.02188    0.10384     0.02073    0.10251
68       0.02188    0.10384     0.02073    0.10251
69       0.02188    0.10384     0.02073    0.10251
70       0.02188    0.10384     0.02073    0.10251
71       0.02188    0.10384     0.02073    0.10251
72       0.02188    0.10384     0.02073    0.10252
73       0.02188    0.10384     0.02073    0.10252
74       0.02188    0.10384     0.02073    0.10252
75       0.02188    0.10384     0.02073    0.10252
76       0.02188    0.10384     0.02073    0.10252
77       0.02188    0.10384     0.02073    0.10252
78       0.02188    0.10384     0.02073    0.10252
79       0.02188    0.10384     0.02073    0.10252
80       0.02188    0.10384     0.02073    0.10252
81       0.02188    0.10384     0.02073    0.10252
82       0.02188    0.10384     0.02073    0.10252
83       0.02188    0.10384     0.02073    0.10252
84       0.02188    0.10384     0.02073    0.10252
85       0.02188    0.10384     0.02073    0.10252
86       0.02188    0.10384     0.02073    0.10252
87       0.02188    0.10385     0.02073    0.10252
88       0.02188    0.10385     0.02073    0.10252
89       0.02188    0.10385     0.02073    0.10252
90       0.02188    0.10385     0.02073    0.10252
91       0.02188    0.10385     0.02073    0.10252
92       0.02188    0.10385     0.02073    0.10252
93       0.02188    0.10385     0.02073    0.10252
94       0.02188    0.10385     0.02073    0.10252
95       0.02188    0.10385     0.02073    0.10252
96       0.02188    0.10385     0.02073    0.10252
97       0.02188    0.10385     0.02073    0.10252
98       0.02188    0.10385     0.02073    0.10252
99       0.02188    0.10385     0.02073    0.10252
100       0.02188    0.10385     0.02073    0.10252
101       0.02188    0.10385     0.02073    0.10252
102       0.02188    0.10385     0.02073    0.10252
103       0.02188    0.10385     0.02073    0.10252
104       0.02188    0.10385     0.02073    0.10252
105       0.02188    0.10385     0.02073    0.10252
106       0.02188    0.10385     0.02073    0.10252
107       0.02188    0.10385     0.02073    0.10252
108       0.02188    0.10385     0.02073    0.10252
109       0.02188    0.10385     0.02073    0.10252
110       0.02188    0.10385     0.02073    0.10252
111       0.02188    0.10385     0.02073    0.10252
112       0.02188    0.10385     0.02073    0.10252
113       0.02188    0.10385     0.02073    0.10252
114       0.02188    0.10385     0.02073    0.10252
115       0.02188    0.10385     0.02073    0.10252
116       0.02188    0.10385     0.02073    0.10252
117       0.02188    0.10385     0.02073    0.10252
118       0.02188    0.10385     0.02073    0.10252
119       0.02188    0.10385     0.02073    0.10252
120       0.02188    0.10385     0.02073    0.10252
121       0.02188    0.10385     0.02073    0.10252
122       0.02188    0.10385     0.02073    0.10252
123       0.02188    0.10385     0.02073    0.10252
124       0.02188    0.10385     0.02073    0.10252
125       0.02188    0.10385     0.02073    0.10252
126       0.02188    0.10385     0.02073    0.10252
127       0.02188    0.10385     0.02073    0.10252
128       0.02188    0.10385     0.02073    0.10252
129       0.02188    0.10385     0.02073    0.10252
130       0.02188    0.10385     0.02073    0.10252
131       0.02188    0.10385     0.02073    0.10252
132       0.02188    0.10385     0.02073    0.10252
133       0.02188    0.10385     0.02073    0.10252
134       0.02188    0.10385     0.02073    0.10252
135       0.02188    0.10385     0.02073    0.10252
136       0.02188    0.10385     0.02073    0.10252
137       0.02188    0.10385     0.02073    0.10252
138       0.02188    0.10385     0.02073    0.10252
139       0.02188    0.10385     0.02073    0.10252
140       0.02188    0.10385     0.02073    0.10252
141       0.02188    0.10385     0.02073    0.10252
142       0.02188    0.10385     0.02073    0.10252
143       0.02188    0.10385     0.02073    0.10252
144       0.02188    0.10385     0.02073    0.10252
145       0.02188    0.10385     0.02073    0.10252
146       0.02188    0.10385     0.02073    0.10252
147       0.02188    0.10385     0.02073    0.10252
148       0.02188    0.10385     0.02073    0.10252
149       0.02188    0.10385     0.02073    0.10252
150       0.02188    0.10385     0.02073    0.10252
151       0.02188    0.10385     0.02073    0.10252
152       0.02188    0.10385     0.02073    0.10252
153       0.02188    0.10385     0.02073    0.10252
154       0.02188    0.10385     0.02073    0.10252
155       0.02188    0.10385     0.02073    0.10252
156       0.02188    0.10385     0.02073    0.10252
157       0.02188    0.10385     0.02073    0.10252
158       0.02188    0.10385     0.02073    0.10252
159       0.02188    0.10385     0.02073    0.10252
160       0.02188    0.10385     0.02073    0.10252
161       0.02188    0.10385     0.02073    0.10252
162       0.02188    0.10385     0.02073    0.10252
163       0.02188    0.10385     0.02073    0.10252
164       0.02188    0.10385     0.02073    0.10252
165       0.02188    0.10385     0.02073    0.10252
166       0.02188    0.10385     0.02073    0.10252
167       0.02188    0.10385     0.02073    0.10252
168       0.02188    0.10385     0.02073    0.10252
169       0.02188    0.10385     0.02073    0.10252
170       0.02188    0.10385     0.02073    0.10252
171       0.02188    0.10385     0.02073    0.10252
172       0.02188    0.10385     0.02073    0.10252
173       0.02188    0.10385     0.02073    0.10252
174       0.02188    0.10385     0.02073    0.10252
175       0.02188    0.10385     0.02073    0.10252
176       0.02188    0.10385     0.02073    0.10252
177       0.02188    0.10385     0.02073    0.10252
178       0.02188    0.10385     0.02073    0.10252
179       0.02188    0.10385     0.02073    0.10252
180       0.02188    0.10385     0.02073    0.10252
181       0.02188    0.10385     0.02073    0.10252
182       0.02188    0.10385     0.02073    0.10252
183       0.02188    0.10385     0.02073    0.10252
184       0.02188    0.10385     0.02073    0.10252
185       0.02188    0.10385     0.02073    0.10252
186       0.02188    0.10385     0.02073    0.10252
187       0.02188    0.10385     0.02073    0.10252
188       0.02188    0.10385     0.02073    0.10252
189       0.02188    0.10385     0.02073    0.10252
190       0.02188    0.10385     0.02073    0.10252
191       0.02188    0.10385     0.02073    0.10252
192       0.02188    0.10385     0.02073    0.10252
193       0.02188    0.10385     0.02073    0.10252
194       0.02188    0.10385     0.02073    0.10252
195       0.02188    0.10385     0.02073    0.10252
196       0.02188    0.10385     0.02073    0.10252
197       0.02188    0.10385     0.02073    0.10252
198       0.02188    0.10385     0.02073    0.10252
199       0.02188    0.10385     0.02073    0.10252
200       0.02188    0.10385     0.02073    0.10252
201       0.02188    0.10385     0.02073    0.10252
202       0.02188    0.10385     0.02073    0.10252
203       0.02188    0.10385     0.02073    0.10252
204       0.02188    0.10385     0.02073    0.10252
205       0.02188    0.10385     0.02073    0.10252
206       0.02188    0.10385     0.02073    0.10252
207       0.02188    0.10385     0.02073    0.10252
208       0.02188    0.10385     0.02073    0.10252
209       0.02188    0.10385     0.02073    0.10252
210       0.02188    0.10385     0.02073    0.10252
211       0.02188    0.10385     0.02073    0.10252
212       0.02188    0.10385     0.02073    0.10252
213       0.02188    0.10385     0.02073    0.10252
214       0.02188    0.10385     0.02073    0.10252
215       0.02188    0.10385     0.02073    0.10252
216       0.02188    0.10385     0.02073    0.10252
217       0.02188    0.10385     0.02073    0.10252
218       0.02188    0.10385     0.02073    0.10252
219       0.02188    0.10385     0.02073    0.10252
220       0.02188    0.10385     0.02073    0.10252
221       0.02188    0.10385     0.02073    0.10252
222       0.02188    0.10385     0.02073    0.10252
223       0.02188    0.10385     0.02073    0.10252
224       0.02188    0.10385     0.02073    0.10252
225       0.02188    0.10385     0.02073    0.10252
226       0.02188    0.10385     0.02073    0.10252
227       0.02188    0.10385     0.02073    0.10252
228       0.02188    0.10385     0.02073    0.10252
229       0.02188    0.10385     0.02073    0.10252
230       0.02188    0.10385     0.02073    0.10252
231       0.02188    0.10385     0.02073    0.10252
232       0.02188    0.10385     0.02073    0.10252
233       0.02188    0.10385     0.02073    0.10252
234       0.02188    0.10385     0.02073    0.10252
235       0.02188    0.10385     0.02073    0.10252
236       0.02188    0.10385     0.02073    0.10252
237       0.02188    0.10385     0.02073    0.10252
238       0.02188    0.10385     0.02073    0.10252
239       0.02188    0.10385     0.02073    0.10252
240       0.02188    0.10385     0.02073    0.10252
241       0.02188    0.10385     0.02073    0.10252
242       0.02188    0.10385     0.02073    0.10252
243       0.02188    0.10385     0.02073    0.10252
244       0.02188    0.10385     0.02073    0.10252
245       0.02188    0.10385     0.02073    0.10252
246       0.02188    0.10385     0.02073    0.10252
247       0.02188    0.10385     0.02073    0.10252
248       0.02188    0.10385     0.02073    0.10252
249       0.02188    0.10385     0.02073    0.10252
250       0.02188    0.10385     0.02073    0.10252
251       0.02188    0.10385     0.02073    0.10252
252       0.02188    0.10385     0.02073    0.10252
253       0.02188    0.10385     0.02073    0.10252
254       0.02188    0.10385     0.02073    0.10252
255       0.02188    0.10385     0.02073    0.10252
256       0.02188    0.10385     0.02073    0.10252
257       0.02188    0.10385     0.02073    0.10252
258       0.02188    0.10385     0.02073    0.10252
259       0.02188    0.10385     0.02073    0.10252
260       0.02188    0.10385     0.02073    0.10252
261       0.02188    0.10385     0.02073    0.10252
262       0.02188    0.10385     0.02073    0.10252
263       0.02188    0.10385     0.02073    0.10252
264       0.02188    0.10385     0.02073    0.10252
265       0.02188    0.10385     0.02073    0.10252
266       0.02188    0.10385     0.02073    0.10252
267       0.02188    0.10385     0.02073    0.10252
268       0.02188    0.10385     0.02073    0.10252
269       0.02188    0.10385     0.02073    0.10252
270       0.02188    0.10385     0.02073    0.10252
271       0.02188    0.10385     0.02073    0.10252
272       0.02188    0.10385     0.02073    0.10252
273       0.02188    0.10385     0.02073    0.10252
274       0.02188    0.10385     0.02073    0.10252
275       0.02188    0.10385     0.02073    0.10252
276       0.02188    0.10385     0.02073    0.10252
277       0.02188    0.10385     0.02073    0.10252
278       0.02188    0.10385     0.02073    0.10252
279       0.02188    0.10385     0.02073    0.10252
280       0.02188    0.10385     0.02073    0.10252
281       0.02188    0.10385     0.02073    0.10252
282       0.02188    0.10385     0.02073    0.10252
283       0.02188    0.10385     0.02073    0.10252
284       0.02188    0.10385     0.02073    0.10252
285       0.02188    0.10385     0.02073    0.10252
286       0.02188    0.10385     0.02073    0.10252
287       0.02188    0.10385     0.02073    0.10252
288       0.02188    0.10385     0.02073    0.10252
289       0.02188    0.10385     0.02073    0.10252
290       0.02188    0.10385     0.02073    0.10252
291       0.02188    0.10385     0.02073    0.10252
292       0.02188    0.10385     0.02073    0.10252
293       0.02188    0.10385     0.02073    0.10252
294       0.02188    0.10385     0.02073    0.10252
295       0.02188    0.10385     0.02073    0.10252
296       0.02188    0.10385     0.02073    0.10252
297       0.02188    0.10385     0.02073    0.10252
298       0.02188    0.10385     0.02073    0.10252
299       0.02188    0.10385     0.02073    0.10252
300       0.02188    0.10385     0.02073    0.10252
301       0.02188    0.10385     0.02073    0.10252
302       0.02188    0.10385     0.02073    0.10252
303       0.02188    0.10385     0.02073    0.10252
304       0.02188    0.10385     0.02073    0.10252
305       0.02188    0.10385     0.02073    0.10252
306       0.02188    0.10385     0.02073    0.10252
307       0.02188    0.10385     0.02073    0.10252
308       0.02188    0.10385     0.02073    0.10252
309       0.02188    0.10385     0.02073    0.10252
310       0.02188    0.10385     0.02073    0.10252
311       0.02188    0.10385     0.02073    0.10252
312       0.02188    0.10385     0.02073    0.10252
313       0.02188    0.10385     0.02073    0.10252
314       0.02188    0.10385     0.02073    0.10252
315       0.02188    0.10385     0.02073    0.10252
316       0.02188    0.10385     0.02073    0.10252
317       0.02188    0.10385     0.02073    0.10252
318       0.02188    0.10385     0.02073    0.10252
319       0.02188    0.10385     0.02073    0.10252
320       0.02188    0.10385     0.02073    0.10252
321       0.02188    0.10385     0.02073    0.10252
322       0.02188    0.10385     0.02073    0.10252
323       0.02188    0.10385     0.02073    0.10252
324       0.02188    0.10385     0.02073    0.10252
325       0.02188    0.10385     0.02073    0.10252
326       0.02188    0.10385     0.02073    0.10252
327       0.02188    0.10385     0.02073    0.10252
328       0.02188    0.10385     0.02073    0.10252
329       0.02188    0.10385     0.02073    0.10252
330       0.02188    0.10385     0.02073    0.10252
331       0.02188    0.10385     0.02073    0.10252
332       0.02188    0.10385     0.02073    0.10252
333       0.02188    0.10385     0.02073    0.10252
334       0.02188    0.10385     0.02073    0.10252
335       0.02188    0.10385     0.02073    0.10252
336       0.02188    0.10385     0.02073    0.10252
337       0.02188    0.10385     0.02073    0.10252
338       0.02188    0.10385     0.02073    0.10252
339       0.02188    0.10385     0.02073    0.10252
340       0.02188    0.10385     0.02073    0.10252
341       0.02188    0.10385     0.02073    0.10252
342       0.02188    0.10385     0.02073    0.10252
343       0.02188    0.10385     0.02073    0.10252
344       0.02188    0.10385     0.02073    0.10252
345       0.02188    0.10385     0.02073    0.10252
346       0.02188    0.10385     0.02073    0.10252
347       0.02188    0.10385     0.02073    0.10252
348       0.02188    0.10385     0.02073    0.10252
349       0.02188    0.10385     0.02073    0.10252
350       0.02188    0.10385     0.02073    0.10252
351       0.02188    0.10385     0.02073    0.10252
352       0.02188    0.10385     0.02073    0.10252
353       0.02188    0.10385     0.02073    0.10252
354       0.02188    0.10385     0.02073    0.10252
355       0.02188    0.10385     0.02073    0.10252
356       0.02188    0.10385     0.02073    0.10252
357       0.02188    0.10385     0.02073    0.10252
358       0.02188    0.10385     0.02073    0.10252
359       0.02188    0.10385     0.02073    0.10252
360       0.02188    0.10385     0.02073    0.10252
361       0.02188    0.10385     0.02073    0.10252
362       0.02188    0.10385     0.02073    0.10252
363       0.02188    0.10385     0.02073    0.10252
364       0.02188    0.10385     0.02073    0.10252
365       0.02188    0.10385     0.02073    0.10252
366       0.02188    0.10385     0.02073    0.10252
367       0.02188    0.10385     0.02073    0.10252
368       0.02188    0.10385     0.02073    0.10252
369       0.02188    0.10385     0.02073    0.10252
370       0.02188    0.10385     0.02073    0.10252
371       0.02188    0.10385     0.02073    0.10252
372       0.02188    0.10385     0.02073    0.10252
373       0.02188    0.10385     0.02073    0.10252
374       0.02188    0.10385     0.02073    0.10252
375       0.02188    0.10385     0.02073    0.10252
376       0.02188    0.10385     0.02073    0.10252
377       0.02188    0.10385     0.02073    0.10252
378       0.02188    0.10385     0.02073    0.10252
379       0.02188    0.10385     0.02073    0.10252
380       0.02188    0.10385     0.02073    0.10252
381       0.02188    0.10385     0.02073    0.10252
382       0.02188    0.10385     0.02073    0.10252
383       0.02188    0.10385     0.02073    0.10252
384       0.02188    0.10385     0.02073    0.10252
385       0.02188    0.10385     0.02073    0.10252
386       0.02188    0.10385     0.02073    0.10252
387       0.02188    0.10385     0.02073    0.10252
388       0.02188    0.10385     0.02073    0.10252
389       0.02188    0.10385     0.02073    0.10252
390       0.02188    0.10385     0.02073    0.10252
391       0.02188    0.10385     0.02073    0.10252
392       0.02188    0.10385     0.02073    0.10252
393       0.02188    0.10385     0.02073    0.10252
394       0.02188    0.10385     0.02073    0.10252
395       0.02188    0.10385     0.02073    0.10252
396       0.02188    0.10385     0.02073    0.10252
397       0.02188    0.10385     0.02073    0.10252
398       0.02188    0.10385     0.02073    0.10252
399       0.02188    0.10385     0.02073    0.10252
400       0.02188    0.10385     0.02073    0.10252
401       0.02188    0.10385     0.02073    0.10252
402       0.02188    0.10385     0.02073    0.10252
403       0.02188    0.10385     0.02073    0.10252
404       0.02188    0.10385     0.02073    0.10252
405       0.02188    0.10385     0.02073    0.10252
406       0.02188    0.10385     0.02073    0.10252
407       0.02188    0.10385     0.02073    0.10252
408       0.02188    0.10385     0.02073    0.10252
409       0.02188    0.10385     0.02073    0.10252
410       0.02188    0.10385     0.02073    0.10252
411       0.02188    0.10385     0.02073    0.10252
412       0.02188    0.10385     0.02073    0.10252
413       0.02188    0.10385     0.02073    0.10252
414       0.02188    0.10385     0.02073    0.10252
415       0.02188    0.10385     0.02073    0.10252
416       0.02188    0.10385     0.02073    0.10252
417       0.02188    0.10385     0.02073    0.10252
418       0.02188    0.10385     0.02073    0.10252
419       0.02188    0.10385     0.02073    0.10252
420       0.02188    0.10385     0.02073    0.10252
421       0.02188    0.10385     0.02073    0.10252
422       0.02188    0.10385     0.02073    0.10252
423       0.02188    0.10385     0.02073    0.10252
424       0.02188    0.10385     0.02073    0.10252
425       0.02188    0.10385     0.02073    0.10252
426       0.02188    0.10385     0.02073    0.10252
427       0.02188    0.10385     0.02073    0.10252
428       0.02188    0.10385     0.02073    0.10252
429       0.02188    0.10385     0.02073    0.10252
430       0.02188    0.10385     0.02073    0.10252
431       0.02188    0.10385     0.02073    0.10252
432       0.02188    0.10385     0.02073    0.10252
433       0.02188    0.10385     0.02073    0.10252
434       0.02188    0.10385     0.02073    0.10252
435       0.02188    0.10385     0.02073    0.10252
436       0.02188    0.10385     0.02073    0.10252
437       0.02188    0.10385     0.02073    0.10252
438       0.02188    0.10385     0.02073    0.10252
439       0.02188    0.10385     0.02073    0.10252
440       0.02188    0.10385     0.02073    0.10252
441       0.02188    0.10385     0.02073    0.10252
442       0.02188    0.10385     0.02073    0.10252
443       0.02188    0.10385     0.02073    0.10252
444       0.02188    0.10385     0.02073    0.10252
445       0.02188    0.10385     0.02073    0.10252
446       0.02188    0.10385     0.02073    0.10252
447       0.02188    0.10385     0.02073    0.10252
448       0.02188    0.10385     0.02073    0.10252
449       0.02188    0.10385     0.02073    0.10252
450       0.02188    0.10385     0.02073    0.10252
451       0.02188    0.10385     0.02073    0.10252
452       0.02188    0.10385     0.02073    0.10252
453       0.02188    0.10385     0.02073    0.10252
454       0.02188    0.10385     0.02073    0.10252
455       0.02188    0.10385     0.02073    0.10252
456       0.02188    0.10385     0.02073    0.10252
457       0.02188    0.10385     0.02073    0.10252
458       0.02188    0.10385     0.02073    0.10252
459       0.02188    0.10385     0.02073    0.10252
460       0.02188    0.10385     0.02073    0.10252
461       0.02188    0.10385     0.02073    0.10252
462       0.02188    0.10385     0.02073    0.10252
463       0.02188    0.10385     0.02073    0.10252
464       0.02188    0.10385     0.02073    0.10252
465       0.02188    0.10385     0.02073    0.10252
466       0.02188    0.10385     0.02073    0.10252
467       0.02188    0.10385     0.02073    0.10252
468       0.02188    0.10385     0.02073    0.10252
469       0.02188    0.10385     0.02073    0.10252
470       0.02188    0.10385     0.02073    0.10252
471       0.02188    0.10385     0.02073    0.10252
472       0.02188    0.10385     0.02073    0.10252
473       0.02188    0.10385     0.02073    0.10252
474       0.02188    0.10385     0.02073    0.10252
475       0.02188    0.10385     0.02073    0.10252
476       0.02188    0.10385     0.02073    0.10252
477       0.02188    0.10385     0.02073    0.10252
478       0.02188    0.10385     0.02073    0.10252
479       0.02188    0.10385     0.02073    0.10252
480       0.02188    0.10385     0.02073    0.10252
481       0.02188    0.10385     0.02073    0.10252
482       0.02188    0.10385     0.02073    0.10252
483       0.02188    0.10385     0.02073    0.10252
484       0.02188    0.10385     0.02073    0.10252
485       0.02188    0.10385     0.02073    0.10252
486       0.02188    0.10385     0.02073    0.10252
487       0.02188    0.10385     0.02073    0.10252
488       0.02188    0.10385     0.02073    0.10252
489       0.02188    0.10385     0.02073    0.10252
490       0.02188    0.10385     0.02073    0.10252
491       0.02188    0.10385     0.02073    0.10252
492       0.02188    0.10385     0.02073    0.10252
493       0.02188    0.10385     0.02073    0.10252
494       0.02188    0.10385     0.02073    0.10252
495       0.02188    0.10385     0.02073    0.10252
496       0.02188    0.10385     0.02073    0.10252
497       0.02188    0.10385     0.02073    0.10252
498       0.02188    0.10385     0.02073    0.10252
499       0.02188    0.10385     0.02073    0.10252
500       0.02188    0.10385     0.02073    0.10252
501       0.02188    0.10385     0.02073    0.10252
502       0.02188    0.10385     0.02073    0.10252
503       0.02188    0.10385     0.02073    0.10252
504       0.02188    0.10385     0.02073    0.10252
505       0.02188    0.10385     0.02073    0.10252
506       0.02188    0.10385     0.02073    0.10252
507       0.02188    0.10385     0.02073    0.10252
508       0.02188    0.10385     0.02073    0.10252
509       0.02188    0.10385     0.02073    0.10252
510       0.02188    0.10385     0.02073    0.10252
511       0.02188    0.10385     0.02073    0.10252
512       0.02188    0.10385     0.02073    0.10252
513       0.02188    0.10385     0.02073    0.10252
514       0.02188    0.10385     0.02073    0.10252
515       0.02188    0.10385     0.02073    0.10252
516       0.02188    0.10385     0.02073    0.10252
517       0.02188    0.10385     0.02073    0.10252
518       0.02188    0.10385     0.02073    0.10252
519       0.02188    0.10385     0.02073    0.10252
520       0.02188    0.10385     0.02073    0.10252
521       0.02188    0.10385     0.02073    0.10252
522       0.02188    0.10385     0.02073    0.10252
523       0.02188    0.10385     0.02073    0.10252
524       0.02188    0.10385     0.02073    0.10252
525       0.02188    0.10385     0.02073    0.10252
526       0.02188    0.10385     0.02073    0.10252
527       0.02188    0.10385     0.02073    0.10252
528       0.02188    0.10385     0.02073    0.10252
529       0.02188    0.10385     0.02073    0.10252
530       0.02188    0.10385     0.02073    0.10252
531       0.02188    0.10385     0.02073    0.10252
532       0.02188    0.10385     0.02073    0.10252
533       0.02188    0.10385     0.02073    0.10252
534       0.02188    0.10385     0.02073    0.10252
535       0.02188    0.10385     0.02073    0.10252
536       0.02188    0.10385     0.02073    0.10252
537       0.02188    0.10385     0.02073    0.10252
538       0.02188    0.10385     0.02073    0.10252
539       0.02188    0.10385     0.02073    0.10252
540       0.02188    0.10385     0.02073    0.10252
541       0.02188    0.10385     0.02073    0.10252
542       0.02188    0.10385     0.02073    0.10252
543       0.02188    0.10385     0.02073    0.10252
544       0.02188    0.10385     0.02073    0.10252
545       0.02188    0.10385     0.02073    0.10252
546       0.02188    0.10385     0.02073    0.10252
547       0.02188    0.10385     0.02073    0.10252
548       0.02188    0.10385     0.02073    0.10252
549       0.02188    0.10385     0.02073    0.10252
550       0.02188    0.10385     0.02073    0.10252
551       0.02188    0.10385     0.02073    0.10252
552       0.02188    0.10385     0.02073    0.10252
553       0.02188    0.10385     0.02073    0.10252
554       0.02188    0.10385     0.02073    0.10252
555       0.02188    0.10385     0.02073    0.10252
556       0.02188    0.10385     0.02073    0.10252
557       0.02188    0.10385     0.02073    0.10252
558       0.02188    0.10385     0.02073    0.10252
559       0.02188    0.10385     0.02073    0.10252
560       0.02188    0.10385     0.02073    0.10252
561       0.02188    0.10385     0.02073    0.10252
562       0.02188    0.10385     0.02073    0.10252
563       0.02188    0.10385     0.02073    0.10252
564       0.02188    0.10385     0.02073    0.10252
565       0.02188    0.10385     0.02073    0.10252
566       0.02188    0.10385     0.02073    0.10252
567       0.02188    0.10385     0.02073    0.10252
568       0.02188    0.10385     0.02073    0.10252
569       0.02188    0.10385     0.02073    0.10252
570       0.02188    0.10385     0.02073    0.10252
571       0.02188    0.10385     0.02073    0.10252
572       0.02188    0.10385     0.02073    0.10252
573       0.02188    0.10385     0.02073    0.10252
574       0.02188    0.10385     0.02073    0.10252
575       0.02188    0.10385     0.02073    0.10252
576       0.02188    0.10385     0.02073    0.10252
577       0.02188    0.10385     0.02073    0.10252
578       0.02188    0.10385     0.02073    0.10252
579       0.02188    0.10385     0.02073    0.10252
580       0.02188    0.10385     0.02073    0.10252
581       0.02188    0.10385     0.02073    0.10252
582       0.02188    0.10385     0.02073    0.10252
583       0.02188    0.10385     0.02073    0.10252
584       0.02188    0.10385     0.02073    0.10252
585       0.02188    0.10385     0.02073    0.10252
586       0.02188    0.10385     0.02073    0.10252
587       0.02188    0.10385     0.02073    0.10252
588       0.02188    0.10385     0.02073    0.10252
589       0.02188    0.10385     0.02073    0.10252
590       0.02188    0.10385     0.02073    0.10252
591       0.02188    0.10385     0.02073    0.10252
592       0.02188    0.10385     0.02073    0.10252
593       0.02188    0.10385     0.02073    0.10252
594       0.02188    0.10385     0.02073    0.10252
595       0.02188    0.10385     0.02073    0.10252
596       0.02188    0.10385     0.02073    0.10252
597       0.02188    0.10385     0.02073    0.10252
598       0.02188    0.10385     0.02073    0.10252
599       0.02188    0.10385     0.02073    0.10252
600       0.02188    0.10385     0.02073    0.10252
601       0.02188    0.10385     0.02073    0.10252
602       0.02188    0.10385     0.02073    0.10252
603       0.02188    0.10385     0.02073    0.10252
604       0.02188    0.10385     0.02073    0.10252
605       0.02188    0.10385     0.02073    0.10252
606       0.02188    0.10385     0.02073    0.10252
607       0.02188    0.10385     0.02073    0.10252
608       0.02188    0.10385     0.02073    0.10252
609       0.02188    0.10385     0.02073    0.10252
610       0.02188    0.10385     0.02073    0.10252
611       0.02188    0.10385     0.02073    0.10252
612       0.02188    0.10385     0.02073    0.10252
613       0.02188    0.10385     0.02073    0.10252
614       0.02188    0.10385     0.02073    0.10252
615       0.02188    0.10385     0.02073    0.10252
616       0.02188    0.10385     0.02073    0.10252
617       0.02188    0.10385     0.02073    0.10252
618       0.02188    0.10385     0.02073    0.10252
619       0.02188    0.10385     0.02073    0.10252
620       0.02188    0.10385     0.02073    0.10252
621       0.02188    0.10385     0.02073    0.10252
622       0.02188    0.10385     0.02073    0.10252
623       0.02188    0.10385     0.02073    0.10252
624       0.02188    0.10385     0.02073    0.10252
625       0.02188    0.10385     0.02073    0.10252
626       0.02188    0.10385     0.02073    0.10252
627       0.02188    0.10385     0.02073    0.10252
628       0.02188    0.10385     0.02073    0.10252
629       0.02188    0.10385     0.02073    0.10252
630       0.02188    0.10385     0.02073    0.10252
631       0.02188    0.10385     0.02073    0.10252
632       0.02188    0.10385     0.02073    0.10252
633       0.02188    0.10385     0.02073    0.10252
634       0.02188    0.10385     0.02073    0.10252
635       0.02188    0.10385     0.02073    0.10252
636       0.02188    0.10385     0.02073    0.10252
637       0.02188    0.10385     0.02073    0.10252
638       0.02188    0.10385     0.02073    0.10252
639       0.02188    0.10385     0.02073    0.10252
640       0.02188    0.10385     0.02073    0.10252
641       0.02188    0.10385     0.02073    0.10252
642       0.02188    0.10385     0.02073    0.10252
643       0.02188    0.10385     0.02073    0.10252
644       0.02188    0.10385     0.02073    0.10252
645       0.02188    0.10385     0.02073    0.10252
646       0.02188    0.10385     0.02073    0.10252
647       0.02188    0.10385     0.02073    0.10252
648       0.02188    0.10385     0.02073    0.10252
649       0.02188    0.10385     0.02073    0.10252
650       0.02188    0.10385     0.02073    0.10252
651       0.02188    0.10385     0.02073    0.10252
652       0.02188    0.10385     0.02073    0.10252
653       0.02188    0.10385     0.02073    0.10252
654       0.02188    0.10385     0.02073    0.10252
655       0.02188    0.10385     0.02073    0.10252
656       0.02188    0.10385     0.02073    0.10252
657       0.02188    0.10385     0.02073    0.10252
658       0.02188    0.10385     0.02073    0.10252
659       0.02188    0.10385     0.02073    0.10252
660       0.02188    0.10385     0.02073    0.10252
661       0.02188    0.10385     0.02073    0.10252
662       0.02188    0.10385     0.02073    0.10252
663       0.02188    0.10385     0.02073    0.10252
664       0.02188    0.10385     0.02073    0.10252
665       0.02188    0.10385     0.02073    0.10252
666       0.02188    0.10385     0.02073    0.10252
667       0.02188    0.10385     0.02073    0.10252
668       0.02188    0.10385     0.02073    0.10252
669       0.02188    0.10385     0.02073    0.10252
670       0.02188    0.10385     0.02073    0.10252
671       0.02188    0.10385     0.02073    0.10252
672       0.02188    0.10385     0.02073    0.10252
673       0.02188    0.10385     0.02073    0.10252
674       0.02188    0.10385     0.02073    0.10252
675       0.02188    0.10385     0.02073    0.10252
676       0.02188    0.10385     0.02073    0.10252
677       0.02188    0.10385     0.02073    0.10252
678       0.02188    0.10385     0.02073    0.10252
679       0.02188    0.10385     0.02073    0.10252
680       0.02188    0.10385     0.02073    0.10252
681       0.02188    0.10385     0.02073    0.10252
682       0.02188    0.10385     0.02073    0.10252
683       0.02188    0.10385     0.02073    0.10252
684       0.02188    0.10385     0.02073    0.10252
685       0.02188    0.10385     0.02073    0.10252
686       0.02188    0.10385     0.02073    0.10252
687       0.02188    0.10385     0.02073    0.10252
688       0.02188    0.10385     0.02073    0.10252
689       0.02188    0.10385     0.02073    0.10252
690       0.02188    0.10385     0.02073    0.10252
691       0.02188    0.10385     0.02073    0.10252
692       0.02188    0.10385     0.02073    0.10252
693       0.02188    0.10385     0.02073    0.10252
694       0.02188    0.10385     0.02073    0.10252
695       0.02188    0.10385     0.02073    0.10252
696       0.02188    0.10385     0.02073    0.10252
697       0.02188    0.10385     0.02073    0.10252
698       0.02188    0.10385     0.02073    0.10252
699       0.02188    0.10385     0.02073    0.10252
700       0.02188    0.10385     0.02073    0.10252
701       0.02188    0.10385     0.02073    0.10252
702       0.02188    0.10385     0.02073    0.10252
703       0.02188    0.10385     0.02073    0.10252
704       0.02188    0.10385     0.02073    0.10252
705       0.02188    0.10385     0.02073    0.10252
706       0.02188    0.10385     0.02073    0.10252
707       0.02188    0.10385     0.02073    0.10252
708       0.02188    0.10385     0.02073    0.10252
709       0.02188    0.10385     0.02073    0.10252
710       0.02188    0.10385     0.02073    0.10252
711       0.02188    0.10385     0.02073    0.10252
712       0.02188    0.10385     0.02073    0.10252
713       0.02188    0.10385     0.02073    0.10252
714       0.02188    0.10385     0.02073    0.10252
715       0.02188    0.10385     0.02073    0.10252
716       0.02188    0.10385     0.02073    0.10252
717       0.02188    0.10385     0.02073    0.10252
718       0.02188    0.10385     0.02073    0.10252
719       0.02188    0.10385     0.02073    0.10252
720       0.02188    0.10385     0.02073    0.10252
721       0.02188    0.10385     0.02073    0.10252
722       0.02188    0.10385     0.02073    0.10252
723       0.02188    0.10385     0.02073    0.10252
724       0.02188    0.10385     0.02073    0.10252
725       0.02188    0.10385     0.02073    0.10252
726       0.02188    0.10385     0.02073    0.10252
727       0.02188    0.10385     0.02073    0.10252
728       0.02188    0.10385     0.02073    0.10252
729       0.02188    0.10385     0.02073    0.10252
730       0.02188    0.10385     0.02073    0.10252
731       0.02188    0.10385     0.02073    0.10252
732       0.02188    0.10385     0.02073    0.10252
733       0.02188    0.10385     0.02073    0.10252
734       0.02188    0.10385     0.02073    0.10252
735       0.02188    0.10385     0.02073    0.10252
736       0.02188    0.10385     0.02073    0.10252
737       0.02188    0.10385     0.02073    0.10252
738       0.02188    0.10385     0.02073    0.10252
739       0.02188    0.10385     0.02073    0.10252
740       0.02188    0.10385     0.02073    0.10252
741       0.02188    0.10385     0.02073    0.10252
742       0.02188    0.10385     0.02073    0.10252
743       0.02188    0.10385     0.02073    0.10252
744       0.02188    0.10385     0.02073    0.10252
745       0.02188    0.10385     0.02073    0.10252
746       0.02188    0.10385     0.02073    0.10252
747       0.02188    0.10385     0.02073    0.10252
748       0.02188    0.10385     0.02073    0.10252
749       0.02188    0.10385     0.02073    0.10252
750       0.02188    0.10385     0.02073    0.10252
751       0.02188    0.10385     0.02073    0.10252
752       0.02188    0.10385     0.02073    0.10252
753       0.02188    0.10385     0.02073    0.10252
754       0.02188    0.10385     0.02073    0.10252
755       0.02188    0.10385     0.02073    0.10252
756       0.02188    0.10385     0.02073    0.10252
757       0.02188    0.10385     0.02073    0.10252
758       0.02188    0.10385     0.02073    0.10252
759       0.02188    0.10385     0.02073    0.10252
760       0.02188    0.10385     0.02073    0.10252
761       0.02188    0.10385     0.02073    0.10252
762       0.02188    0.10385     0.02073    0.10252
763       0.02188    0.10385     0.02073    0.10252
764       0.02188    0.10385     0.02073    0.10252
765       0.02188    0.10385     0.02073    0.10252
766       0.02188    0.10385     0.02073    0.10252
767       0.02188    0.10385     0.02073    0.10252
768       0.02188    0.10385     0.02073    0.10252
769       0.02188    0.10385     0.02073    0.10252
770       0.02188    0.10385     0.02073    0.10252
771       0.02188    0.10385     0.02073    0.10252
772       0.02188    0.10385     0.02073    0.10252
773       0.02188    0.10385     0.02073    0.10252
774       0.02188    0.10385     0.02073    0.10252
775       0.02188    0.10385     0.02073    0.10252
776       0.02188    0.10385     0.02073    0.10252
777       0.02188    0.10385     0.02073    0.10252
778       0.02188    0.10385     0.02073    0.10252
779       0.02188    0.10385     0.02073    0.10252
780       0.02188    0.10385     0.02073    0.10252
781       0.02188    0.10385     0.02073    0.10252
782       0.02188    0.10385     0.02073    0.10252
783       0.02188    0.10385     0.02073    0.10252
784       0.02188    0.10385     0.02073    0.10252
785       0.02188    0.10385     0.02073    0.10252
786       0.02188    0.10385     0.02073    0.10252
787       0.02188    0.10385     0.02073    0.10252
788       0.02188    0.10385     0.02073    0.10252
789       0.02188    0.10385     0.02073    0.10252
790       0.02188    0.10385     0.02073    0.10252
791       0.02188    0.10385     0.02073    0.10252
792       0.02188    0.10385     0.02073    0.10252
793       0.02188    0.10385     0.02073    0.10252
794       0.02188    0.10385     0.02073    0.10252
795       0.02188    0.10385     0.02073    0.10252
796       0.02188    0.10385     0.02073    0.10252
797       0.02188    0.10385     0.02073    0.10252
798       0.02188    0.10385     0.02073    0.10252
799       0.02188    0.10385     0.02073    0.10252
800       0.02188    0.10385     0.02073    0.10252
801       0.02188    0.10385     0.02073    0.10252
802       0.02188    0.10385     0.02073    0.10252
803       0.02188    0.10385     0.02073    0.10252
804       0.02188    0.10385     0.02073    0.10252
805       0.02188    0.10385     0.02073    0.10252
806       0.02188    0.10385     0.02073    0.10252
807       0.02188    0.10385     0.02073    0.10252
808       0.02188    0.10385     0.02073    0.10252
809       0.02188    0.10385     0.02073    0.10252
810       0.02188    0.10385     0.02073    0.10252
811       0.02188    0.10385     0.02073    0.10252
812       0.02188    0.10385     0.02073    0.10252
813       0.02188    0.10385     0.02073    0.10252
814       0.02188    0.10385     0.02073    0.10252
815       0.02188    0.10385     0.02073    0.10252
816       0.02188    0.10385     0.02073    0.10252
817       0.02188    0.10385     0.02073    0.10252
818       0.02188    0.10385     0.02073    0.10252
819       0.02188    0.10385     0.02073    0.10252
820       0.02188    0.10385     0.02073    0.10252
821       0.02188    0.10385     0.02073    0.10252
822       0.02188    0.10385     0.02073    0.10252
823       0.02188    0.10385     0.02073    0.10252
824       0.02188    0.10385     0.02073    0.10252
825       0.02188    0.10385     0.02073    0.10252
826       0.02188    0.10385     0.02073    0.10252
827       0.02188    0.10385     0.02073    0.10252
828       0.02188    0.10385     0.02073    0.10252
829       0.02188    0.10385     0.02073    0.10252
830       0.02188    0.10385     0.02073    0.10252
831       0.02188    0.10385     0.02073    0.10252
832       0.02188    0.10385     0.02073    0.10252
833       0.02188    0.10385     0.02073    0.10252
834       0.02188    0.10385     0.02073    0.10252
835       0.02188    0.10385     0.02073    0.10252
836       0.02188    0.10385     0.02073    0.10252
837       0.02188    0.10385     0.02073    0.10252
838       0.02188    0.10385     0.02073    0.10252
839       0.02188    0.10385     0.02073    0.10252
840       0.02188    0.10385     0.02073    0.10252
841       0.02188    0.10385     0.02073    0.10252
842       0.02188    0.10385     0.02073    0.10252
843       0.02188    0.10385     0.02073    0.10252
844       0.02188    0.10385     0.02073    0.10252
845       0.02188    0.10385     0.02073    0.10252
846       0.02188    0.10385     0.02073    0.10252
847       0.02188    0.10385     0.02073    0.10252
848       0.02188    0.10385     0.02073    0.10252
849       0.02188    0.10385     0.02073    0.10252
850       0.02188    0.10385     0.02073    0.10252
851       0.02188    0.10385     0.02073    0.10252
852       0.02188    0.10385     0.02073    0.10252
853       0.02188    0.10385     0.02073    0.10252
854       0.02188    0.10385     0.02073    0.10252
855       0.02188    0.10385     0.02073    0.10252
856       0.02188    0.10385     0.02073    0.10252
857       0.02188    0.10385     0.02073    0.10252
858       0.02188    0.10385     0.02073    0.10252
859       0.02188    0.10385     0.02073    0.10252
860       0.02188    0.10385     0.02073    0.10252
861       0.02188    0.10385     0.02073    0.10252
862       0.02188    0.10385     0.02073    0.10252
863       0.02188    0.10385     0.02073    0.10252
864       0.02188    0.10385     0.02073    0.10252
865       0.02188    0.10385     0.02073    0.10252
866       0.02188    0.10385     0.02073    0.10252
867       0.02188    0.10385     0.02073    0.10252
868       0.02188    0.10385     0.02073    0.10252
869       0.02188    0.10385     0.02073    0.10252
870       0.02188    0.10385     0.02073    0.10252
871       0.02188    0.10385     0.02073    0.10252
872       0.02188    0.10385     0.02073    0.10252
873       0.02188    0.10385     0.02073    0.10252
874       0.02188    0.10385     0.02073    0.10252
875       0.02188    0.10385     0.02073    0.10252
876       0.02188    0.10385     0.02073    0.10252
877       0.02188    0.10385     0.02073    0.10252
878       0.02188    0.10385     0.02073    0.10252
879       0.02188    0.10385     0.02073    0.10252
880       0.02188    0.10385     0.02073    0.10252
881       0.02188    0.10385     0.02073    0.10252
882       0.02188    0.10385     0.02073    0.10252
883       0.02188    0.10385     0.02073    0.10252
884       0.02188    0.10385     0.02073    0.10252
885       0.02188    0.10385     0.02073    0.10252
886       0.02188    0.10385     0.02073    0.10252
887       0.02188    0.10385     0.02073    0.10252
888       0.02188    0.10385     0.02073    0.10252
889       0.02188    0.10385     0.02073    0.10252
890       0.02188    0.10385     0.02073    0.10252
891       0.02188    0.10385     0.02073    0.10252
892       0.02188    0.10385     0.02073    0.10252
893       0.02188    0.10385     0.02073    0.10252
894       0.02188    0.10385     0.02073    0.10252
895       0.02188    0.10385     0.02073    0.10252
896       0.02188    0.10385     0.02073    0.10252
897       0.02188    0.10385     0.02073    0.10252
898       0.02188    0.10385     0.02073    0.10252
899       0.02188    0.10385     0.02073    0.10252
900       0.02188    0.10385     0.02073    0.10252
901       0.02188    0.10385     0.02073    0.10252
902       0.02188    0.10385     0.02073    0.10252
903       0.02188    0.10385     0.02073    0.10252
904       0.02188    0.10385     0.02073    0.10252
905       0.02188    0.10385     0.02073    0.10252
906       0.02188    0.10385     0.02073    0.10252
907       0.02188    0.10385     0.02073    0.10252
908       0.02188    0.10385     0.02073    0.10252
909       0.02188    0.10385     0.02073    0.10252
910       0.02188    0.10385     0.02073    0.10252
911       0.02188    0.10385     0.02073    0.10252
912       0.02188    0.10385     0.02073    0.10252
913       0.02188    0.10385     0.02073    0.10252
914       0.02188    0.10385     0.02073    0.10252
915       0.02188    0.10385     0.02073    0.10252
916       0.02188    0.10385     0.02073    0.10252
917       0.02188    0.10385     0.02073    0.10252
918       0.02188    0.10385     0.02073    0.10252
919       0.02188    0.10385     0.02073    0.10252
920       0.02188    0.10385     0.02073    0.10252
921       0.02188    0.10385     0.02073    0.10252
922       0.02188    0.10385     0.02073    0.10252
923       0.02188    0.10385     0.02073    0.10252
924       0.02188    0.10385     0.02073    0.10252
925       0.02188    0.10385     0.02073    0.10252
926       0.02188    0.10385     0.02073    0.10252
927       0.02188    0.10385     0.02073    0.10252
928       0.02188    0.10385     0.02073    0.10252
929       0.02188    0.10385     0.02073    0.10252
930       0.02188    0.10385     0.02073    0.10252
931       0.02188    0.10385     0.02073    0.10252
932       0.02188    0.10385     0.02073    0.10252
933       0.02188    0.10385     0.02073    0.10252
934       0.02188    0.10385     0.02073    0.10252
935       0.02188    0.10385     0.02073    0.10252
936       0.02188    0.10385     0.02073    0.10252
937       0.02188    0.10385     0.02073    0.10252
938       0.02188    0.10385     0.02073    0.10252
939       0.02188    0.10385     0.02073    0.10252
940       0.02188    0.10385     0.02073    0.10252
941       0.02188    0.10385     0.02073    0.10252
942       0.02188    0.10385     0.02073    0.10252
943       0.02188    0.10385     0.02073    0.10252
944       0.02188    0.10385     0.02073    0.10252
945       0.02188    0.10385     0.02073    0.10252
946       0.02188    0.10385     0.02073    0.10252
947       0.02188    0.10385     0.02073    0.10252
948       0.02188    0.10385     0.02073    0.10252
949       0.02188    0.10385     0.02073    0.10252
950       0.02188    0.10385     0.02073    0.10252
951       0.02188    0.10385     0.02073    0.10252
952       0.02188    0.10385     0.02073    0.10252
953       0.02188    0.10385     0.02073    0.10252
954       0.02188    0.10385     0.02073    0.10252
955       0.02188    0.10385     0.02073    0.10252
956       0.02188    0.10385     0.02073    0.10252
957       0.02188    0.10385     0.02073    0.10252
958       0.02188    0.10385     0.02073    0.10252
959       0.02188    0.10385     0.02073    0.10252
960       0.02188    0.10385     0.02073    0.10252
961       0.02188    0.10385     0.02073    0.10252
962       0.02188    0.10385     0.02073    0.10252
963       0.02188    0.10385     0.02073    0.10252
964       0.02188    0.10385     0.02073    0.10252
965       0.02188    0.10385     0.02073    0.10252
966       0.02188    0.10385     0.02073    0.10252
967       0.02188    0.10385     0.02073    0.10252
968       0.02188    0.10385     0.02073    0.10252
969       0.02188    0.10385     0.02073    0.10252
970       0.02188    0.10385     0.02073    0.10252
971       0.02188    0.10385     0.02073    0.10252
972       0.02188    0.10385     0.02073    0.10252
973       0.02188    0.10385     0.02073    0.10252
974       0.02188    0.10385     0.02073    0.10252
975       0.02188    0.10385     0.02073    0.10252
976       0.02188    0.10385     0.02073    0.10252
977       0.02188    0.10385     0.02073    0.10252
978       0.02188    0.10385     0.02073    0.10252
979       0.02188    0.10385     0.02073    0.10252
980       0.02188    0.10385     0.02073    0.10252
981       0.02188    0.10385     0.02073    0.10252
982       0.02188    0.10385     0.02073    0.10252
983       0.02188    0.10385     0.02073    0.10252
984       0.02188    0.10385     0.02073    0.10252
985       0.02188    0.10385     0.02073    0.10252
986       0.02188    0.10385     0.02073    0.10252
987       0.02188    0.10385     0.02073    0.10252
988       0.02188    0.10385     0.02073    0.10252
989       0.02188    0.10385     0.02073    0.10252
990       0.02188    0.10385     0.02073    0.10252
991       0.02188    0.10385     0.02073    0.10252
992       0.02188    0.10385     0.02073    0.10252
993       0.02188    0.10385     0.02073    0.10252
994       0.02188    0.10385     0.02073    0.10252
995       0.02188    0.10385     0.02073    0.10252
996       0.02188    0.10385     0.02073    0.10252
997       0.02188    0.10385     0.02073    0.10252
998       0.02188    0.10385     0.02073    0.10252
999       0.02188    0.10385     0.02073    0.10252
1000       0.02188    0.10385     0.02073    0.10252
1001       0.02188    0.10385     0.02073    0.10252
1002       0.02188    0.10385     0.02073    0.10252
1003       0.02188    0.10385     0.02073    0.10252
1004       0.02188    0.10385     0.02073    0.10252    0.02281    0.10383