Ciclo   TrainMSE   TrainMAE   ValidMSE   ValidMAE   TestMSE     TestMAE
----------------------------------------------------------------------- 
0       0.02512    0.11101     0.02392    0.10894
1       0.02456    0.10954     0.02327    0.10728
2       0.02425    0.10884     0.02296    0.10670
3       0.02404    0.10834     0.02275    0.10629
4       0.02387    0.10794     0.02257    0.10593
5       0.02372    0.10759     0.02242    0.10560
6       0.02359    0.10727     0.02228    0.10529
7       0.02347    0.10697     0.02216    0.10500
8       0.02336    0.10669     0.02204    0.10472
9       0.02326    0.10643     0.02194    0.10446
10       0.02316    0.10619     0.02184    0.10421
11       0.02307    0.10596     0.02174    0.10398
12       0.02299    0.10574     0.02166    0.10377
13       0.02291    0.10554     0.02157    0.10358
14       0.02284    0.10535     0.02150    0.10340
15       0.02277    0.10518     0.02143    0.10324
16       0.02270    0.10502     0.02136    0.10308
17       0.02264    0.10487     0.02130    0.10295
18       0.02258    0.10473     0.02124    0.10283
19       0.02253    0.10460     0.02119    0.10273
20       0.02248    0.10448     0.02113    0.10263
21       0.02243    0.10438     0.02109    0.10253
22       0.02239    0.10428     0.02104    0.10245
23       0.02234    0.10419     0.02100    0.10237
24       0.02230    0.10411     0.02096    0.10231
25       0.02227    0.10403     0.02093    0.10225
26       0.02223    0.10396     0.02089    0.10220
27       0.02220    0.10389     0.02086    0.10215
28       0.02217    0.10384     0.02083    0.10210
29       0.02214    0.10378     0.02080    0.10207
30       0.02211    0.10373     0.02078    0.10203
31       0.02209    0.10368     0.02075    0.10200
32       0.02206    0.10364     0.02073    0.10197
33       0.02204    0.10360     0.02071    0.10194
34       0.02202    0.10356     0.02069    0.10192
35       0.02200    0.10352     0.02067    0.10190
36       0.02198    0.10349     0.02066    0.10188
37       0.02196    0.10347     0.02064    0.10187
38       0.02194    0.10344     0.02063    0.10185
39       0.02193    0.10342     0.02061    0.10184
40       0.02191    0.10339     0.02060    0.10183
41       0.02190    0.10337     0.02059    0.10182
42       0.02189    0.10336     0.02058    0.10181
43       0.02187    0.10334     0.02057    0.10180
44       0.02186    0.10333     0.02056    0.10180
45       0.02185    0.10331     0.02055    0.10179
46       0.02184    0.10330     0.02054    0.10178
47       0.02183    0.10329     0.02053    0.10178
48       0.02182    0.10328     0.02052    0.10177
49       0.02181    0.10327     0.02052    0.10177
50       0.02180    0.10327     0.02051    0.10177
51       0.02180    0.10326     0.02051    0.10176
52       0.02179    0.10325     0.02050    0.10176
53       0.02178    0.10325     0.02050    0.10176
54       0.02177    0.10324     0.02049    0.10176
55       0.02177    0.10324     0.02049    0.10176
56       0.02176    0.10324     0.02048    0.10176
57       0.02176    0.10324     0.02048    0.10177
58       0.02175    0.10324     0.02048    0.10177
59       0.02175    0.10323     0.02047    0.10177
60       0.02174    0.10323     0.02047    0.10177
61       0.02174    0.10323     0.02047    0.10177
62       0.02173    0.10323     0.02046    0.10178
63       0.02173    0.10323     0.02046    0.10178
64       0.02173    0.10324     0.02046    0.10178
65       0.02172    0.10324     0.02046    0.10178
66       0.02172    0.10324     0.02046    0.10179
67       0.02171    0.10324     0.02045    0.10179
68       0.02171    0.10324     0.02045    0.10179
69       0.02171    0.10324     0.02045    0.10180
70       0.02171    0.10324     0.02045    0.10180
71       0.02170    0.10324     0.02045    0.10180
72       0.02170    0.10325     0.02045    0.10181
73       0.02170    0.10325     0.02045    0.10181
74       0.02170    0.10325     0.02045    0.10182
75       0.02169    0.10325     0.02045    0.10182
76       0.02169    0.10325     0.02044    0.10182
77       0.02169    0.10326     0.02044    0.10183
78       0.02169    0.10326     0.02044    0.10183
79       0.02169    0.10326     0.02044    0.10183
80       0.02168    0.10326     0.02044    0.10184
81       0.02168    0.10326     0.02044    0.10184
82       0.02168    0.10326     0.02044    0.10185
83       0.02168    0.10327     0.02044    0.10185
84       0.02168    0.10327     0.02044    0.10185
85       0.02168    0.10327     0.02044    0.10186
86       0.02168    0.10327     0.02044    0.10186
87       0.02167    0.10327     0.02044    0.10187
88       0.02167    0.10328     0.02044    0.10187
89       0.02167    0.10328     0.02044    0.10187
90       0.02167    0.10328     0.02044    0.10188
91       0.02167    0.10328     0.02044    0.10188
92       0.02167    0.10329     0.02044    0.10189
93       0.02167    0.10329     0.02044    0.10189
94       0.02167    0.10329     0.02044    0.10189
95       0.02167    0.10329     0.02044    0.10190
96       0.02167    0.10329     0.02044    0.10190
97       0.02167    0.10330     0.02044    0.10190
98       0.02166    0.10330     0.02044    0.10191
99       0.02166    0.10330     0.02044    0.10191
100       0.02166    0.10330     0.02044    0.10191
101       0.02166    0.10330     0.02044    0.10192
102       0.02166    0.10331     0.02044    0.10192
103       0.02166    0.10331     0.02044    0.10192
104       0.02166    0.10331     0.02044    0.10192
105       0.02166    0.10331     0.02044    0.10193
106       0.02166    0.10331     0.02044    0.10193
107       0.02166    0.10332     0.02044    0.10193
108       0.02166    0.10332     0.02044    0.10193
109       0.02166    0.10332     0.02044    0.10194
110       0.02166    0.10332     0.02044    0.10194
111       0.02166    0.10332     0.02044    0.10194
112       0.02166    0.10333     0.02044    0.10194
113       0.02166    0.10333     0.02044    0.10195
114       0.02166    0.10333     0.02044    0.10195
115       0.02166    0.10333     0.02044    0.10195
116       0.02166    0.10333     0.02044    0.10195
117       0.02166    0.10333     0.02044    0.10196
118       0.02166    0.10334     0.02044    0.10196
119       0.02165    0.10334     0.02044    0.10196
120       0.02165    0.10334     0.02044    0.10196
121       0.02165    0.10334     0.02044    0.10196
122       0.02165    0.10334     0.02044    0.10197
123       0.02165    0.10334     0.02044    0.10197
124       0.02165    0.10334     0.02044    0.10197
125       0.02165    0.10335     0.02045    0.10197
126       0.02165    0.10335     0.02045    0.10197
127       0.02165    0.10335     0.02045    0.10197
128       0.02165    0.10335     0.02045    0.10198
129       0.02165    0.10335     0.02045    0.10198
130       0.02165    0.10335     0.02045    0.10198
131       0.02165    0.10335     0.02045    0.10198
132       0.02165    0.10336     0.02045    0.10198
133       0.02165    0.10336     0.02045    0.10198
134       0.02165    0.10336     0.02045    0.10199
135       0.02165    0.10336     0.02045    0.10199
136       0.02165    0.10336     0.02045    0.10199
137       0.02165    0.10336     0.02045    0.10199
138       0.02165    0.10336     0.02045    0.10199
139       0.02165    0.10336     0.02045    0.10199
140       0.02165    0.10337     0.02045    0.10199
141       0.02165    0.10337     0.02045    0.10200
142       0.02165    0.10337     0.02045    0.10200
143       0.02165    0.10337     0.02045    0.10200
144       0.02165    0.10337     0.02045    0.10200
145       0.02165    0.10337     0.02045    0.10200
146       0.02165    0.10337     0.02045    0.10200
147       0.02165    0.10337     0.02045    0.10200
148       0.02165    0.10337     0.02045    0.10200
149       0.02165    0.10338     0.02045    0.10201
150       0.02165    0.10338     0.02045    0.10201
151       0.02165    0.10338     0.02045    0.10201
152       0.02165    0.10338     0.02045    0.10201
153       0.02165    0.10338     0.02045    0.10201
154       0.02165    0.10338     0.02045    0.10201
155       0.02165    0.10338     0.02045    0.10201
156       0.02165    0.10338     0.02045    0.10201
157       0.02165    0.10338     0.02045    0.10201
158       0.02165    0.10338     0.02045    0.10202
159       0.02165    0.10338     0.02045    0.10202
160       0.02165    0.10338     0.02045    0.10202
161       0.02165    0.10339     0.02045    0.10202
162       0.02165    0.10339     0.02045    0.10202
163       0.02165    0.10339     0.02045    0.10202
164       0.02165    0.10339     0.02045    0.10202
165       0.02165    0.10339     0.02045    0.10202
166       0.02165    0.10339     0.02045    0.10202
167       0.02165    0.10339     0.02045    0.10202
168       0.02165    0.10339     0.02045    0.10203
169       0.02165    0.10339     0.02045    0.10203
170       0.02165    0.10339     0.02045    0.10203
171       0.02165    0.10339     0.02045    0.10203
172       0.02165    0.10339     0.02045    0.10203
173       0.02165    0.10339     0.02045    0.10203
174       0.02165    0.10340     0.02045    0.10203
175       0.02165    0.10340     0.02045    0.10203
176       0.02165    0.10340     0.02045    0.10203
177       0.02165    0.10340     0.02045    0.10203
178       0.02165    0.10340     0.02045    0.10203
179       0.02165    0.10340     0.02045    0.10203
180       0.02165    0.10340     0.02046    0.10203
181       0.02165    0.10340     0.02046    0.10204
182       0.02165    0.10340     0.02046    0.10204
183       0.02165    0.10340     0.02046    0.10204
184       0.02165    0.10340     0.02046    0.10204
185       0.02165    0.10340     0.02046    0.10204
186       0.02165    0.10340     0.02046    0.10204
187       0.02165    0.10340     0.02046    0.10204
188       0.02165    0.10340     0.02046    0.10204
189       0.02165    0.10340     0.02046    0.10204
190       0.02165    0.10341     0.02046    0.10204
191       0.02165    0.10341     0.02046    0.10204
192       0.02165    0.10341     0.02046    0.10204
193       0.02165    0.10341     0.02046    0.10204
194       0.02165    0.10341     0.02046    0.10204
195       0.02165    0.10341     0.02046    0.10204
196       0.02165    0.10341     0.02046    0.10204
197       0.02165    0.10341     0.02046    0.10204
198       0.02165    0.10341     0.02046    0.10205
199       0.02165    0.10341     0.02046    0.10205
200       0.02165    0.10341     0.02046    0.10205
201       0.02165    0.10341     0.02046    0.10205
202       0.02165    0.10341     0.02046    0.10205
203       0.02165    0.10341     0.02046    0.10205
204       0.02165    0.10341     0.02046    0.10205
205       0.02165    0.10341     0.02046    0.10205
206       0.02165    0.10341     0.02046    0.10205
207       0.02165    0.10341     0.02046    0.10205
208       0.02165    0.10341     0.02046    0.10205
209       0.02165    0.10341     0.02046    0.10205
210       0.02165    0.10342     0.02046    0.10205
211       0.02165    0.10342     0.02046    0.10205
212       0.02165    0.10342     0.02046    0.10205
213       0.02165    0.10342     0.02046    0.10205
214       0.02165    0.10342     0.02046    0.10205
215       0.02165    0.10342     0.02046    0.10205
216       0.02165    0.10342     0.02046    0.10205
217       0.02165    0.10342     0.02046    0.10205
218       0.02165    0.10342     0.02046    0.10206
219       0.02165    0.10342     0.02046    0.10206
220       0.02165    0.10342     0.02046    0.10206
221       0.02165    0.10342     0.02046    0.10206
222       0.02165    0.10342     0.02046    0.10206
223       0.02165    0.10342     0.02046    0.10206
224       0.02165    0.10342     0.02046    0.10206
225       0.02165    0.10342     0.02046    0.10206
226       0.02165    0.10342     0.02046    0.10206
227       0.02165    0.10342     0.02046    0.10206
228       0.02165    0.10342     0.02046    0.10206
229       0.02165    0.10342     0.02046    0.10206
230       0.02165    0.10342     0.02046    0.10206
231       0.02165    0.10342     0.02046    0.10206
232       0.02165    0.10342     0.02046    0.10206
233       0.02165    0.10342     0.02046    0.10206
234       0.02165    0.10342     0.02046    0.10206
235       0.02165    0.10343     0.02046    0.10206
236       0.02165    0.10343     0.02046    0.10206
237       0.02165    0.10343     0.02046    0.10206
238       0.02165    0.10343     0.02046    0.10206
239       0.02165    0.10343     0.02046    0.10206
240       0.02165    0.10343     0.02046    0.10206
241       0.02165    0.10343     0.02046    0.10206
242       0.02165    0.10343     0.02046    0.10206
243       0.02165    0.10343     0.02046    0.10206
244       0.02165    0.10343     0.02046    0.10206
245       0.02165    0.10343     0.02046    0.10206
246       0.02165    0.10343     0.02046    0.10207
247       0.02165    0.10343     0.02046    0.10207
248       0.02165    0.10343     0.02046    0.10207
249       0.02165    0.10343     0.02046    0.10207
250       0.02165    0.10343     0.02046    0.10207
251       0.02165    0.10343     0.02046    0.10207
252       0.02165    0.10343     0.02046    0.10207
253       0.02165    0.10343     0.02046    0.10207
254       0.02165    0.10343     0.02046    0.10207
255       0.02165    0.10343     0.02046    0.10207
256       0.02165    0.10343     0.02046    0.10207
257       0.02165    0.10343     0.02046    0.10207
258       0.02165    0.10343     0.02046    0.10207
259       0.02165    0.10343     0.02046    0.10207
260       0.02165    0.10343     0.02046    0.10207
261       0.02165    0.10343     0.02046    0.10207
262       0.02165    0.10343     0.02046    0.10207
263       0.02165    0.10343     0.02046    0.10207
264       0.02165    0.10343     0.02046    0.10207
265       0.02165    0.10343     0.02046    0.10207
266       0.02165    0.10343     0.02046    0.10207
267       0.02165    0.10344     0.02046    0.10207
268       0.02165    0.10344     0.02046    0.10207
269       0.02165    0.10344     0.02046    0.10207
270       0.02165    0.10344     0.02046    0.10207
271       0.02165    0.10344     0.02046    0.10207
272       0.02165    0.10344     0.02046    0.10207
273       0.02165    0.10344     0.02046    0.10207
274       0.02165    0.10344     0.02046    0.10207
275       0.02165    0.10344     0.02046    0.10207
276       0.02165    0.10344     0.02046    0.10207
277       0.02165    0.10344     0.02046    0.10207
278       0.02165    0.10344     0.02046    0.10207
279       0.02165    0.10344     0.02046    0.10207
280       0.02165    0.10344     0.02046    0.10207
281       0.02165    0.10344     0.02046    0.10207
282       0.02165    0.10344     0.02046    0.10207
283       0.02165    0.10344     0.02046    0.10207
284       0.02165    0.10344     0.02046    0.10207
285       0.02165    0.10344     0.02046    0.10207
286       0.02165    0.10344     0.02046    0.10207
287       0.02165    0.10344     0.02046    0.10207
288       0.02165    0.10344     0.02046    0.10208
289       0.02165    0.10344     0.02047    0.10208
290       0.02165    0.10344     0.02047    0.10208
291       0.02165    0.10344     0.02047    0.10208
292       0.02165    0.10344     0.02047    0.10208
293       0.02165    0.10344     0.02047    0.10208
294       0.02165    0.10344     0.02047    0.10208
295       0.02165    0.10344     0.02047    0.10208
296       0.02165    0.10344     0.02047    0.10208
297       0.02165    0.10344     0.02047    0.10208
298       0.02165    0.10344     0.02047    0.10208
299       0.02165    0.10344     0.02047    0.10208
300       0.02165    0.10344     0.02047    0.10208
301       0.02165    0.10344     0.02047    0.10208
302       0.02165    0.10344     0.02047    0.10208
303       0.02165    0.10344     0.02047    0.10208
304       0.02165    0.10344     0.02047    0.10208
305       0.02165    0.10344     0.02047    0.10208
306       0.02165    0.10344     0.02047    0.10208
307       0.02165    0.10344     0.02047    0.10208
308       0.02165    0.10344     0.02047    0.10208
309       0.02165    0.10344     0.02047    0.10208
310       0.02165    0.10344     0.02047    0.10208
311       0.02165    0.10344     0.02047    0.10208
312       0.02165    0.10344     0.02047    0.10208
313       0.02165    0.10344     0.02047    0.10208
314       0.02165    0.10344     0.02047    0.10208
315       0.02165    0.10344     0.02047    0.10208
316       0.02165    0.10345     0.02047    0.10208
317       0.02165    0.10345     0.02047    0.10208
318       0.02165    0.10345     0.02047    0.10208
319       0.02165    0.10345     0.02047    0.10208
320       0.02165    0.10345     0.02047    0.10208
321       0.02165    0.10345     0.02047    0.10208
322       0.02165    0.10345     0.02047    0.10208
323       0.02165    0.10345     0.02047    0.10208
324       0.02165    0.10345     0.02047    0.10208
325       0.02165    0.10345     0.02047    0.10208
326       0.02165    0.10345     0.02047    0.10208
327       0.02165    0.10345     0.02047    0.10208
328       0.02165    0.10345     0.02047    0.10208
329       0.02165    0.10345     0.02047    0.10208
330       0.02165    0.10345     0.02047    0.10208
331       0.02165    0.10345     0.02047    0.10208
332       0.02165    0.10345     0.02047    0.10208
333       0.02165    0.10345     0.02047    0.10208
334       0.02165    0.10345     0.02047    0.10208
335       0.02165    0.10345     0.02047    0.10208
336       0.02165    0.10345     0.02047    0.10208
337       0.02165    0.10345     0.02047    0.10208
338       0.02165    0.10345     0.02047    0.10208
339       0.02165    0.10345     0.02047    0.10208
340       0.02165    0.10345     0.02047    0.10208
341       0.02165    0.10345     0.02047    0.10208
342       0.02165    0.10345     0.02047    0.10208
343       0.02165    0.10345     0.02047    0.10208
344       0.02165    0.10345     0.02047    0.10208
345       0.02165    0.10345     0.02047    0.10208
346       0.02165    0.10345     0.02047    0.10208
347       0.02165    0.10345     0.02047    0.10208
348       0.02165    0.10345     0.02047    0.10208
349       0.02165    0.10345     0.02047    0.10208
350       0.02165    0.10345     0.02047    0.10208
351       0.02165    0.10345     0.02047    0.10208
352       0.02165    0.10345     0.02047    0.10208
353       0.02165    0.10345     0.02047    0.10208
354       0.02165    0.10345     0.02047    0.10208
355       0.02165    0.10345     0.02047    0.10208
356       0.02165    0.10345     0.02047    0.10208
357       0.02165    0.10345     0.02047    0.10208
358       0.02165    0.10345     0.02047    0.10208
359       0.02165    0.10345     0.02047    0.10208
360       0.02165    0.10345     0.02047    0.10208
361       0.02165    0.10345     0.02047    0.10208
362       0.02165    0.10345     0.02047    0.10208
363       0.02165    0.10345     0.02047    0.10209
364       0.02165    0.10345     0.02047    0.10209
365       0.02165    0.10345     0.02047    0.10209
366       0.02165    0.10345     0.02047    0.10209
367       0.02165    0.10345     0.02047    0.10209
368       0.02165    0.10345     0.02047    0.10209
369       0.02165    0.10345     0.02047    0.10209
370       0.02165    0.10345     0.02047    0.10209
371       0.02165    0.10345     0.02047    0.10209
372       0.02165    0.10345     0.02047    0.10209
373       0.02165    0.10345     0.02047    0.10209
374       0.02165    0.10345     0.02047    0.10209
375       0.02165    0.10345     0.02047    0.10209
376       0.02165    0.10345     0.02047    0.10209
377       0.02165    0.10345     0.02047    0.10209
378       0.02165    0.10345     0.02047    0.10209
379       0.02165    0.10345     0.02047    0.10209
380       0.02165    0.10345     0.02047    0.10209
381       0.02165    0.10345     0.02047    0.10209
382       0.02165    0.10345     0.02047    0.10209
383       0.02165    0.10345     0.02047    0.10209
384       0.02165    0.10345     0.02047    0.10209
385       0.02165    0.10345     0.02047    0.10209
386       0.02165    0.10345     0.02047    0.10209
387       0.02165    0.10345     0.02047    0.10209
388       0.02165    0.10345     0.02047    0.10209
389       0.02165    0.10345     0.02047    0.10209
390       0.02165    0.10345     0.02047    0.10209
391       0.02165    0.10345     0.02047    0.10209
392       0.02165    0.10345     0.02047    0.10209
393       0.02165    0.10345     0.02047    0.10209
394       0.02165    0.10345     0.02047    0.10209
395       0.02165    0.10345     0.02047    0.10209
396       0.02165    0.10345     0.02047    0.10209
397       0.02165    0.10345     0.02047    0.10209
398       0.02165    0.10345     0.02047    0.10209
399       0.02165    0.10345     0.02047    0.10209
400       0.02165    0.10345     0.02047    0.10209
401       0.02165    0.10345     0.02047    0.10209
402       0.02165    0.10345     0.02047    0.10209
403       0.02165    0.10345     0.02047    0.10209
404       0.02165    0.10345     0.02047    0.10209
405       0.02165    0.10345     0.02047    0.10209
406       0.02165    0.10345     0.02047    0.10209
407       0.02165    0.10345     0.02047    0.10209
408       0.02165    0.10345     0.02047    0.10209
409       0.02165    0.10345     0.02047    0.10209
410       0.02165    0.10345     0.02047    0.10209
411       0.02165    0.10345     0.02047    0.10209
412       0.02165    0.10345     0.02047    0.10209
413       0.02165    0.10345     0.02047    0.10209
414       0.02165    0.10345     0.02047    0.10209
415       0.02165    0.10345     0.02047    0.10209
416       0.02165    0.10346     0.02047    0.10209
417       0.02165    0.10346     0.02047    0.10209
418       0.02165    0.10346     0.02047    0.10209
419       0.02165    0.10346     0.02047    0.10209
420       0.02165    0.10346     0.02047    0.10209
421       0.02165    0.10346     0.02047    0.10209
422       0.02165    0.10346     0.02047    0.10209
423       0.02165    0.10346     0.02047    0.10209
424       0.02165    0.10346     0.02047    0.10209
425       0.02165    0.10346     0.02047    0.10209
426       0.02165    0.10346     0.02047    0.10209
427       0.02165    0.10346     0.02047    0.10209
428       0.02165    0.10346     0.02047    0.10209
429       0.02165    0.10346     0.02047    0.10209
430       0.02165    0.10346     0.02047    0.10209
431       0.02165    0.10346     0.02047    0.10209
432       0.02165    0.10346     0.02047    0.10209
433       0.02165    0.10346     0.02047    0.10209
434       0.02165    0.10346     0.02047    0.10209
435       0.02165    0.10346     0.02047    0.10209
436       0.02165    0.10346     0.02047    0.10209
437       0.02165    0.10346     0.02047    0.10209
438       0.02165    0.10346     0.02047    0.10209
439       0.02165    0.10346     0.02047    0.10209
440       0.02165    0.10346     0.02047    0.10209
441       0.02165    0.10346     0.02047    0.10209
442       0.02165    0.10346     0.02047    0.10209
443       0.02165    0.10346     0.02047    0.10209
444       0.02165    0.10346     0.02047    0.10209
445       0.02165    0.10346     0.02047    0.10209
446       0.02165    0.10346     0.02047    0.10209
447       0.02165    0.10346     0.02047    0.10209
448       0.02165    0.10346     0.02047    0.10209
449       0.02165    0.10346     0.02047    0.10209
450       0.02165    0.10346     0.02047    0.10209
451       0.02165    0.10346     0.02047    0.10209
452       0.02165    0.10346     0.02047    0.10209
453       0.02165    0.10346     0.02047    0.10209
454       0.02165    0.10346     0.02047    0.10209
455       0.02165    0.10346     0.02047    0.10209
456       0.02165    0.10346     0.02047    0.10209
457       0.02165    0.10346     0.02047    0.10209
458       0.02165    0.10346     0.02047    0.10209
459       0.02165    0.10346     0.02047    0.10209
460       0.02165    0.10346     0.02047    0.10209
461       0.02165    0.10346     0.02047    0.10209
462       0.02165    0.10346     0.02047    0.10209
463       0.02165    0.10346     0.02047    0.10209
464       0.02165    0.10346     0.02047    0.10209
465       0.02165    0.10346     0.02047    0.10209
466       0.02165    0.10346     0.02047    0.10209
467       0.02165    0.10346     0.02047    0.10209
468       0.02165    0.10346     0.02047    0.10209
469       0.02165    0.10346     0.02047    0.10209
470       0.02165    0.10346     0.02047    0.10209
471       0.02165    0.10346     0.02047    0.10209
472       0.02165    0.10346     0.02047    0.10209
473       0.02165    0.10346     0.02047    0.10209
474       0.02165    0.10346     0.02047    0.10209
475       0.02165    0.10346     0.02047    0.10209
476       0.02165    0.10346     0.02047    0.10209
477       0.02165    0.10346     0.02047    0.10209
478       0.02165    0.10346     0.02047    0.10209
479       0.02165    0.10346     0.02047    0.10209
480       0.02165    0.10346     0.02047    0.10209
481       0.02165    0.10346     0.02047    0.10209
482       0.02165    0.10346     0.02047    0.10209
483       0.02165    0.10346     0.02047    0.10209
484       0.02165    0.10346     0.02047    0.10209
485       0.02165    0.10346     0.02047    0.10209
486       0.02165    0.10346     0.02047    0.10209
487       0.02165    0.10346     0.02047    0.10209
488       0.02165    0.10346     0.02047    0.10209
489       0.02165    0.10346     0.02047    0.10209
490       0.02165    0.10346     0.02047    0.10209
491       0.02165    0.10346     0.02047    0.10209
492       0.02165    0.10346     0.02047    0.10209
493       0.02165    0.10346     0.02047    0.10209
494       0.02165    0.10346     0.02047    0.10209
495       0.02165    0.10346     0.02047    0.10209
496       0.02165    0.10346     0.02047    0.10209
497       0.02165    0.10346     0.02047    0.10209
498       0.02165    0.10346     0.02047    0.10209
499       0.02165    0.10346     0.02047    0.10209
500       0.02165    0.10346     0.02047    0.10209
501       0.02165    0.10346     0.02047    0.10209
502       0.02165    0.10346     0.02047    0.10209
503       0.02165    0.10346     0.02047    0.10209
504       0.02165    0.10346     0.02047    0.10209
505       0.02165    0.10346     0.02047    0.10209
506       0.02165    0.10346     0.02047    0.10209
507       0.02165    0.10346     0.02047    0.10209
508       0.02165    0.10346     0.02047    0.10209
509       0.02165    0.10346     0.02047    0.10209
510       0.02165    0.10346     0.02047    0.10209
511       0.02165    0.10346     0.02047    0.10209
512       0.02165    0.10346     0.02047    0.10209
513       0.02165    0.10346     0.02047    0.10209
514       0.02165    0.10346     0.02047    0.10209
515       0.02165    0.10346     0.02047    0.10209
516       0.02165    0.10346     0.02047    0.10209
517       0.02165    0.10346     0.02047    0.10209
518       0.02165    0.10346     0.02047    0.10209
519       0.02165    0.10346     0.02047    0.10209
520       0.02165    0.10346     0.02047    0.10209
521       0.02165    0.10346     0.02047    0.10209
522       0.02165    0.10346     0.02047    0.10209
523       0.02165    0.10346     0.02047    0.10209
524       0.02165    0.10346     0.02047    0.10209
525       0.02165    0.10346     0.02047    0.10209
526       0.02165    0.10346     0.02047    0.10209
527       0.02165    0.10346     0.02047    0.10209
528       0.02165    0.10346     0.02047    0.10209
529       0.02165    0.10346     0.02047    0.10209
530       0.02165    0.10346     0.02047    0.10209
531       0.02165    0.10346     0.02047    0.10209
532       0.02165    0.10346     0.02047    0.10209
533       0.02165    0.10346     0.02047    0.10209
534       0.02165    0.10346     0.02047    0.10209
535       0.02165    0.10346     0.02047    0.10209
536       0.02165    0.10346     0.02047    0.10209
537       0.02165    0.10346     0.02047    0.10209
538       0.02165    0.10346     0.02047    0.10209
539       0.02165    0.10346     0.02047    0.10209
540       0.02165    0.10346     0.02047    0.10209
541       0.02165    0.10346     0.02047    0.10209
542       0.02165    0.10346     0.02047    0.10209
543       0.02165    0.10346     0.02047    0.10209
544       0.02165    0.10346     0.02047    0.10209
545       0.02165    0.10346     0.02047    0.10209
546       0.02165    0.10346     0.02047    0.10209
547       0.02165    0.10346     0.02047    0.10209
548       0.02165    0.10346     0.02047    0.10209
549       0.02165    0.10346     0.02047    0.10209
550       0.02165    0.10346     0.02047    0.10209
551       0.02165    0.10346     0.02047    0.10209
552       0.02165    0.10346     0.02047    0.10209
553       0.02165    0.10346     0.02047    0.10209
554       0.02165    0.10346     0.02047    0.10209
555       0.02165    0.10346     0.02047    0.10209
556       0.02165    0.10346     0.02047    0.10209
557       0.02165    0.10346     0.02047    0.10209
558       0.02165    0.10346     0.02047    0.10209
559       0.02165    0.10346     0.02047    0.10209
560       0.02165    0.10346     0.02047    0.10209
561       0.02165    0.10346     0.02047    0.10209
562       0.02165    0.10346     0.02047    0.10209
563       0.02165    0.10346     0.02047    0.10209
564       0.02165    0.10346     0.02047    0.10209
565       0.02165    0.10346     0.02047    0.10209
566       0.02165    0.10346     0.02047    0.10209
567       0.02165    0.10346     0.02047    0.10209
568       0.02165    0.10346     0.02047    0.10209
569       0.02165    0.10346     0.02047    0.10209
570       0.02165    0.10346     0.02047    0.10209
571       0.02165    0.10346     0.02047    0.10209
572       0.02165    0.10346     0.02047    0.10209
573       0.02165    0.10346     0.02047    0.10209
574       0.02165    0.10346     0.02047    0.10209
575       0.02165    0.10346     0.02047    0.10209
576       0.02165    0.10346     0.02047    0.10209
577       0.02165    0.10346     0.02047    0.10209
578       0.02165    0.10346     0.02047    0.10209
579       0.02165    0.10346     0.02047    0.10209
580       0.02165    0.10346     0.02047    0.10209
581       0.02165    0.10346     0.02047    0.10209
582       0.02165    0.10346     0.02047    0.10209
583       0.02165    0.10346     0.02047    0.10209
584       0.02165    0.10346     0.02047    0.10209
585       0.02165    0.10346     0.02047    0.10209
586       0.02165    0.10346     0.02047    0.10209
587       0.02165    0.10346     0.02047    0.10209
588       0.02165    0.10346     0.02047    0.10209
589       0.02165    0.10346     0.02047    0.10209
590       0.02165    0.10346     0.02047    0.10209
591       0.02165    0.10346     0.02047    0.10209
592       0.02165    0.10346     0.02047    0.10209
593       0.02165    0.10346     0.02047    0.10209
594       0.02165    0.10346     0.02047    0.10209
595       0.02165    0.10346     0.02047    0.10209
596       0.02165    0.10346     0.02047    0.10209
597       0.02165    0.10346     0.02047    0.10209
598       0.02165    0.10346     0.02047    0.10209
599       0.02165    0.10346     0.02047    0.10209
600       0.02165    0.10346     0.02047    0.10209
601       0.02165    0.10346     0.02047    0.10209
602       0.02165    0.10346     0.02047    0.10209
603       0.02165    0.10346     0.02047    0.10209
604       0.02165    0.10346     0.02047    0.10209
605       0.02165    0.10346     0.02047    0.10209
606       0.02165    0.10346     0.02047    0.10209
607       0.02165    0.10346     0.02047    0.10209
608       0.02165    0.10346     0.02047    0.10209
609       0.02165    0.10346     0.02047    0.10209
610       0.02165    0.10346     0.02047    0.10209
611       0.02165    0.10346     0.02047    0.10209
612       0.02165    0.10346     0.02047    0.10209
613       0.02165    0.10346     0.02047    0.10209
614       0.02165    0.10346     0.02047    0.10209
615       0.02165    0.10346     0.02047    0.10209
616       0.02165    0.10346     0.02047    0.10209
617       0.02165    0.10346     0.02047    0.10209
618       0.02165    0.10346     0.02047    0.10209
619       0.02165    0.10346     0.02047    0.10209
620       0.02165    0.10346     0.02047    0.10209
621       0.02165    0.10346     0.02047    0.10209
622       0.02165    0.10346     0.02047    0.10209
623       0.02165    0.10346     0.02047    0.10209
624       0.02165    0.10346     0.02047    0.10209
625       0.02165    0.10346     0.02047    0.10209
626       0.02165    0.10346     0.02047    0.10209
627       0.02165    0.10346     0.02047    0.10209
628       0.02165    0.10346     0.02047    0.10209
629       0.02165    0.10346     0.02047    0.10209
630       0.02165    0.10346     0.02047    0.10209
631       0.02165    0.10346     0.02047    0.10209
632       0.02165    0.10346     0.02047    0.10209
633       0.02165    0.10346     0.02047    0.10209
634       0.02165    0.10346     0.02047    0.10209
635       0.02165    0.10346     0.02047    0.10209
636       0.02165    0.10346     0.02047    0.10209
637       0.02165    0.10346     0.02047    0.10209
638       0.02165    0.10346     0.02047    0.10209
639       0.02165    0.10346     0.02047    0.10209
640       0.02165    0.10346     0.02047    0.10209
641       0.02165    0.10346     0.02047    0.10209
642       0.02165    0.10346     0.02047    0.10209
643       0.02165    0.10346     0.02047    0.10209
644       0.02165    0.10346     0.02047    0.10209
645       0.02165    0.10346     0.02047    0.10209
646       0.02165    0.10346     0.02047    0.10209
647       0.02165    0.10346     0.02047    0.10209
648       0.02165    0.10346     0.02047    0.10209
649       0.02165    0.10346     0.02047    0.10209
650       0.02165    0.10346     0.02047    0.10209
651       0.02165    0.10346     0.02047    0.10209
652       0.02165    0.10346     0.02047    0.10209
653       0.02165    0.10346     0.02047    0.10209
654       0.02165    0.10346     0.02047    0.10209
655       0.02165    0.10346     0.02047    0.10209
656       0.02165    0.10346     0.02047    0.10209
657       0.02165    0.10346     0.02047    0.10209
658       0.02165    0.10346     0.02047    0.10209
659       0.02165    0.10346     0.02047    0.10209
660       0.02165    0.10346     0.02047    0.10209
661       0.02165    0.10346     0.02047    0.10209
662       0.02165    0.10346     0.02047    0.10209
663       0.02165    0.10346     0.02047    0.10209
664       0.02165    0.10346     0.02047    0.10209
665       0.02165    0.10346     0.02047    0.10209
666       0.02165    0.10346     0.02047    0.10209
667       0.02165    0.10346     0.02047    0.10209
668       0.02165    0.10346     0.02047    0.10209
669       0.02165    0.10346     0.02047    0.10209
670       0.02165    0.10346     0.02047    0.10209
671       0.02165    0.10346     0.02047    0.10209
672       0.02165    0.10346     0.02047    0.10209
673       0.02165    0.10346     0.02047    0.10209
674       0.02165    0.10346     0.02047    0.10209
675       0.02165    0.10346     0.02047    0.10209
676       0.02165    0.10346     0.02047    0.10209
677       0.02165    0.10346     0.02047    0.10209
678       0.02165    0.10346     0.02047    0.10209
679       0.02165    0.10346     0.02047    0.10209
680       0.02165    0.10346     0.02047    0.10209
681       0.02165    0.10346     0.02047    0.10209
682       0.02165    0.10346     0.02047    0.10209
683       0.02165    0.10346     0.02047    0.10209
684       0.02165    0.10346     0.02047    0.10209
685       0.02165    0.10346     0.02047    0.10209
686       0.02165    0.10346     0.02047    0.10209
687       0.02165    0.10346     0.02047    0.10209
688       0.02165    0.10346     0.02047    0.10209
689       0.02165    0.10346     0.02047    0.10209
690       0.02165    0.10346     0.02047    0.10209
691       0.02165    0.10346     0.02047    0.10209
692       0.02165    0.10346     0.02047    0.10209
693       0.02165    0.10346     0.02047    0.10209
694       0.02165    0.10346     0.02047    0.10209
695       0.02165    0.10346     0.02047    0.10209
696       0.02165    0.10346     0.02047    0.10209
697       0.02165    0.10346     0.02047    0.10209
698       0.02165    0.10346     0.02047    0.10209
699       0.02165    0.10346     0.02047    0.10209
700       0.02165    0.10346     0.02047    0.10209
701       0.02165    0.10346     0.02047    0.10209
702       0.02165    0.10346     0.02047    0.10209
703       0.02165    0.10346     0.02047    0.10209
704       0.02165    0.10346     0.02047    0.10209
705       0.02165    0.10346     0.02047    0.10209
706       0.02165    0.10346     0.02047    0.10209
707       0.02165    0.10346     0.02047    0.10209
708       0.02165    0.10346     0.02047    0.10209
709       0.02165    0.10346     0.02047    0.10209
710       0.02165    0.10346     0.02047    0.10209
711       0.02165    0.10346     0.02047    0.10209
712       0.02165    0.10346     0.02047    0.10209
713       0.02165    0.10346     0.02047    0.10209
714       0.02165    0.10346     0.02047    0.10209
715       0.02165    0.10346     0.02047    0.10209
716       0.02165    0.10346     0.02047    0.10209
717       0.02165    0.10346     0.02047    0.10209
718       0.02165    0.10346     0.02047    0.10209
719       0.02165    0.10346     0.02047    0.10209
720       0.02165    0.10346     0.02047    0.10209
721       0.02165    0.10346     0.02047    0.10209
722       0.02165    0.10346     0.02047    0.10209
723       0.02165    0.10346     0.02047    0.10209
724       0.02165    0.10346     0.02047    0.10209
725       0.02165    0.10346     0.02047    0.10209
726       0.02165    0.10346     0.02047    0.10209
727       0.02165    0.10346     0.02047    0.10209
728       0.02165    0.10346     0.02047    0.10209
729       0.02165    0.10346     0.02047    0.10209
730       0.02165    0.10346     0.02047    0.10209
731       0.02165    0.10346     0.02047    0.10209
732       0.02165    0.10346     0.02047    0.10209
733       0.02165    0.10346     0.02047    0.10209
734       0.02165    0.10346     0.02047    0.10209
735       0.02165    0.10346     0.02047    0.10209
736       0.02165    0.10346     0.02047    0.10209
737       0.02165    0.10346     0.02047    0.10209
738       0.02165    0.10346     0.02047    0.10209
739       0.02165    0.10346     0.02047    0.10209
740       0.02165    0.10346     0.02047    0.10209
741       0.02165    0.10346     0.02047    0.10209
742       0.02165    0.10346     0.02047    0.10209
743       0.02165    0.10346     0.02047    0.10209
744       0.02165    0.10346     0.02047    0.10209
745       0.02165    0.10346     0.02047    0.10209
746       0.02165    0.10346     0.02047    0.10209
747       0.02165    0.10346     0.02047    0.10209
748       0.02165    0.10346     0.02047    0.10209
749       0.02165    0.10346     0.02047    0.10209
750       0.02165    0.10346     0.02047    0.10209
751       0.02165    0.10346     0.02047    0.10209
752       0.02165    0.10346     0.02047    0.10209
753       0.02165    0.10346     0.02047    0.10209
754       0.02165    0.10346     0.02047    0.10209
755       0.02165    0.10346     0.02047    0.10209
756       0.02165    0.10346     0.02047    0.10209
757       0.02165    0.10346     0.02047    0.10209
758       0.02165    0.10346     0.02047    0.10209
759       0.02165    0.10346     0.02047    0.10209
760       0.02165    0.10346     0.02047    0.10209
761       0.02165    0.10346     0.02047    0.10209
762       0.02165    0.10346     0.02047    0.10209
763       0.02165    0.10346     0.02047    0.10209
764       0.02165    0.10346     0.02047    0.10209
765       0.02165    0.10346     0.02047    0.10209
766       0.02165    0.10346     0.02047    0.10209
767       0.02165    0.10346     0.02047    0.10209
768       0.02165    0.10346     0.02047    0.10209
769       0.02165    0.10346     0.02047    0.10209
770       0.02165    0.10346     0.02047    0.10209
771       0.02165    0.10346     0.02047    0.10209
772       0.02165    0.10346     0.02047    0.10209
773       0.02165    0.10346     0.02047    0.10209
774       0.02165    0.10346     0.02047    0.10209
775       0.02165    0.10346     0.02047    0.10209
776       0.02165    0.10346     0.02047    0.10209
777       0.02165    0.10346     0.02047    0.10209
778       0.02165    0.10346     0.02047    0.10209
779       0.02165    0.10346     0.02047    0.10209
780       0.02165    0.10346     0.02047    0.10209
781       0.02165    0.10346     0.02047    0.10209
782       0.02165    0.10346     0.02047    0.10209
783       0.02165    0.10346     0.02047    0.10209
784       0.02165    0.10346     0.02047    0.10209
785       0.02165    0.10346     0.02047    0.10209
786       0.02165    0.10346     0.02047    0.10209
787       0.02165    0.10346     0.02047    0.10209
788       0.02165    0.10346     0.02047    0.10209
789       0.02165    0.10346     0.02047    0.10209
790       0.02165    0.10346     0.02047    0.10209
791       0.02165    0.10346     0.02047    0.10209
792       0.02165    0.10346     0.02047    0.10209
793       0.02165    0.10346     0.02047    0.10209
794       0.02165    0.10346     0.02047    0.10209
795       0.02165    0.10346     0.02047    0.10209
796       0.02165    0.10346     0.02047    0.10209
797       0.02165    0.10346     0.02047    0.10209
798       0.02165    0.10346     0.02047    0.10209
799       0.02165    0.10346     0.02047    0.10209
800       0.02165    0.10346     0.02047    0.10209
801       0.02165    0.10346     0.02047    0.10209
802       0.02165    0.10346     0.02047    0.10209
803       0.02165    0.10346     0.02047    0.10209
804       0.02165    0.10346     0.02047    0.10209
805       0.02165    0.10346     0.02047    0.10209
806       0.02165    0.10346     0.02047    0.10209
807       0.02165    0.10346     0.02047    0.10209
808       0.02165    0.10346     0.02047    0.10209
809       0.02165    0.10346     0.02047    0.10209
810       0.02165    0.10346     0.02047    0.10209
811       0.02165    0.10346     0.02047    0.10209
812       0.02165    0.10346     0.02047    0.10209
813       0.02165    0.10346     0.02047    0.10209
814       0.02165    0.10346     0.02047    0.10209
815       0.02165    0.10346     0.02047    0.10209
816       0.02165    0.10346     0.02047    0.10209
817       0.02165    0.10346     0.02047    0.10209
818       0.02165    0.10346     0.02047    0.10209
819       0.02165    0.10346     0.02047    0.10209
820       0.02165    0.10346     0.02047    0.10209
821       0.02165    0.10346     0.02047    0.10209
822       0.02165    0.10346     0.02047    0.10209
823       0.02165    0.10346     0.02047    0.10209
824       0.02165    0.10346     0.02047    0.10209
825       0.02165    0.10346     0.02047    0.10209
826       0.02165    0.10346     0.02047    0.10209
827       0.02165    0.10346     0.02047    0.10209
828       0.02165    0.10346     0.02047    0.10209
829       0.02165    0.10346     0.02047    0.10209
830       0.02165    0.10346     0.02047    0.10209
831       0.02165    0.10346     0.02047    0.10209
832       0.02165    0.10346     0.02047    0.10209
833       0.02165    0.10346     0.02047    0.10209
834       0.02165    0.10346     0.02047    0.10209
835       0.02165    0.10346     0.02047    0.10209
836       0.02165    0.10346     0.02047    0.10209
837       0.02165    0.10346     0.02047    0.10209
838       0.02165    0.10346     0.02047    0.10209
839       0.02165    0.10346     0.02047    0.10209
840       0.02165    0.10346     0.02047    0.10209
841       0.02165    0.10346     0.02047    0.10209
842       0.02165    0.10346     0.02047    0.10209
843       0.02165    0.10346     0.02047    0.10209
844       0.02165    0.10346     0.02047    0.10209
845       0.02165    0.10346     0.02047    0.10209
846       0.02165    0.10346     0.02047    0.10209
847       0.02165    0.10346     0.02047    0.10209
848       0.02165    0.10346     0.02047    0.10209
849       0.02165    0.10346     0.02047    0.10209
850       0.02165    0.10346     0.02047    0.10209
851       0.02165    0.10346     0.02047    0.10209
852       0.02165    0.10346     0.02047    0.10209
853       0.02165    0.10346     0.02047    0.10209
854       0.02165    0.10346     0.02047    0.10209
855       0.02165    0.10346     0.02047    0.10209
856       0.02165    0.10346     0.02047    0.10209
857       0.02165    0.10346     0.02047    0.10209
858       0.02165    0.10346     0.02047    0.10209
859       0.02165    0.10346     0.02047    0.10209
860       0.02165    0.10346     0.02047    0.10209
861       0.02165    0.10346     0.02047    0.10209
862       0.02165    0.10346     0.02047    0.10209
863       0.02165    0.10346     0.02047    0.10209
864       0.02165    0.10346     0.02047    0.10209
865       0.02165    0.10346     0.02047    0.10209
866       0.02165    0.10346     0.02047    0.10209
867       0.02165    0.10346     0.02047    0.10209
868       0.02165    0.10346     0.02047    0.10209
869       0.02165    0.10346     0.02047    0.10209
870       0.02165    0.10346     0.02047    0.10209
871       0.02165    0.10346     0.02047    0.10209
872       0.02165    0.10346     0.02047    0.10209
873       0.02165    0.10346     0.02047    0.10209
874       0.02165    0.10346     0.02047    0.10209
875       0.02165    0.10346     0.02047    0.10209
876       0.02165    0.10346     0.02047    0.10209
877       0.02165    0.10346     0.02047    0.10209
878       0.02165    0.10346     0.02047    0.10209
879       0.02165    0.10346     0.02047    0.10209
880       0.02165    0.10346     0.02047    0.10209
881       0.02165    0.10346     0.02047    0.10209
882       0.02165    0.10346     0.02047    0.10209
883       0.02165    0.10346     0.02047    0.10209
884       0.02165    0.10346     0.02047    0.10209
885       0.02165    0.10346     0.02047    0.10209
886       0.02165    0.10346     0.02047    0.10209
887       0.02165    0.10346     0.02047    0.10209
888       0.02165    0.10346     0.02047    0.10209
889       0.02165    0.10346     0.02047    0.10209
890       0.02165    0.10346     0.02047    0.10209
891       0.02165    0.10346     0.02047    0.10209
892       0.02165    0.10346     0.02047    0.10209
893       0.02165    0.10346     0.02047    0.10209
894       0.02165    0.10346     0.02047    0.10209
895       0.02165    0.10346     0.02047    0.10209
896       0.02165    0.10346     0.02047    0.10209
897       0.02165    0.10346     0.02047    0.10209
898       0.02165    0.10346     0.02047    0.10209
899       0.02165    0.10346     0.02047    0.10209
900       0.02165    0.10346     0.02047    0.10209
901       0.02165    0.10346     0.02047    0.10209
902       0.02165    0.10346     0.02047    0.10209
903       0.02165    0.10346     0.02047    0.10209
904       0.02165    0.10346     0.02047    0.10209
905       0.02165    0.10346     0.02047    0.10209
906       0.02165    0.10346     0.02047    0.10209
907       0.02165    0.10346     0.02047    0.10209
908       0.02165    0.10346     0.02047    0.10209
909       0.02165    0.10346     0.02047    0.10209
910       0.02165    0.10346     0.02047    0.10209
911       0.02165    0.10346     0.02047    0.10209
912       0.02165    0.10346     0.02047    0.10209
913       0.02165    0.10346     0.02047    0.10209
914       0.02165    0.10346     0.02047    0.10209
915       0.02165    0.10346     0.02047    0.10209
916       0.02165    0.10346     0.02047    0.10209
917       0.02165    0.10346     0.02047    0.10209
918       0.02165    0.10346     0.02047    0.10209
919       0.02165    0.10346     0.02047    0.10209
920       0.02165    0.10346     0.02047    0.10209
921       0.02165    0.10346     0.02047    0.10209
922       0.02165    0.10346     0.02047    0.10209
923       0.02165    0.10346     0.02047    0.10209
924       0.02165    0.10346     0.02047    0.10209
925       0.02165    0.10346     0.02047    0.10209
926       0.02165    0.10346     0.02047    0.10209
927       0.02165    0.10346     0.02047    0.10209
928       0.02165    0.10346     0.02047    0.10209
929       0.02165    0.10346     0.02047    0.10209
930       0.02165    0.10346     0.02047    0.10209
931       0.02165    0.10346     0.02047    0.10209
932       0.02165    0.10346     0.02047    0.10209
933       0.02165    0.10346     0.02047    0.10209
934       0.02165    0.10346     0.02047    0.10209
935       0.02165    0.10346     0.02047    0.10209
936       0.02165    0.10346     0.02047    0.10209
937       0.02165    0.10346     0.02047    0.10209
938       0.02165    0.10346     0.02047    0.10209
939       0.02165    0.10346     0.02047    0.10209
940       0.02165    0.10346     0.02047    0.10209
941       0.02165    0.10346     0.02047    0.10209
942       0.02165    0.10346     0.02047    0.10209
943       0.02165    0.10346     0.02047    0.10209
944       0.02165    0.10346     0.02047    0.10209
945       0.02165    0.10346     0.02047    0.10209
946       0.02165    0.10346     0.02047    0.10209
947       0.02165    0.10346     0.02047    0.10209
948       0.02165    0.10346     0.02047    0.10209
949       0.02165    0.10346     0.02047    0.10209
950       0.02165    0.10346     0.02047    0.10209
951       0.02165    0.10346     0.02047    0.10209
952       0.02165    0.10346     0.02047    0.10209
953       0.02165    0.10346     0.02047    0.10209
954       0.02165    0.10346     0.02047    0.10209
955       0.02165    0.10346     0.02047    0.10209
956       0.02165    0.10346     0.02047    0.10209
957       0.02165    0.10346     0.02047    0.10209
958       0.02165    0.10346     0.02047    0.10209
959       0.02165    0.10346     0.02047    0.10209
960       0.02165    0.10346     0.02047    0.10209
961       0.02165    0.10346     0.02047    0.10209
962       0.02165    0.10346     0.02047    0.10209
963       0.02165    0.10346     0.02047    0.10209
964       0.02165    0.10346     0.02047    0.10209
965       0.02165    0.10346     0.02047    0.10209
966       0.02165    0.10346     0.02047    0.10209
967       0.02165    0.10346     0.02047    0.10209
968       0.02165    0.10346     0.02047    0.10209
969       0.02165    0.10346     0.02047    0.10209
970       0.02165    0.10346     0.02047    0.10209
971       0.02165    0.10346     0.02047    0.10209
972       0.02165    0.10346     0.02047    0.10209
973       0.02165    0.10346     0.02047    0.10209
974       0.02165    0.10346     0.02047    0.10209
975       0.02165    0.10346     0.02047    0.10209
976       0.02165    0.10346     0.02047    0.10209
977       0.02165    0.10346     0.02047    0.10209
978       0.02165    0.10346     0.02047    0.10209
979       0.02165    0.10346     0.02047    0.10209
980       0.02165    0.10346     0.02047    0.10209
981       0.02165    0.10346     0.02047    0.10209
982       0.02165    0.10346     0.02047    0.10209
983       0.02165    0.10346     0.02047    0.10209
984       0.02165    0.10346     0.02047    0.10209
985       0.02165    0.10346     0.02047    0.10209
986       0.02165    0.10346     0.02047    0.10209
987       0.02165    0.10346     0.02047    0.10209
988       0.02165    0.10346     0.02047    0.10209
989       0.02165    0.10346     0.02047    0.10209
990       0.02165    0.10346     0.02047    0.10209
991       0.02165    0.10346     0.02047    0.10209
992       0.02165    0.10346     0.02047    0.10209
993       0.02165    0.10346     0.02047    0.10209
994       0.02165    0.10346     0.02047    0.10209
995       0.02165    0.10346     0.02047    0.10209
996       0.02165    0.10346     0.02047    0.10209
997       0.02165    0.10346     0.02047    0.10209
998       0.02165    0.10346     0.02047    0.10209
999       0.02165    0.10346     0.02047    0.10209
1000       0.02165    0.10346     0.02047    0.10209
1001       0.02165    0.10346     0.02047    0.10209
1002       0.02165    0.10346     0.02047    0.10209
1003       0.02165    0.10346     0.02047    0.10209
1004       0.02165    0.10346     0.02047    0.10209
1005       0.02165    0.10346     0.02047    0.10209
1006       0.02165    0.10346     0.02047    0.10209
1007       0.02165    0.10346     0.02047    0.10209
1008       0.02165    0.10346     0.02047    0.10209
1009       0.02165    0.10346     0.02047    0.10209
1010       0.02165    0.10346     0.02047    0.10209
1011       0.02165    0.10346     0.02047    0.10209
1012       0.02165    0.10346     0.02047    0.10209
1013       0.02165    0.10346     0.02047    0.10209
1014       0.02165    0.10346     0.02047    0.10209
1015       0.02165    0.10346     0.02047    0.10209
1016       0.02165    0.10346     0.02047    0.10209
1017       0.02165    0.10346     0.02047    0.10209
1018       0.02165    0.10346     0.02047    0.10209
1019       0.02165    0.10346     0.02047    0.10209
1020       0.02165    0.10346     0.02047    0.10209
1021       0.02165    0.10346     0.02047    0.10209
1022       0.02165    0.10346     0.02047    0.10209
1023       0.02165    0.10346     0.02047    0.10209
1024       0.02165    0.10346     0.02047    0.10209
1025       0.02165    0.10346     0.02047    0.10209
1026       0.02165    0.10346     0.02047    0.10209    0.02250    0.10343