Ciclo   TrainMSE   TrainMAE   ValidMSE   ValidMAE   TestMSE     TestMAE
----------------------------------------------------------------------- 
0       0.02535    0.11456     0.02470    0.11395
1       0.02306    0.10787     0.02186    0.10596
2       0.02283    0.10712     0.02151    0.10494
3       0.02274    0.10681     0.02139    0.10458
4       0.02267    0.10658     0.02132    0.10434
5       0.02262    0.10638     0.02126    0.10414
6       0.02257    0.10621     0.02120    0.10397
7       0.02252    0.10606     0.02116    0.10382
8       0.02248    0.10592     0.02111    0.10368
9       0.02244    0.10579     0.02107    0.10356
10       0.02240    0.10567     0.02103    0.10345
11       0.02237    0.10556     0.02100    0.10334
12       0.02234    0.10545     0.02096    0.10325
13       0.02230    0.10535     0.02093    0.10317
14       0.02227    0.10526     0.02090    0.10309
15       0.02224    0.10517     0.02087    0.10301
16       0.02221    0.10508     0.02084    0.10294
17       0.02218    0.10500     0.02081    0.10287
18       0.02216    0.10492     0.02078    0.10281
19       0.02213    0.10484     0.02076    0.10275
20       0.02211    0.10477     0.02073    0.10269
21       0.02208    0.10471     0.02071    0.10264
22       0.02206    0.10464     0.02068    0.10259
23       0.02203    0.10458     0.02066    0.10254
24       0.02201    0.10452     0.02064    0.10249
25       0.02199    0.10446     0.02062    0.10245
26       0.02197    0.10441     0.02060    0.10241
27       0.02195    0.10435     0.02058    0.10237
28       0.02193    0.10430     0.02056    0.10233
29       0.02191    0.10425     0.02054    0.10229
30       0.02189    0.10421     0.02052    0.10225
31       0.02187    0.10416     0.02051    0.10222
32       0.02186    0.10412     0.02049    0.10219
33       0.02184    0.10408     0.02048    0.10215
34       0.02182    0.10404     0.02046    0.10213
35       0.02181    0.10400     0.02045    0.10210
36       0.02179    0.10397     0.02043    0.10207
37       0.02178    0.10393     0.02042    0.10205
38       0.02176    0.10390     0.02041    0.10203
39       0.02175    0.10387     0.02039    0.10200
40       0.02174    0.10384     0.02038    0.10198
41       0.02172    0.10381     0.02037    0.10196
42       0.02171    0.10378     0.02036    0.10194
43       0.02170    0.10375     0.02035    0.10192
44       0.02169    0.10373     0.02034    0.10191
45       0.02168    0.10370     0.02033    0.10189
46       0.02167    0.10368     0.02032    0.10187
47       0.02166    0.10365     0.02031    0.10186
48       0.02165    0.10363     0.02030    0.10184
49       0.02164    0.10361     0.02029    0.10183
50       0.02163    0.10359     0.02028    0.10182
51       0.02162    0.10357     0.02028    0.10180
52       0.02161    0.10355     0.02027    0.10179
53       0.02160    0.10354     0.02026    0.10178
54       0.02159    0.10352     0.02025    0.10177
55       0.02158    0.10350     0.02025    0.10176
56       0.02158    0.10349     0.02024    0.10175
57       0.02157    0.10347     0.02023    0.10174
58       0.02156    0.10346     0.02023    0.10174
59       0.02156    0.10345     0.02022    0.10173
60       0.02155    0.10343     0.02022    0.10172
61       0.02154    0.10342     0.02021    0.10171
62       0.02154    0.10341     0.02021    0.10171
63       0.02153    0.10340     0.02020    0.10170
64       0.02152    0.10339     0.02020    0.10169
65       0.02152    0.10338     0.02019    0.10169
66       0.02151    0.10337     0.02019    0.10168
67       0.02151    0.10336     0.02018    0.10168
68       0.02150    0.10335     0.02018    0.10167
69       0.02150    0.10334     0.02018    0.10167
70       0.02149    0.10333     0.02017    0.10167
71       0.02149    0.10333     0.02017    0.10166
72       0.02148    0.10332     0.02017    0.10166
73       0.02148    0.10331     0.02016    0.10165
74       0.02147    0.10330     0.02016    0.10165
75       0.02147    0.10330     0.02016    0.10165
76       0.02147    0.10329     0.02016    0.10164
77       0.02146    0.10329     0.02015    0.10164
78       0.02146    0.10328     0.02015    0.10164
79       0.02145    0.10328     0.02015    0.10164
80       0.02145    0.10328     0.02015    0.10164
81       0.02145    0.10327     0.02014    0.10164
82       0.02144    0.10327     0.02014    0.10163
83       0.02144    0.10326     0.02014    0.10163
84       0.02144    0.10326     0.02014    0.10163
85       0.02144    0.10326     0.02014    0.10163
86       0.02143    0.10325     0.02013    0.10163
87       0.02143    0.10325     0.02013    0.10163
88       0.02143    0.10325     0.02013    0.10163
89       0.02142    0.10325     0.02013    0.10163
90       0.02142    0.10324     0.02013    0.10163
91       0.02142    0.10324     0.02013    0.10163
92       0.02142    0.10324     0.02013    0.10163
93       0.02142    0.10324     0.02012    0.10163
94       0.02141    0.10323     0.02012    0.10163
95       0.02141    0.10323     0.02012    0.10163
96       0.02141    0.10323     0.02012    0.10163
97       0.02141    0.10323     0.02012    0.10163
98       0.02141    0.10323     0.02012    0.10163
99       0.02140    0.10323     0.02012    0.10163
100       0.02140    0.10322     0.02012    0.10163
101       0.02140    0.10322     0.02012    0.10163
102       0.02140    0.10322     0.02012    0.10163
103       0.02140    0.10322     0.02012    0.10163
104       0.02139    0.10322     0.02011    0.10163
105       0.02139    0.10322     0.02011    0.10163
106       0.02139    0.10322     0.02011    0.10163
107       0.02139    0.10322     0.02011    0.10164
108       0.02139    0.10322     0.02011    0.10164
109       0.02139    0.10321     0.02011    0.10164
110       0.02139    0.10321     0.02011    0.10164
111       0.02139    0.10321     0.02011    0.10164
112       0.02138    0.10321     0.02011    0.10164
113       0.02138    0.10321     0.02011    0.10164
114       0.02138    0.10321     0.02011    0.10165
115       0.02138    0.10321     0.02011    0.10165
116       0.02138    0.10321     0.02011    0.10165
117       0.02138    0.10321     0.02011    0.10165
118       0.02138    0.10321     0.02011    0.10165
119       0.02138    0.10321     0.02011    0.10165
120       0.02138    0.10321     0.02011    0.10165
121       0.02138    0.10321     0.02011    0.10166
122       0.02137    0.10321     0.02011    0.10166
123       0.02137    0.10321     0.02011    0.10166
124       0.02137    0.10321     0.02011    0.10166
125       0.02137    0.10321     0.02011    0.10166
126       0.02137    0.10321     0.02011    0.10166
127       0.02137    0.10321     0.02011    0.10167
128       0.02137    0.10322     0.02011    0.10167
129       0.02137    0.10322     0.02011    0.10167
130       0.02137    0.10322     0.02011    0.10167
131       0.02137    0.10322     0.02011    0.10167
132       0.02137    0.10322     0.02011    0.10167
133       0.02137    0.10322     0.02011    0.10168
134       0.02137    0.10322     0.02011    0.10168
135       0.02137    0.10322     0.02011    0.10168
136       0.02136    0.10322     0.02011    0.10168
137       0.02136    0.10322     0.02011    0.10168
138       0.02136    0.10322     0.02011    0.10168
139       0.02136    0.10322     0.02011    0.10168
140       0.02136    0.10322     0.02011    0.10169
141       0.02136    0.10322     0.02011    0.10169
142       0.02136    0.10322     0.02011    0.10169
143       0.02136    0.10323     0.02011    0.10169
144       0.02136    0.10323     0.02011    0.10169
145       0.02136    0.10323     0.02011    0.10169
146       0.02136    0.10323     0.02011    0.10170
147       0.02136    0.10323     0.02011    0.10170
148       0.02136    0.10323     0.02011    0.10170
149       0.02136    0.10323     0.02011    0.10170
150       0.02136    0.10323     0.02011    0.10170
151       0.02136    0.10323     0.02011    0.10170
152       0.02136    0.10323     0.02011    0.10171
153       0.02136    0.10323     0.02011    0.10171
154       0.02136    0.10323     0.02011    0.10171
155       0.02136    0.10324     0.02011    0.10171
156       0.02136    0.10324     0.02012    0.10171
157       0.02136    0.10324     0.02012    0.10171
158       0.02136    0.10324     0.02012    0.10172
159       0.02136    0.10324     0.02012    0.10172
160       0.02136    0.10324     0.02012    0.10172
161       0.02136    0.10324     0.02012    0.10172
162       0.02136    0.10324     0.02012    0.10172
163       0.02136    0.10324     0.02012    0.10172
164       0.02136    0.10324     0.02012    0.10173
165       0.02136    0.10324     0.02012    0.10173
166       0.02136    0.10324     0.02012    0.10173
167       0.02135    0.10325     0.02012    0.10173
168       0.02135    0.10325     0.02012    0.10173
169       0.02135    0.10325     0.02012    0.10173
170       0.02135    0.10325     0.02012    0.10174
171       0.02135    0.10325     0.02012    0.10174
172       0.02135    0.10325     0.02012    0.10174
173       0.02135    0.10325     0.02012    0.10174
174       0.02135    0.10325     0.02012    0.10174
175       0.02135    0.10325     0.02012    0.10174
176       0.02135    0.10325     0.02012    0.10174
177       0.02135    0.10325     0.02012    0.10175
178       0.02135    0.10326     0.02012    0.10175
179       0.02135    0.10326     0.02012    0.10175
180       0.02135    0.10326     0.02012    0.10175
181       0.02135    0.10326     0.02012    0.10175
182       0.02135    0.10326     0.02012    0.10175
183       0.02135    0.10326     0.02012    0.10175
184       0.02135    0.10326     0.02012    0.10176
185       0.02135    0.10326     0.02012    0.10176
186       0.02135    0.10326     0.02012    0.10176
187       0.02135    0.10326     0.02012    0.10176
188       0.02135    0.10326     0.02012    0.10176
189       0.02135    0.10326     0.02012    0.10176
190       0.02135    0.10326     0.02012    0.10176
191       0.02135    0.10327     0.02012    0.10177
192       0.02135    0.10327     0.02012    0.10177
193       0.02135    0.10327     0.02013    0.10177
194       0.02135    0.10327     0.02013    0.10177
195       0.02135    0.10327     0.02013    0.10177
196       0.02135    0.10327     0.02013    0.10177
197       0.02135    0.10327     0.02013    0.10177
198       0.02135    0.10327     0.02013    0.10177
199       0.02135    0.10327     0.02013    0.10178
200       0.02135    0.10327     0.02013    0.10178
201       0.02135    0.10327     0.02013    0.10178
202       0.02135    0.10327     0.02013    0.10178
203       0.02135    0.10327     0.02013    0.10178
204       0.02135    0.10328     0.02013    0.10178
205       0.02135    0.10328     0.02013    0.10178
206       0.02135    0.10328     0.02013    0.10178
207       0.02135    0.10328     0.02013    0.10178
208       0.02135    0.10328     0.02013    0.10179
209       0.02135    0.10328     0.02013    0.10179
210       0.02135    0.10328     0.02013    0.10179
211       0.02135    0.10328     0.02013    0.10179
212       0.02135    0.10328     0.02013    0.10179
213       0.02135    0.10328     0.02013    0.10179
214       0.02135    0.10328     0.02013    0.10179
215       0.02135    0.10328     0.02013    0.10179
216       0.02135    0.10328     0.02013    0.10179
217       0.02135    0.10328     0.02013    0.10180
218       0.02135    0.10329     0.02013    0.10180
219       0.02135    0.10329     0.02013    0.10180
220       0.02135    0.10329     0.02013    0.10180
221       0.02135    0.10329     0.02013    0.10180
222       0.02135    0.10329     0.02013    0.10180
223       0.02135    0.10329     0.02013    0.10180
224       0.02135    0.10329     0.02013    0.10180
225       0.02135    0.10329     0.02013    0.10180
226       0.02135    0.10329     0.02013    0.10180
227       0.02135    0.10329     0.02013    0.10181
228       0.02135    0.10329     0.02013    0.10181
229       0.02135    0.10329     0.02013    0.10181
230       0.02135    0.10329     0.02013    0.10181
231       0.02135    0.10329     0.02013    0.10181
232       0.02135    0.10329     0.02013    0.10181
233       0.02135    0.10329     0.02013    0.10181
234       0.02135    0.10329     0.02013    0.10181
235       0.02135    0.10330     0.02013    0.10181
236       0.02135    0.10330     0.02013    0.10181
237       0.02135    0.10330     0.02013    0.10181
238       0.02135    0.10330     0.02013    0.10182
239       0.02135    0.10330     0.02014    0.10182
240       0.02135    0.10330     0.02014    0.10182
241       0.02135    0.10330     0.02014    0.10182
242       0.02135    0.10330     0.02014    0.10182
243       0.02135    0.10330     0.02014    0.10182
244       0.02135    0.10330     0.02014    0.10182
245       0.02135    0.10330     0.02014    0.10182
246       0.02135    0.10330     0.02014    0.10182
247       0.02135    0.10330     0.02014    0.10182
248       0.02135    0.10330     0.02014    0.10182
249       0.02135    0.10330     0.02014    0.10182
250       0.02135    0.10330     0.02014    0.10182
251       0.02135    0.10330     0.02014    0.10182
252       0.02135    0.10330     0.02014    0.10183
253       0.02135    0.10330     0.02014    0.10183
254       0.02135    0.10331     0.02014    0.10183
255       0.02135    0.10331     0.02014    0.10183
256       0.02135    0.10331     0.02014    0.10183
257       0.02135    0.10331     0.02014    0.10183
258       0.02135    0.10331     0.02014    0.10183
259       0.02135    0.10331     0.02014    0.10183
260       0.02135    0.10331     0.02014    0.10183
261       0.02135    0.10331     0.02014    0.10183
262       0.02135    0.10331     0.02014    0.10183
263       0.02135    0.10331     0.02014    0.10183
264       0.02135    0.10331     0.02014    0.10183
265       0.02135    0.10331     0.02014    0.10183
266       0.02135    0.10331     0.02014    0.10183
267       0.02135    0.10331     0.02014    0.10184
268       0.02135    0.10331     0.02014    0.10184
269       0.02135    0.10331     0.02014    0.10184
270       0.02135    0.10331     0.02014    0.10184
271       0.02135    0.10331     0.02014    0.10184
272       0.02135    0.10331     0.02014    0.10184
273       0.02135    0.10331     0.02014    0.10184
274       0.02135    0.10331     0.02014    0.10184
275       0.02135    0.10331     0.02014    0.10184
276       0.02135    0.10331     0.02014    0.10184
277       0.02135    0.10331     0.02014    0.10184
278       0.02135    0.10332     0.02014    0.10184
279       0.02135    0.10332     0.02014    0.10184
280       0.02135    0.10332     0.02014    0.10184
281       0.02135    0.10332     0.02014    0.10184
282       0.02135    0.10332     0.02014    0.10184
283       0.02135    0.10332     0.02014    0.10184
284       0.02135    0.10332     0.02014    0.10184
285       0.02135    0.10332     0.02014    0.10184
286       0.02135    0.10332     0.02014    0.10184
287       0.02135    0.10332     0.02014    0.10185
288       0.02135    0.10332     0.02014    0.10185
289       0.02135    0.10332     0.02014    0.10185
290       0.02135    0.10332     0.02014    0.10185
291       0.02135    0.10332     0.02014    0.10185
292       0.02135    0.10332     0.02014    0.10185
293       0.02135    0.10332     0.02014    0.10185
294       0.02135    0.10332     0.02014    0.10185
295       0.02135    0.10332     0.02014    0.10185
296       0.02135    0.10332     0.02014    0.10185
297       0.02135    0.10332     0.02014    0.10185
298       0.02135    0.10332     0.02014    0.10185
299       0.02135    0.10332     0.02014    0.10185
300       0.02135    0.10332     0.02014    0.10185
301       0.02135    0.10332     0.02014    0.10185
302       0.02135    0.10332     0.02014    0.10185
303       0.02135    0.10332     0.02014    0.10185
304       0.02135    0.10332     0.02014    0.10185
305       0.02135    0.10332     0.02014    0.10185
306       0.02135    0.10332     0.02014    0.10185
307       0.02135    0.10332     0.02014    0.10185
308       0.02135    0.10333     0.02014    0.10185
309       0.02135    0.10333     0.02014    0.10185
310       0.02135    0.10333     0.02014    0.10185
311       0.02135    0.10333     0.02014    0.10185
312       0.02135    0.10333     0.02014    0.10186
313       0.02135    0.10333     0.02014    0.10186
314       0.02135    0.10333     0.02014    0.10186
315       0.02135    0.10333     0.02014    0.10186
316       0.02135    0.10333     0.02014    0.10186
317       0.02135    0.10333     0.02014    0.10186
318       0.02135    0.10333     0.02014    0.10186
319       0.02135    0.10333     0.02014    0.10186
320       0.02135    0.10333     0.02014    0.10186
321       0.02135    0.10333     0.02015    0.10186
322       0.02135    0.10333     0.02015    0.10186
323       0.02135    0.10333     0.02015    0.10186
324       0.02135    0.10333     0.02015    0.10186
325       0.02135    0.10333     0.02015    0.10186
326       0.02135    0.10333     0.02015    0.10186
327       0.02135    0.10333     0.02015    0.10186
328       0.02135    0.10333     0.02015    0.10186
329       0.02135    0.10333     0.02015    0.10186
330       0.02135    0.10333     0.02015    0.10186
331       0.02135    0.10333     0.02015    0.10186
332       0.02135    0.10333     0.02015    0.10186
333       0.02135    0.10333     0.02015    0.10186
334       0.02135    0.10333     0.02015    0.10186
335       0.02135    0.10333     0.02015    0.10186
336       0.02135    0.10333     0.02015    0.10186
337       0.02135    0.10333     0.02015    0.10186
338       0.02135    0.10333     0.02015    0.10186
339       0.02135    0.10333     0.02015    0.10186
340       0.02135    0.10333     0.02015    0.10186
341       0.02135    0.10333     0.02015    0.10186
342       0.02135    0.10333     0.02015    0.10186
343       0.02135    0.10333     0.02015    0.10186
344       0.02135    0.10333     0.02015    0.10186
345       0.02135    0.10333     0.02015    0.10187
346       0.02135    0.10333     0.02015    0.10187
347       0.02135    0.10333     0.02015    0.10187
348       0.02135    0.10333     0.02015    0.10187
349       0.02135    0.10333     0.02015    0.10187
350       0.02135    0.10334     0.02015    0.10187
351       0.02135    0.10334     0.02015    0.10187
352       0.02135    0.10334     0.02015    0.10187
353       0.02135    0.10334     0.02015    0.10187
354       0.02135    0.10334     0.02015    0.10187
355       0.02135    0.10334     0.02015    0.10187
356       0.02135    0.10334     0.02015    0.10187
357       0.02135    0.10334     0.02015    0.10187
358       0.02135    0.10334     0.02015    0.10187
359       0.02135    0.10334     0.02015    0.10187
360       0.02135    0.10334     0.02015    0.10187
361       0.02135    0.10334     0.02015    0.10187
362       0.02135    0.10334     0.02015    0.10187
363       0.02135    0.10334     0.02015    0.10187
364       0.02135    0.10334     0.02015    0.10187
365       0.02135    0.10334     0.02015    0.10187
366       0.02135    0.10334     0.02015    0.10187
367       0.02135    0.10334     0.02015    0.10187
368       0.02135    0.10334     0.02015    0.10187
369       0.02135    0.10334     0.02015    0.10187
370       0.02135    0.10334     0.02015    0.10187
371       0.02135    0.10334     0.02015    0.10187
372       0.02135    0.10334     0.02015    0.10187
373       0.02135    0.10334     0.02015    0.10187
374       0.02135    0.10334     0.02015    0.10187
375       0.02135    0.10334     0.02015    0.10187
376       0.02135    0.10334     0.02015    0.10187
377       0.02135    0.10334     0.02015    0.10187
378       0.02135    0.10334     0.02015    0.10187
379       0.02135    0.10334     0.02015    0.10187
380       0.02135    0.10334     0.02015    0.10187
381       0.02135    0.10334     0.02015    0.10187
382       0.02135    0.10334     0.02015    0.10187
383       0.02135    0.10334     0.02015    0.10187
384       0.02135    0.10334     0.02015    0.10187
385       0.02135    0.10334     0.02015    0.10187
386       0.02135    0.10334     0.02015    0.10187
387       0.02135    0.10334     0.02015    0.10187
388       0.02135    0.10334     0.02015    0.10187
389       0.02135    0.10334     0.02015    0.10187
390       0.02135    0.10334     0.02015    0.10187
391       0.02135    0.10334     0.02015    0.10188
392       0.02135    0.10334     0.02015    0.10188
393       0.02135    0.10334     0.02015    0.10188
394       0.02135    0.10334     0.02015    0.10188
395       0.02135    0.10334     0.02015    0.10188
396       0.02135    0.10334     0.02015    0.10188
397       0.02135    0.10334     0.02015    0.10188
398       0.02135    0.10334     0.02015    0.10188
399       0.02135    0.10334     0.02015    0.10188
400       0.02135    0.10334     0.02015    0.10188
401       0.02135    0.10334     0.02015    0.10188
402       0.02135    0.10334     0.02015    0.10188
403       0.02135    0.10334     0.02015    0.10188
404       0.02135    0.10334     0.02015    0.10188
405       0.02135    0.10334     0.02015    0.10188
406       0.02135    0.10334     0.02015    0.10188
407       0.02135    0.10334     0.02015    0.10188
408       0.02135    0.10334     0.02015    0.10188
409       0.02135    0.10334     0.02015    0.10188
410       0.02135    0.10335     0.02015    0.10188
411       0.02135    0.10335     0.02015    0.10188
412       0.02135    0.10335     0.02015    0.10188
413       0.02135    0.10335     0.02015    0.10188
414       0.02135    0.10335     0.02015    0.10188
415       0.02135    0.10335     0.02015    0.10188
416       0.02135    0.10335     0.02015    0.10188
417       0.02135    0.10335     0.02015    0.10188
418       0.02135    0.10335     0.02015    0.10188
419       0.02135    0.10335     0.02015    0.10188
420       0.02135    0.10335     0.02015    0.10188
421       0.02135    0.10335     0.02015    0.10188
422       0.02135    0.10335     0.02015    0.10188
423       0.02135    0.10335     0.02015    0.10188
424       0.02135    0.10335     0.02015    0.10188
425       0.02135    0.10335     0.02015    0.10188
426       0.02135    0.10335     0.02015    0.10188
427       0.02135    0.10335     0.02015    0.10188
428       0.02135    0.10335     0.02015    0.10188
429       0.02135    0.10335     0.02015    0.10188
430       0.02135    0.10335     0.02015    0.10188
431       0.02135    0.10335     0.02015    0.10188
432       0.02135    0.10335     0.02015    0.10188
433       0.02135    0.10335     0.02015    0.10188
434       0.02135    0.10335     0.02015    0.10188
435       0.02135    0.10335     0.02015    0.10188
436       0.02135    0.10335     0.02015    0.10188
437       0.02135    0.10335     0.02015    0.10188
438       0.02135    0.10335     0.02015    0.10188
439       0.02135    0.10335     0.02015    0.10188
440       0.02135    0.10335     0.02015    0.10188
441       0.02135    0.10335     0.02015    0.10188
442       0.02135    0.10335     0.02015    0.10188
443       0.02135    0.10335     0.02015    0.10188
444       0.02135    0.10335     0.02015    0.10188
445       0.02135    0.10335     0.02015    0.10188
446       0.02135    0.10335     0.02015    0.10188
447       0.02135    0.10335     0.02015    0.10188
448       0.02135    0.10335     0.02015    0.10188
449       0.02135    0.10335     0.02015    0.10188
450       0.02135    0.10335     0.02015    0.10188
451       0.02135    0.10335     0.02015    0.10188
452       0.02135    0.10335     0.02015    0.10188
453       0.02135    0.10335     0.02015    0.10188
454       0.02135    0.10335     0.02015    0.10188
455       0.02135    0.10335     0.02015    0.10188
456       0.02135    0.10335     0.02015    0.10188
457       0.02135    0.10335     0.02015    0.10188
458       0.02135    0.10335     0.02015    0.10188
459       0.02135    0.10335     0.02015    0.10188
460       0.02135    0.10335     0.02015    0.10188
461       0.02135    0.10335     0.02015    0.10188
462       0.02135    0.10335     0.02015    0.10188
463       0.02135    0.10335     0.02015    0.10188
464       0.02135    0.10335     0.02015    0.10188
465       0.02135    0.10335     0.02015    0.10189
466       0.02135    0.10335     0.02015    0.10189
467       0.02135    0.10335     0.02015    0.10189
468       0.02135    0.10335     0.02015    0.10189
469       0.02135    0.10335     0.02015    0.10189
470       0.02135    0.10335     0.02015    0.10189
471       0.02135    0.10335     0.02015    0.10189
472       0.02135    0.10335     0.02015    0.10189
473       0.02135    0.10335     0.02015    0.10189
474       0.02135    0.10335     0.02015    0.10189
475       0.02135    0.10335     0.02015    0.10189
476       0.02135    0.10335     0.02015    0.10189
477       0.02135    0.10335     0.02015    0.10189
478       0.02135    0.10335     0.02015    0.10189
479       0.02135    0.10335     0.02015    0.10189
480       0.02135    0.10335     0.02015    0.10189
481       0.02135    0.10335     0.02015    0.10189
482       0.02135    0.10335     0.02015    0.10189
483       0.02135    0.10335     0.02015    0.10189
484       0.02135    0.10335     0.02015    0.10189
485       0.02135    0.10335     0.02015    0.10189
486       0.02135    0.10335     0.02015    0.10189
487       0.02135    0.10335     0.02015    0.10189
488       0.02135    0.10335     0.02015    0.10189
489       0.02135    0.10335     0.02015    0.10189
490       0.02135    0.10335     0.02015    0.10189
491       0.02135    0.10335     0.02015    0.10189
492       0.02135    0.10335     0.02015    0.10189
493       0.02135    0.10335     0.02015    0.10189
494       0.02135    0.10335     0.02015    0.10189
495       0.02135    0.10335     0.02015    0.10189
496       0.02135    0.10335     0.02015    0.10189
497       0.02135    0.10335     0.02015    0.10189
498       0.02135    0.10335     0.02015    0.10189
499       0.02135    0.10335     0.02015    0.10189
500       0.02135    0.10335     0.02015    0.10189
501       0.02135    0.10335     0.02015    0.10189
502       0.02135    0.10335     0.02015    0.10189
503       0.02135    0.10335     0.02015    0.10189
504       0.02135    0.10335     0.02015    0.10189
505       0.02135    0.10335     0.02015    0.10189
506       0.02135    0.10335     0.02015    0.10189
507       0.02135    0.10335     0.02015    0.10189
508       0.02135    0.10336     0.02015    0.10189
509       0.02135    0.10336     0.02015    0.10189
510       0.02135    0.10336     0.02015    0.10189
511       0.02135    0.10336     0.02015    0.10189
512       0.02135    0.10336     0.02015    0.10189
513       0.02135    0.10336     0.02015    0.10189
514       0.02135    0.10336     0.02015    0.10189
515       0.02135    0.10336     0.02015    0.10189
516       0.02135    0.10336     0.02015    0.10189
517       0.02135    0.10336     0.02015    0.10189
518       0.02135    0.10336     0.02015    0.10189
519       0.02135    0.10336     0.02015    0.10189
520       0.02135    0.10336     0.02015    0.10189
521       0.02135    0.10336     0.02015    0.10189
522       0.02135    0.10336     0.02015    0.10189
523       0.02135    0.10336     0.02015    0.10189
524       0.02135    0.10336     0.02015    0.10189
525       0.02135    0.10336     0.02015    0.10189
526       0.02135    0.10336     0.02015    0.10189
527       0.02135    0.10336     0.02015    0.10189
528       0.02135    0.10336     0.02015    0.10189
529       0.02135    0.10336     0.02015    0.10189
530       0.02135    0.10336     0.02015    0.10189
531       0.02135    0.10336     0.02015    0.10189
532       0.02135    0.10336     0.02015    0.10189
533       0.02135    0.10336     0.02015    0.10189
534       0.02135    0.10336     0.02015    0.10189
535       0.02135    0.10336     0.02015    0.10189
536       0.02135    0.10336     0.02015    0.10189
537       0.02135    0.10336     0.02015    0.10189
538       0.02135    0.10336     0.02015    0.10189
539       0.02135    0.10336     0.02015    0.10189    0.02220    0.10319